800.532337	0.055683	0.026120	0.002732
801.110243	0.057098	0.025023	0.002680
801.592780	0.056595	0.024950	0.002580
802.087281	0.058124	0.025039	0.002611
802.557632	0.056732	0.025090	0.002570
803.047425	0.056171	0.024666	0.002664
803.537940	0.058628	0.024858	0.002532
804.009847	0.057107	0.024386	0.002651
804.523462	0.057199	0.023610	0.002667
805.014126	0.057251	0.023439	0.002673
805.518121	0.058565	0.024043	0.002646
805.988683	0.058620	0.023362	0.002605
806.487066	0.056091	0.023460	0.002615
806.990142	0.058272	0.023694	0.002630
807.505711	0.057272	0.023781	0.002597
807.997084	0.058730	0.023124	0.002586
808.470476	0.056942	0.022627	0.002636
808.973700	0.057345	0.023466	0.002608
809.464137	0.057039	0.023004	0.002677
809.956590	0.055908	0.022783	0.002594
810.455168	0.058064	0.023048	0.002624
810.919583	0.058015	0.021989	0.002548
811.403937	0.055993	0.022375	0.002628
811.848167	0.057409	0.022465	0.002606
812.339551	0.057052	0.022626	0.002609
812.849826	0.056941	0.022680	0.002647
813.330411	0.057419	0.022239	0.002542
813.819978	0.057380	0.022054	0.002599
814.289540	0.057533	0.021659	0.002641
814.806445	0.056650	0.022800	0.002647
815.305881	0.056870	0.021710	0.002524
815.773895	0.058627	0.021806	0.002622
816.269606	0.056729	0.022451	0.002557
816.823044	0.056804	0.021885	0.002587
817.423627	0.056442	0.022175	0.002699
817.998836	0.057139	0.021831	0.002606
818.475198	0.057599	0.021926	0.002675
818.982308	0.057049	0.021915	0.002567
819.515733	0.056932	0.021985	0.002685
819.994476	0.057613	0.022061	0.002629
820.561137	0.056706	0.022054	0.002595
821.142208	0.057671	0.022194	0.002683
821.714770	0.056229	0.022196	0.002644
822.245441	0.057987	0.022301	0.002606
822.756956	0.056333	0.022413	0.002738
823.327099	0.057146	0.022328	0.002566
823.875284	0.056577	0.022388	0.002626
824.442097	0.057446	0.022453	0.002662
825.001991	0.056417	0.023339	0.002585
825.548514	0.057264	0.022552	0.002574
826.045657	0.056413	0.023277	0.002682
826.524368	0.057638	0.023113	0.002723
827.050320	0.057880	0.023041	0.002614
827.593875	0.056828	0.023285	0.002594
828.127840	0.057240	0.023592	0.002691
828.657327	0.058074	0.023870	0.002656
829.192762	0.057070	0.024489	0.002664
829.734820	0.058598	0.024293	0.002613
830.280726	0.056710	0.024629	0.002578
830.836791	0.056998	0.025565	0.002554
831.413997	0.058074	0.026113	0.002668
831.957778	0.057448	0.027203	0.002587
832.421061	0.058450	0.028809	0.002697
832.899737	0.057177	0.029878	0.002561
833.397590	0.056517	0.031713	0.002664
833.927791	0.057308	0.033762	0.002669
834.487026	0.057842	0.036656	0.002595
835.015910	0.058683	0.039763	0.002678
835.575278	0.056738	0.042827	0.002689
836.061969	0.057399	0.045277	0.002587
836.603151	0.056788	0.048181	0.002561
837.138762	0.056876	0.051026	0.002639
837.679978	0.055714	0.053541	0.002646
838.223173	0.055740	0.053389	0.002631
838.788473	0.056958	0.053111	0.002652
839.273515	0.056208	0.050556	0.002725
839.761382	0.055711	0.046659	0.002606
840.306811	0.057463	0.040812	0.002663
840.842579	0.056511	0.034013	0.002693
841.402119	0.056868	0.026562	0.002582
841.952101	0.056256	0.019120	0.002714
842.452413	0.057541	0.014429	0.002658
842.945971	0.056860	0.015687	0.002592
843.488372	0.056846	0.019946	0.002593
844.056882	0.058580	0.024506	0.002651
844.647806	0.057549	0.027892	0.002618
845.200632	0.056578	0.030658	0.002684
845.678494	0.057205	0.031420	0.002526
846.197160	0.058522	0.031539	0.002750
846.682547	0.056286	0.031501	0.002674
847.228910	0.056015	0.030781	0.002563
847.809299	0.055937	0.030305	0.002599
848.288069	0.056574	0.029195	0.002576
848.764911	0.057936	0.027986	0.002522
849.236150	0.056129	0.027313	0.002564
849.699362	0.056814	0.026337	0.002624
850.166583	0.056495	0.025069	0.002592
850.655744	0.056308	0.024655	0.002685
851.129282	0.057572	0.023503	0.002632
851.617116	0.057259	0.022825	0.002527
852.121055	0.056621	0.022270	0.002646
852.615944	0.056358	0.021368	0.002601
853.100888	0.057755	0.020837	0.002548
853.624046	0.057222	0.020539	0.002697
854.152581	0.056274	0.019985	0.002659
854.630323	0.057269	0.019730	0.002697
855.137661	0.057357	0.019407	0.002583
855.628480	0.057403	0.018769	0.002650
856.113650	0.056004	0.018374	0.002736
856.622918	0.056797	0.018027	0.002652
857.140822	0.057322	0.017973	0.002728
857.661098	0.057811	0.017543	0.002652
858.193242	0.055242	0.017239	0.002617
858.726941	0.057630	0.016985	0.002705
859.241785	0.058009	0.016994	0.002639
859.775473	0.058068	0.016392	0.002556
860.248630	0.056020	0.016471	0.002731
860.757891	0.058045	0.016784	0.002676
861.251750	0.058278	0.016431	0.002613
861.705830	0.057471	0.016312	0.002670
862.202663	0.057967	0.016597	0.002595
862.677469	0.058728	0.016280	0.002569
863.197788	0.056916	0.016319	0.002632
863.701380	0.056849	0.016193	0.002594
864.188088	0.056367	0.015939	0.002633
864.696328	0.057771	0.016412	0.002646
865.195482	0.057122	0.015990	0.002659
865.692117	0.056864	0.016279	0.002663
866.194972	0.056265	0.016147	0.002601
866.705529	0.057974	0.015807	0.002584
867.198651	0.056880	0.016030	0.002572
867.714636	0.059666	0.015953	0.002676
868.225965	0.057024	0.016297	0.002552
868.741002	0.057667	0.016348	0.002577
869.218198	0.057480	0.016398	0.002529
869.734041	0.057705	0.016326	0.002647
870.250392	0.058030	0.016476	0.002750
870.734885	0.058984	0.016285	0.002672
871.221186	0.058752	0.016277	0.002538
871.669416	0.056740	0.016396	0.002618
872.122454	0.056342	0.016505	0.002643
872.548294	0.057393	0.016518	0.002618
873.008959	0.057518	0.016728	0.002550
873.462954	0.057521	0.016838	0.002627
874.119693	0.057897	0.016842	0.002550
874.567023	0.057069	0.017126	0.002692
875.042160	0.057642	0.016987	0.002553
875.494483	0.052520	0.017220	0.002628
875.944212	0.058147	0.017018	0.002536
876.430979	0.056819	0.017160	0.002707
876.899211	0.057568	0.017705	0.002625
877.367222	0.057716	0.017069	0.002632
877.838900	0.057481	0.017371	0.002641
878.303110	0.057998	0.017932	0.002607
878.795439	0.058493	0.017440	0.002659
879.267443	0.057273	0.017946	0.002620
879.790601	0.058040	0.018261	0.002588
880.253827	0.057987	0.017872	0.002591
880.722423	0.057117	0.017957	0.002625
881.209593	0.057944	0.017791	0.002556
881.681167	0.056910	0.018397	0.002609
882.193143	0.058047	0.018626	0.002672
882.660834	0.057833	0.018285	0.002628
883.146667	0.057939	0.018978	0.002708
883.629922	0.057738	0.018367	0.002613
884.131145	0.057565	0.017985	0.002637
884.631601	0.057148	0.018501	0.002702
885.127934	0.058171	0.018842	0.002659
885.668446	0.059518	0.018509	0.002613
886.204750	0.061316	0.018721	0.002571
886.679862	0.059264	0.018737	0.002640
887.152706	0.058672	0.019382	0.002618
887.608134	0.058509	0.019131	0.002627
888.086297	0.058093	0.019318	0.002692
888.587496	0.059037	0.019450	0.002666
889.046553	0.056873	0.019090	0.002681
889.518107	0.059466	0.019258	0.002632
889.966232	0.057849	0.019465	0.002564
890.398431	0.058364	0.019678	0.002633
890.849626	0.058752	0.019586	0.002602
891.310890	0.058699	0.019764	0.002677
891.776648	0.058691	0.019797	0.002596
892.259382	0.057512	0.019726	0.002679
892.742838	0.058350	0.020022	0.002638
893.206724	0.058779	0.019863	0.002617
893.665874	0.057671	0.019984	0.002642
894.115134	0.058371	0.020063	0.002622
894.571656	0.059165	0.020092	0.002681
895.051389	0.057793	0.020152	0.002620
895.513495	0.056532	0.020641	0.002653
895.965093	0.058082	0.020800	0.002620
896.449315	0.058964	0.021118	0.002564
896.887853	0.056948	0.020936	0.002724
897.376651	0.057469	0.022052	0.002633
897.872594	0.060771	0.022797	0.002656
898.355702	0.057992	0.023297	0.002683
898.799407	0.059238	0.023783	0.002643
899.272110	0.056733	0.024798	0.002616
899.774571	0.060035	0.025826	0.002685
900.296515	0.057231	0.026602	0.002620
900.766418	0.058736	0.027598	0.002712
901.277744	0.057824	0.027405	0.002617
901.787908	0.058901	0.027181	0.002600
902.337153	0.056803	0.026161	0.002651
902.872222	0.057233	0.024233	0.002593
903.395732	0.057413	0.022305	0.002600
903.923498	0.056041	0.022759	0.002622
904.422831	0.056356	0.025993	0.002682
904.928937	0.059007	0.031418	0.002651
905.418931	0.059216	0.037663	0.002779
905.898898	0.057521	0.044197	0.002645
906.379946	0.058453	0.050919	0.002606
906.839504	0.058575	0.058107	0.002671
907.309111	0.059922	0.064224	0.002670
907.846699	0.058843	0.071126	0.002682
908.397468	0.058701	0.077300	0.002765
908.941617	0.059001	0.081578	0.002690
909.467050	0.056827	0.083761	0.002674
909.939492	0.057713	0.084258	0.002649
910.403049	0.057759	0.083453	0.002548
910.861912	0.057941	0.082217	0.002675
911.320045	0.057789	0.079875	0.002632
911.797632	0.057660	0.077146	0.002650
912.293384	0.056912	0.073710	0.002687
912.802532	0.059325	0.070412	0.002566
913.263447	0.058028	0.067601	0.002657
913.700367	0.057780	0.065282	0.002654
914.177331	0.057102	0.062641	0.002617
914.621332	0.058514	0.060743	0.002583
915.120345	0.059932	0.058738	0.002671
915.624674	0.058947	0.056615	0.002632
916.131422	0.059067	0.054922	0.002698
916.606843	0.057387	0.053551	0.002604
917.067576	0.058613	0.051877	0.002659
917.523265	0.058676	0.051101	0.002595
918.008060	0.055832	0.050343	0.002704
918.457498	0.058770	0.049045	0.002670
918.922907	0.058989	0.048363	0.002597
919.404102	0.060116	0.047075	0.002715
919.877575	0.059460	0.046364	0.002650
920.349922	0.059483	0.045789	0.002626
920.872624	0.059152	0.045311	0.002672
921.395556	0.057788	0.044564	0.002642
921.875851	0.058551	0.044415	0.002698
922.373829	0.059049	0.043410	0.002612
922.896130	0.059038	0.042892	0.002637
923.345256	0.060312	0.042709	0.002671
923.802292	0.059695	0.042060	0.002638
924.288321	0.057821	0.041614	0.002694
924.832450	0.059153	0.041704	0.002649
925.340591	0.060711	0.040934	0.002653
925.823955	0.057745	0.041237	0.002659
926.315829	0.058509	0.040704	0.002726
926.810220	0.058791	0.040232	0.002618
927.311119	0.057904	0.040609	0.002647
927.792072	0.059021	0.039826	0.002664
928.276369	0.058817	0.040009	0.002635
928.747709	0.062257	0.039751	0.002615
929.232596	0.059703	0.039934	0.002693
929.703553	0.059769	0.039700	0.002597
930.186093	0.060233	0.039412	0.002669
930.665299	0.057423	0.039465	0.002644
931.157559	0.059495	0.039504	0.002665
931.678078	0.058771	0.039373	0.002667
932.146622	0.060205	0.039519	0.002623
932.609932	0.060160	0.039435	0.002643
933.110713	0.059422	0.039563	0.002589
933.607531	0.058613	0.039509	0.002714
934.098999	0.060581	0.039539	0.002626
934.556476	0.059429	0.039784	0.002595
935.061912	0.058853	0.039677	0.002572
935.568758	0.059283	0.039833	0.002666
936.076422	0.059866	0.040167	0.002600
936.538675	0.059339	0.040572	0.002701
937.059303	0.057364	0.041071	0.002702
937.549063	0.059575	0.041329	0.002658
938.015642	0.058766	0.041427	0.002601
938.523432	0.057086	0.041057	0.002663
939.065144	0.059017	0.041760	0.002754
939.556148	0.059965	0.042452	0.002657
940.042793	0.060715	0.042742	0.002732
940.538133	0.058655	0.043149	0.002627
941.028479	0.059225	0.043303	0.002701
941.549140	0.061425	0.044261	0.002674
942.037960	0.059052	0.045044	0.002728
942.513805	0.056267	0.045153	0.002743
943.029951	0.059974	0.046397	0.002680
943.512836	0.060262	0.047367	0.002634
943.992887	0.060748	0.047866	0.002676
944.481197	0.060608	0.048648	0.002771
944.923736	0.061723	0.049910	0.002677
945.407736	0.058866	0.050906	0.002655
945.871610	0.058564	0.052484	0.002671
946.378105	0.059801	0.053464	0.002695
946.866176	0.058294	0.055521	0.002719
947.391714	0.058807	0.057128	0.002661
947.919911	0.059027	0.058794	0.002662
948.430222	0.059799	0.061015	0.002692
948.940969	0.059586	0.062153	0.002718
949.415558	0.060188	0.063726	0.002688
949.901515	0.059100	0.064045	0.002691
950.374651	0.061555	0.064038	0.002719
950.868269	0.060579	0.062612	0.002674
951.366438	0.059793	0.059968	0.002730
951.924934	0.059412	0.056204	0.002718
952.409898	0.060579	0.051838	0.002651
952.877707	0.059294	0.046872	0.002661
953.333681	0.059348	0.041882	0.002743
953.762445	0.059844	0.037285	0.002702
954.289882	0.060444	0.032169	0.002645
954.792148	0.060132	0.028959	0.002633
955.295654	0.058890	0.028794	0.002700
955.796890	0.062774	0.030693	0.002709
956.304145	0.061657	0.034459	0.002667
956.787731	0.056931	0.036909	0.002668
957.254122	0.059231	0.039275	0.002727
957.726792	0.060366	0.040824	0.002678
958.224972	0.060452	0.042152	0.002723
958.730762	0.060764	0.042629	0.002733
959.234981	0.058815	0.042147	0.002671
959.723886	0.063282	0.041788	0.002709
960.194891	0.062293	0.041014	0.002636
960.666040	0.062332	0.040484	0.002656
961.086236	0.057595	0.039589	0.002690
961.592905	0.058364	0.038368	0.002705
962.110253	0.057032	0.037061	0.002737
962.593397	0.058934	0.036301	0.002693
963.016003	0.062959	0.035091	0.002666
962.536426	0.058384	0.036224	0.002610
962.063597	0.061087	0.036687	0.002651
961.562016	0.060550	0.037903	0.002643
961.132096	0.059259	0.038790	0.002660
960.671660	0.061764	0.039766	0.002658
960.177795	0.060011	0.040666	0.002690
959.671623	0.059366	0.041537	0.002672
959.160825	0.057745	0.042129	0.002707
958.690272	0.060827	0.042374	0.002670
958.220178	0.063259	0.042348	0.002742
957.728788	0.060036	0.041511	0.002737
957.229893	0.062341	0.040151	0.002736
956.735788	0.060974	0.037469	0.002648
956.234709	0.059395	0.034681	0.002667
955.714578	0.062317	0.031804	0.002662
955.210882	0.059012	0.029135	0.002660
954.745609	0.061656	0.028693	0.002629
954.292122	0.058300	0.030680	0.002639
953.795612	0.062639	0.034685	0.002688
953.338658	0.059746	0.040017	0.002651
952.895969	0.058756	0.044369	0.002562
952.448849	0.060505	0.049445	0.002819
951.981406	0.060323	0.054093	0.002662
951.496741	0.059600	0.058042	0.002680
951.048833	0.059089	0.061104	0.002755
950.567308	0.058654	0.063221	0.002694
950.124448	0.059513	0.064028	0.002667
949.655302	0.060049	0.063954	0.002665
949.188176	0.061597	0.063718	0.002727
948.708294	0.060550	0.062260	0.002654
948.235511	0.059107	0.060667	0.002717
947.767277	0.059790	0.059164	0.002697
947.261729	0.058993	0.057220	0.002656
946.813963	0.060605	0.055636	0.002755
946.330894	0.058885	0.053947	0.002636
945.842395	0.059192	0.052385	0.002756
945.318681	0.059838	0.051409	0.002671
944.875063	0.060057	0.050473	0.002656
944.391995	0.060597	0.048930	0.002684
943.915738	0.060207	0.048201	0.002709
943.392003	0.061736	0.047487	0.002635
942.866729	0.059989	0.046051	0.002716
942.334848	0.060318	0.045414	0.002716
941.822287	0.057331	0.044629	0.002697
941.286775	0.059754	0.044096	0.002746
940.726531	0.057884	0.043280	0.002699
940.196485	0.059455	0.042915	0.002742
939.735183	0.059503	0.042512	0.002604
939.301018	0.058760	0.041972	0.002708
938.825016	0.058435	0.041742	0.002649
938.315442	0.058064	0.041746	0.002664
937.796012	0.059476	0.041403	0.002675
937.245281	0.058494	0.040928	0.002722
936.702450	0.059051	0.040147	0.002609
936.230637	0.059279	0.040174	0.002684
935.706246	0.059889	0.040881	0.002673
935.212651	0.061732	0.039637	0.002698
934.727469	0.058985	0.039709	0.002698
934.217732	0.059130	0.039558	0.002724
933.751693	0.061808	0.040003	0.002677
933.280952	0.058538	0.039563	0.002662
932.790546	0.057213	0.039496	0.002679
932.287830	0.058827	0.039652	0.002736
931.822937	0.058657	0.039500	0.002664
931.367147	0.060352	0.039311	0.002606
930.894218	0.060519	0.039409	0.002623
930.421296	0.060274	0.039228	0.002670
929.955984	0.058838	0.039681	0.002707
929.435058	0.059629	0.039212	0.002642
928.920921	0.059486	0.039972	0.002662
928.405633	0.058355	0.040184	0.002660
927.884315	0.059375	0.039999	0.002715
927.397971	0.060402	0.040692	0.002653
926.942868	0.060628	0.040562	0.002669
926.457979	0.059656	0.040631	0.002619
925.866669	0.059450	0.040753	0.002651
925.349758	0.061160	0.041247	0.002643
924.887552	0.059226	0.041548	0.002661
924.410499	0.058426	0.041789	0.002645
923.963944	0.059493	0.041903	0.002674
923.464001	0.059794	0.042628	0.002619
922.990345	0.060033	0.042946	0.002661
922.460106	0.060545	0.043380	0.002640
921.879779	0.057694	0.044101	0.002689
921.365090	0.059411	0.044231	0.002732
920.852008	0.058964	0.045080	0.002615
920.273494	0.059659	0.045603	0.002677
919.709768	0.057713	0.046284	0.002654
919.236641	0.059548	0.046868	0.002648
918.764594	0.058516	0.047935	0.002678
918.305057	0.060795	0.048803	0.002601
917.896634	0.059074	0.049927	0.002632
917.426505	0.058556	0.050727	0.002735
916.983068	0.058574	0.051724	0.002612
916.449022	0.058014	0.053261	0.002561
915.968854	0.057874	0.054783	0.002678
915.509294	0.057886	0.056241	0.002668
915.041211	0.058797	0.057977	0.002707
914.520969	0.057921	0.060604	0.002625
913.960686	0.058842	0.063475	0.002705
913.437188	0.058402	0.065549	0.002628
912.895926	0.056719	0.068898	0.002600
912.437661	0.057698	0.072032	0.002626
911.897767	0.057779	0.075038	0.002631
911.359109	0.060409	0.079114	0.002748
910.784716	0.057921	0.081983	0.002639
910.269395	0.057996	0.083848	0.002643
909.735391	0.058185	0.084778	0.002603
909.151326	0.057697	0.083437	0.002649
908.634101	0.058589	0.081075	0.002627
908.054865	0.056906	0.075722	0.002702
907.523793	0.057870	0.069360	0.002721
906.986547	0.059207	0.062654	0.002669
906.425906	0.059526	0.054471	0.002657
905.938748	0.058460	0.047719	0.002670
905.409450	0.059410	0.040206	0.002640
904.859421	0.058207	0.032801	0.002648
904.364429	0.060186	0.027476	0.002739
903.890677	0.060435	0.023884	0.002629
903.424311	0.060274	0.022340	0.002683
902.920216	0.057155	0.023351	0.002667
902.449769	0.059223	0.024845	0.002678
901.993488	0.059211	0.026562	0.002663
901.537813	0.058059	0.026996	0.002635
901.035817	0.057398	0.028094	0.002661
900.482017	0.057884	0.026973	0.002721
900.013604	0.059558	0.026731	0.002599
899.548041	0.060347	0.025777	0.002716
899.084308	0.058930	0.024952	0.002576
898.596708	0.058373	0.024002	0.002673
898.067460	0.058412	0.023106	0.002729
897.529153	0.060060	0.022034	0.002665
896.976758	0.059302	0.021898	0.002658
896.477078	0.057988	0.021099	0.002657
895.998723	0.059899	0.020739	0.002680
895.477156	0.057046	0.020536	0.002672
894.901819	0.058801	0.020155	0.002659
894.329142	0.057021	0.020006	0.002519
893.776803	0.057948	0.019963	0.002598
893.281020	0.059129	0.019895	0.002668
892.818963	0.056059	0.019842	0.002580
892.331353	0.056860	0.019721	0.002649
891.859594	0.059262	0.019905	0.002570
891.395666	0.058912	0.019499	0.002562
890.951540	0.058898	0.019348	0.002690
890.454935	0.059700	0.019642	0.002573
890.009219	0.057884	0.019596	0.002535
889.536281	0.059603	0.019063	0.002583
889.092423	0.059836	0.019485	0.002641
888.601143	0.057067	0.018672	0.002637
888.113703	0.057884	0.019393	0.002594
887.579474	0.058365	0.018863	0.002607
887.109360	0.056505	0.019086	0.002585
886.611210	0.059065	0.018688	0.002545
886.114792	0.060881	0.019142	0.002639
885.631486	0.058238	0.018401	0.002639
885.147743	0.058836	0.018725	0.002637
884.597215	0.057358	0.018028	0.002616
884.127750	0.059803	0.018603	0.002617
883.615444	0.057602	0.018351	0.002577
883.144742	0.058948	0.018519	0.002680
882.684512	0.057651	0.018855	0.002743
882.161817	0.056215	0.018468	0.002548
881.632041	0.057418	0.018814	0.002632
881.147843	0.056273	0.018913	0.002601
880.596866	0.057695	0.018042	0.002591
880.088643	0.059555	0.018180	0.002676
879.570809	0.058393	0.017729	0.002613
879.077409	0.057833	0.018443	0.002656
878.571358	0.057464	0.017530	0.002680
878.042229	0.057688	0.017297	0.002641
877.479572	0.057925	0.017125	0.002647
876.899187	0.057435	0.017118	0.002606
876.369833	0.057002	0.017446	0.002551
875.915531	0.058956	0.017170	0.002615
875.469961	0.052901	0.016932	0.002591
875.000797	0.058179	0.016876	0.002594
874.482533	0.055888	0.016831	0.002597
873.935641	0.058614	0.016805	0.002553
873.453420	0.058945	0.016736	0.002584
872.961601	0.057236	0.016686	0.002705
872.452085	0.056053	0.016630	0.002591
871.966014	0.057954	0.016603	0.002665
871.529110	0.056435	0.016213	0.002628
871.050650	0.058407	0.016487	0.002607
870.536662	0.058176	0.016597	0.002714
869.987721	0.057437	0.016082	0.002667
869.493948	0.058159	0.016243	0.002574
869.010003	0.057183	0.016050	0.002685
868.553282	0.058225	0.015881	0.002651
868.041919	0.058434	0.016060	0.002680
867.585749	0.058814	0.015739	0.002623
867.115966	0.058613	0.015998	0.002696
866.639953	0.058126	0.016136	0.002684
866.179512	0.057856	0.015857	0.002573
865.710803	0.057869	0.016024	0.002630
865.215093	0.057947	0.015867	0.002647
864.735255	0.057618	0.015750	0.002633
864.261934	0.058150	0.016066	0.002660
863.797247	0.059500	0.016267	0.002696
863.357895	0.057642	0.016151	0.002637
862.879348	0.057851	0.016338	0.002639
862.400693	0.057428	0.016199	0.002635
861.895779	0.058649	0.016078	0.002647
861.425843	0.059086	0.016466	0.002565
860.952604	0.057830	0.016479	0.002635
860.486632	0.058240	0.016011	0.002616
859.995025	0.057692	0.016489	0.002558
859.513142	0.057151	0.016776	0.002626
859.023811	0.057175	0.016693	0.002642
858.513628	0.057907	0.017133	0.002626
858.051798	0.057359	0.016983	0.002656
857.537867	0.058333	0.017870	0.002695
857.006567	0.057825	0.018090	0.002593
856.473191	0.057177	0.017949	0.002719
855.875612	0.058871	0.018242	0.002571
855.325870	0.059062	0.018770	0.002636
854.822839	0.056634	0.019374	0.002639
854.342816	0.057288	0.019454	0.002562
853.798508	0.058048	0.019890	0.002550
853.318400	0.058217	0.020353	0.002582
852.806689	0.057471	0.021011	0.002645
852.308283	0.057228	0.021551	0.002580
851.825469	0.057973	0.022158	0.002592
851.351967	0.057854	0.023034	0.002594
850.859192	0.056054	0.023457	0.002567
850.386533	0.057497	0.024620	0.002654
849.923416	0.058151	0.025454	0.002677
849.480469	0.057536	0.026338	0.002637
848.968236	0.059089	0.027319	0.002639
848.488163	0.056794	0.028235	0.002601
847.950167	0.056217	0.029803	0.002560
847.450808	0.058504	0.030530	0.002573
846.930905	0.057095	0.031469	0.002610
846.381510	0.056609	0.031579	0.002521
845.885555	0.057717	0.031739	0.002653
845.375670	0.057034	0.031320	0.002643
844.769279	0.058018	0.029662	0.002686
844.261349	0.058797	0.027292	0.002560
843.667661	0.057376	0.022848	0.002576
843.171499	0.059713	0.018788	0.002693
842.666000	0.057807	0.014412	0.002583
842.092897	0.058412	0.015268	0.002505
841.525370	0.058508	0.021823	0.002677
840.999860	0.056252	0.028753	0.002682
840.427612	0.056245	0.036632	0.002667
839.991684	0.057566	0.042580	0.002614
839.542447	0.057560	0.046895	0.002652
839.108996	0.056102	0.050273	0.002693
838.644432	0.057878	0.052239	0.002654
838.209608	0.057789	0.053565	0.002632
837.719574	0.058817	0.053632	0.002623
837.262206	0.058138	0.051837	0.002541
836.777368	0.057392	0.050401	0.002577
836.285441	0.057832	0.047573	0.002643
835.822617	0.059055	0.044894	0.002702
835.366234	0.058566	0.042145	0.002574
834.875131	0.057541	0.039544	0.002625
834.394782	0.056346	0.037275	0.002642
833.924543	0.058551	0.034732	0.002528
833.469875	0.057668	0.033214	0.002683
832.989965	0.057484	0.030694	0.002553
832.521654	0.058341	0.029592	0.002619
832.047273	0.057555	0.028402	0.002629
831.563178	0.056857	0.026622	0.002669
831.083850	0.058646	0.026195	0.002612
830.561398	0.056624	0.025664	0.002633
829.971556	0.057567	0.024579	0.002629
829.473752	0.056185	0.024274	0.002615
828.885902	0.055065	0.024389	0.002593
828.409497	0.057861	0.023580	0.002593
827.947507	0.059569	0.023864	0.002666
827.482320	0.056765	0.023321	0.002596
827.019853	0.057532	0.023456	0.002612
826.545014	0.056399	0.023108	0.002608
825.964907	0.057700	0.022678	0.002623
825.460550	0.056608	0.022524	0.002658
824.887995	0.056834	0.022467	0.002565
824.350123	0.057071	0.022312	0.002543
823.801062	0.057557	0.022403	0.002575
823.337633	0.056971	0.022507	0.002660
822.863804	0.057197	0.022206	0.002606
822.359229	0.058129	0.022214	0.002633
821.916764	0.058176	0.022024	0.002580
821.444224	0.058082	0.022149	0.002695
820.965281	0.057029	0.021932	0.002588
820.469825	0.059135	0.022231	0.002619
819.907830	0.058476	0.022021	0.002677
819.406178	0.056423	0.022119	0.002645
818.856162	0.055046	0.021836	0.002596
818.287168	0.057178	0.021888	0.002687
817.814027	0.058327	0.021898	0.002602
817.280311	0.057442	0.021986	0.002595
816.768783	0.057361	0.022037	0.002632
816.293097	0.057491	0.021914	0.002614
815.812230	0.058146	0.021711	0.002540
815.350016	0.056751	0.021922	0.002561
814.805911	0.057375	0.021904	0.002665
814.282679	0.057214	0.022104	0.002664
813.744557	0.056211	0.021902	0.002570
813.183907	0.056777	0.022149	0.002547
812.640275	0.058185	0.022179	0.002628
812.188456	0.058035	0.022359	0.002597
811.741494	0.057826	0.021962	0.002635
811.298491	0.056851	0.022652	0.002665
810.816118	0.057847	0.022355	0.002675
810.355919	0.058357	0.022712	0.002693
809.876319	0.056492	0.022692	0.002561
809.422350	0.057282	0.022671	0.002618
808.956449	0.057441	0.022925	0.002634
808.482582	0.056679	0.022707	0.002641
808.039377	0.057614	0.023106	0.002687
807.556517	0.057793	0.023225	0.002550
807.103290	0.056856	0.022797	0.002625
806.364633	0.058522	0.023885	0.002599
805.850334	0.057833	0.023615	0.002678
805.370528	0.057562	0.023564	0.002607
804.864038	0.057948	0.023872	0.002618
804.325788	0.058120	0.024131	0.002650
803.861566	0.059052	0.024068	0.002539
803.305717	0.058517	0.024609	0.002586
802.746677	0.057398	0.024920	0.002570
802.203400	0.057345	0.024929	0.002662
801.665934	0.057436	0.024959	0.002598
801.207862	0.057889	0.024979	0.002614
800.696808	0.058021	0.025631	0.002578
800.224757	0.055836	0.025969	0.002649
799.752846	0.056584	0.026012	0.002649
799.270352	0.057738	0.026227	0.002633
798.763488	0.056936	0.026121	0.002637
798.288396	0.056681	0.026951	0.002624
797.761911	0.056540	0.026887	0.002583
797.213610	0.056594	0.027039	0.002563
796.642308	0.056642	0.027753	0.002553
796.084188	0.056677	0.028031	0.002593
795.640866	0.056529	0.028592	0.002586
795.187344	0.057486	0.029341	0.002637
794.712843	0.056596	0.029654	0.002622
794.237004	0.056197	0.029941	0.002531
793.690796	0.058206	0.030467	0.002619
793.153287	0.057930	0.030835	0.002654
792.621061	0.057129	0.031930	0.002692
792.185014	0.056429	0.032843	0.002544
791.729613	0.057551	0.033283	0.002618
791.220919	0.058127	0.034032	0.002635
790.675647	0.058171	0.035807	0.002588
790.156841	0.056644	0.036535	0.002582
789.600867	0.056904	0.037549	0.002607
789.091059	0.056613	0.038906	0.002663
788.560240	0.058338	0.039924	0.002672
788.082115	0.055553	0.040732	0.002646
787.524017	0.057917	0.042758	0.002591
787.030288	0.057311	0.044623	0.002600
786.486527	0.057700	0.046859	0.002622
785.954869	0.056984	0.048871	0.002669
785.434942	0.057123	0.051348	0.002608
784.887154	0.058657	0.053645	0.002667
784.394001	0.056733	0.056109	0.002632
783.851643	0.056704	0.059429	0.002528
783.389612	0.056682	0.062818	0.002743
782.829418	0.056343	0.065952	0.002644
782.319503	0.055844	0.070017	0.002670
781.732415	0.057033	0.073166	0.002690
781.158494	0.056288	0.074813	0.002661
780.555729	0.058414	0.075977	0.002616
780.000878	0.057471	0.074384	0.002679
779.420905	0.057594	0.070153	0.002691
778.825007	0.057575	0.063109	0.002617
778.254001	0.056801	0.054290	0.002807
777.679311	0.057361	0.044485	0.002736
777.140176	0.058073	0.033232	0.002627
776.551371	0.056976	0.022151	0.002656
776.057274	0.057191	0.013358	0.002665
775.563207	0.055933	0.007748	0.002574
775.083987	0.056903	0.011026	0.002610
774.531337	0.056248	0.017058	0.002661
773.992019	0.059039	0.021564	0.002737
773.425976	0.057194	0.023666	0.002719
772.876506	0.057617	0.024247	0.002603
772.317853	0.057437	0.023290	0.002597
771.740047	0.057061	0.021619	0.002630
771.158100	0.055988	0.019214	0.002664
770.570120	0.056329	0.015687	0.002710
770.010624	0.057017	0.013332	0.002575
769.429377	0.057976	0.010991	0.002651
768.935151	0.057827	0.009344	0.002623
768.389677	0.057204	0.008439	0.002590
767.910815	0.057278	0.007668	0.002602
767.311396	0.056907	0.007257	0.002681
766.776983	0.056423	0.006838	0.002664
766.191121	0.057031	0.007037	0.002660
765.618673	0.056991	0.006924	0.002602
765.109625	0.056818	0.007051	0.002631
764.540168	0.057345	0.006807	0.002615
763.964081	0.057216	0.006959	0.002586
763.413672	0.058683	0.007442	0.002656
762.893126	0.056420	0.006625	0.002582
762.421293	0.056789	0.006630	0.002670
761.957253	0.057447	0.006891	0.002617
761.456561	0.058570	0.006653	0.002548
760.933274	0.055988	0.006529	0.002628
760.417714	0.058408	0.006448	0.002550
759.954957	0.058976	0.006705	0.002726
759.499632	0.057312	0.006299	0.002628
759.027678	0.057915	0.005883	0.002541
758.571695	0.058402	0.005785	0.002581
758.111123	0.058131	0.006253	0.002588
757.648718	0.057518	0.006154	0.002587
757.171485	0.058101	0.005836	0.002642
756.701738	0.057461	0.005807	0.002514
756.234869	0.058963	0.005490	0.002619
755.767007	0.058829	0.005335	0.002657
755.287636	0.058127	0.005255	0.002731
754.822380	0.056305	0.005364	0.002555
754.367198	0.057527	0.005136	0.002612
753.882500	0.059126	0.005128	0.002684
753.392448	0.056772	0.005007	0.002655
752.921428	0.058182	0.004624	0.002600
752.454590	0.058910	0.005032	0.002561
751.962982	0.058604	0.004464	0.002544
751.484540	0.057449	0.004666	0.002587
750.981252	0.057392	0.004752	0.002609
750.480999	0.058119	0.004370	0.002672
749.959120	0.058573	0.004313	0.002662
749.475504	0.058901	0.004231	0.002611
748.990158	0.058531	0.004018	0.002696
748.522389	0.058528	0.003844	0.002575
748.069121	0.058482	0.004104	0.002583
747.588675	0.057854	0.004113	0.002503
747.075416	0.058633	0.004147	0.002615
746.609904	0.059887	0.004004	0.002607
746.128821	0.058061	0.003604	0.002622
745.635958	0.057093	0.003573	0.002622
745.141170	0.058889	0.003850	0.002595
744.674989	0.057744	0.003552	0.002631
744.178723	0.057434	0.003520	0.002628
743.704357	0.056503	0.003246	0.002611
743.223413	0.056844	0.003589	0.002658
742.725718	0.057119	0.003606	0.002657
742.158217	0.057499	0.003464	0.002651
741.611797	0.057541	0.003514	0.002592
741.091479	0.057289	0.003500	0.002646
740.628195	0.058365	0.003286	0.002725
740.125844	0.058814	0.003111	0.002629
739.612558	0.058397	0.002943	0.002622
739.038511	0.057475	0.003201	0.002682
738.557962	0.059142	0.003117	0.002640
738.082936	0.058823	0.003085	0.002608
737.595794	0.056861	0.002954	0.002664
737.118722	0.059144	0.002827	0.002555
736.616917	0.059868	0.002899	0.002578
736.129285	0.057451	0.002880	0.002646
735.651434	0.058511	0.002499	0.002598
735.185194	0.058536	0.002856	0.002544
734.634497	0.060220	0.002559	0.002624
734.084086	0.058906	0.002453	0.002621
733.575329	0.057058	0.002601	0.002692
733.052702	0.057460	0.002711	0.002590
732.591795	0.059362	0.002617	0.002673
732.112748	0.058601	0.002552	0.002690
731.593245	0.057187	0.002612	0.002538
731.024737	0.057390	0.002491	0.002594
730.517557	0.057420	0.002405	0.002694
729.936572	0.058184	0.002362	0.002577
729.424082	0.057219	0.002588	0.002650
728.954102	0.059472	0.002479	0.002651
728.490866	0.059345	0.002415	0.002670
728.021384	0.058974	0.001995	0.002675
727.563460	0.057116	0.002220	0.002619
727.095281	0.057832	0.002846	0.002586
726.614230	0.059872	0.002181	0.002672
726.185783	0.054158	0.002192	0.002672
725.677460	0.056839	0.002520	0.002507
725.168323	0.059472	0.002661	0.002583
724.605487	0.058903	0.002869	0.002634
724.099312	0.057983	0.002855	0.002634
723.519862	0.058428	0.002691	0.002644
722.995156	0.058716	0.002878	0.002543
722.430304	0.058237	0.002891	0.002595
721.964608	0.058357	0.003420	0.002732
721.512715	0.057750	0.003455	0.002577
721.046615	0.058469	0.003024	0.002671
720.563089	0.057629	0.003279	0.002604
720.040046	0.057633	0.003628	0.002554
719.478104	0.058712	0.003530	0.002672
718.961410	0.057940	0.003875	0.002556
718.461521	0.059332	0.003876	0.002552
718.026522	0.057737	0.004683	0.002458
717.523971	0.059307	0.004603	0.002673
716.977924	0.058867	0.005364	0.002637
716.423588	0.057025	0.005365	0.002566
715.920325	0.061020	0.005637	0.002655
715.431311	0.059750	0.006297	0.002564
714.985675	0.058954	0.006707	0.002597
714.506375	0.059264	0.007073	0.002601
714.054559	0.057997	0.007909	0.002592
713.602652	0.058234	0.007917	0.002639
713.155955	0.056748	0.008101	0.002635
712.665208	0.060074	0.008353	0.002541
712.180840	0.058828	0.009155	0.002591
711.606165	0.058736	0.009361	0.002573
711.069373	0.060841	0.009299	0.002648
710.625670	0.058858	0.009235	0.002526
710.148334	0.059970	0.008408	0.002652
709.581052	0.060022	0.007082	0.002622
709.101020	0.059378	0.004953	0.002553
708.635516	0.060028	0.002874	0.002636
708.176954	0.058780	0.001830	0.002621
707.697947	0.061222	0.004576	0.002621
707.229232	0.058781	0.008671	0.002676
706.753622	0.059150	0.013105	0.002641
706.263198	0.057251	0.017491	0.002607
705.774595	0.058217	0.021859	0.002588
705.295026	0.060223	0.024550	0.002646
704.861250	0.058851	0.027005	0.002559
704.393191	0.058660	0.027612	0.002672
703.938534	0.059332	0.027488	0.002685
703.402915	0.060694	0.026609	0.002624
702.823921	0.060631	0.024059	0.002617
702.320168	0.059391	0.021728	0.002683
701.808806	0.059216	0.018711	0.002575
701.297567	0.058451	0.016308	0.002687
700.732666	0.059168	0.013655	0.002621
700.181561	0.059089	0.011844	0.002616
699.625640	0.059380	0.009614	0.002639
699.114618	0.059751	0.008352	0.002633
698.661093	0.059699	0.008105	0.002570
698.198619	0.058123	0.007323	0.002647
697.730163	0.057399	0.006780	0.002614
697.279637	0.060465	0.006855	0.002633
696.801098	0.059630	0.006597	0.002583
696.311334	0.057510	0.006748	0.002671
695.763704	0.060174	0.007376	0.002674
695.199887	0.057934	0.006916	0.002563
694.634414	0.060029	0.006780	0.002599
694.066438	0.057958	0.006746	0.002606
693.580826	0.057514	0.006898	0.002601
693.125526	0.058634	0.006759	0.002680
692.647105	0.060310	0.006532	0.002630
692.173295	0.060090	0.006873	0.002569
691.717823	0.058295	0.006589	0.002618
691.257847	0.057572	0.006492	0.002563
690.792132	0.059053	0.006516	0.002620
690.324419	0.059645	0.006261	0.002667
689.863142	0.058981	0.006384	0.002647
689.400235	0.058141	0.006685	0.002668
688.931670	0.060532	0.006201	0.002715
688.463452	0.058878	0.006481	0.002639
687.960082	0.059538	0.007014	0.002577
687.464405	0.057980	0.006849	0.002655
686.974660	0.057705	0.006662	0.002637
686.499202	0.060448	0.006483	0.002552
686.040882	0.059910	0.006274	0.002641
685.571929	0.058717	0.007042	0.002634
685.091926	0.058527	0.006762	0.002517
684.598717	0.059702	0.006872	0.002597
684.120836	0.058260	0.006820	0.002614
683.632023	0.058322	0.006805	0.002482
683.178196	0.060177	0.006580	0.002527
682.689877	0.058627	0.006885	0.002635
682.227175	0.060275	0.006710	0.002588
681.723234	0.062909	0.006681	0.002582
681.241449	0.060763	0.007036	0.002563
680.765848	0.059426	0.006720	0.002565
680.293533	0.059145	0.007160	0.002664
679.818361	0.061295	0.006900	0.002639
679.240139	0.061139	0.007121	0.002571
678.762618	0.059654	0.006803	0.002545
678.301098	0.059428	0.007025	0.002598
677.848899	0.061428	0.007252	0.002661
677.402561	0.061867	0.007568	0.002576
676.915596	0.059478	0.007456	0.002584
676.442127	0.059791	0.007357	0.002581
675.938078	0.058943	0.007484	0.002602
675.456047	0.060125	0.007357	0.002561
674.980895	0.060112	0.007552	0.002612
674.473765	0.060671	0.007534	0.002565
673.999743	0.060423	0.007682	0.002593
673.497770	0.059416	0.007938	0.002722
672.982987	0.061645	0.007364	0.002571
672.499755	0.058617	0.008017	0.002517
672.032777	0.059482	0.007715	0.002590
671.574302	0.061898	0.007779	0.002691
671.107815	0.057825	0.007997	0.002635
670.614488	0.060327	0.007961	0.002636
670.105292	0.057592	0.008097	0.002674
669.610081	0.057343	0.008207	0.002501
669.133425	0.061718	0.008286	0.002591
668.661312	0.060272	0.008164	0.002631
668.185024	0.060455	0.008159	0.002597
667.701525	0.057551	0.008666	0.002620
667.216898	0.060648	0.008324	0.002623
666.719631	0.059280	0.008475	0.002602
666.191611	0.059015	0.008276	0.002586
665.653441	0.058407	0.008603	0.002580
665.145675	0.059070	0.008742	0.002615
664.675417	0.060807	0.008962	0.002511
664.184247	0.060443	0.009402	0.002536
663.687919	0.058894	0.009052	0.002612
663.193176	0.059738	0.009235	0.002637
662.715618	0.059983	0.009595	0.002599
662.261769	0.056493	0.009163	0.002635
661.770361	0.059127	0.009893	0.002524
661.303427	0.058201	0.009697	0.002628
660.834015	0.061671	0.009282	0.002593
660.349630	0.061002	0.009674	0.002582
659.840759	0.060154	0.010193	0.002587
659.359096	0.059411	0.010200	0.002615
658.867683	0.060371	0.010163	0.002546
658.384286	0.060933	0.010221	0.002616
657.859854	0.059760	0.010434	0.002614
657.346601	0.060305	0.010701	0.002558
656.827234	0.060784	0.010726	0.002521
656.338852	0.061161	0.011323	0.002569
655.846844	0.059276	0.011542	0.002700
655.352062	0.059900	0.011463	0.002538
654.839923	0.060140	0.011669	0.002705
654.318875	0.058830	0.011981	0.002545
653.820296	0.063169	0.011668	0.002599
653.310517	0.059734	0.012099	0.002631
652.800739	0.060445	0.012571	0.002592
652.255425	0.060014	0.012812	0.002579
651.725414	0.058482	0.013419	0.002587
651.278290	0.061444	0.013351	0.002570
650.838164	0.058276	0.013876	0.002575
650.356393	0.061367	0.014414	0.002667
649.863050	0.061037	0.014782	0.002632
649.363963	0.061543	0.014967	0.002546
648.871149	0.059940	0.015852	0.002612
648.386068	0.061400	0.016007	0.002716
647.880248	0.061136	0.016639	0.002582
647.357411	0.061770	0.017093	0.002597
646.870069	0.060275	0.017700	0.002657
646.360666	0.059952	0.018785	0.002620
645.875149	0.061060	0.019571	0.002596
645.375378	0.061879	0.020194	0.002670
644.871309	0.062061	0.021171	0.002610
644.384541	0.061515	0.022153	0.002572
643.873016	0.061101	0.023168	0.002625
643.357889	0.060206	0.024497	0.002635
642.856603	0.061920	0.025735	0.002629
642.390848	0.060599	0.026831	0.002694
641.907213	0.062461	0.028149	0.002673
641.415095	0.061640	0.029661	0.002640
640.914631	0.058781	0.030653	0.002565
640.414306	0.061124	0.031683	0.002603
639.941469	0.061141	0.032195	0.002624
639.430514	0.061182	0.031121	0.002628
638.903214	0.061382	0.030145	0.002690
638.384958	0.061984	0.027670	0.002575
637.864374	0.061916	0.024764	0.002624
637.395821	0.063605	0.020779	0.002678
637.525484	0.064758	0.020490	0.002722
638.029997	0.062691	0.024226	0.002741
638.571909	0.061654	0.027458	0.002595
639.056811	0.061723	0.030038	0.002600
639.559658	0.063305	0.031771	0.002618
640.049180	0.061072	0.031459	0.002611
640.574095	0.062911	0.031661	0.002595
641.080728	0.061890	0.030864	0.002585
641.573690	0.060751	0.029789	0.002686
642.071785	0.060549	0.028439	0.002636
642.556595	0.062209	0.027098	0.002570
643.071721	0.059730	0.025455	0.002620
643.549293	0.062293	0.024418	0.002534
644.048034	0.062017	0.023201	0.002551
644.562351	0.064201	0.021909	0.002657
645.086897	0.062741	0.020607	0.002655
645.567656	0.065592	0.020170	0.002605
646.047946	0.060398	0.019144	0.002576
646.537483	0.062304	0.018650	0.002700
647.039191	0.062231	0.017424	0.002563
647.557623	0.061289	0.017019	0.002683
648.063481	0.058154	0.016530	0.002697
648.556920	0.062946	0.015706	0.002674
649.031050	0.063286	0.015123	0.002668
649.536956	0.060963	0.015075	0.002604
650.016270	0.061696	0.014673	0.002575
650.496713	0.061843	0.014137	0.002639
650.994832	0.060256	0.013495	0.002604
651.491373	0.060516	0.013567	0.002593
651.982011	0.061379	0.013005	0.002574
652.472195	0.063105	0.012807	0.002631
652.943920	0.059343	0.012638	0.002603
653.455014	0.060824	0.012558	0.002608
653.950477	0.062719	0.011814	0.002644
654.468157	0.063368	0.012211	0.002613
654.950787	0.061699	0.011458	0.002678
655.452396	0.059537	0.011545	0.002577
655.995386	0.060730	0.011442	0.002554
656.540729	0.060682	0.010404	0.002609
657.049972	0.060516	0.010745	0.002600
657.503081	0.060182	0.010473	0.002542
657.999322	0.061565	0.010022	0.002607
658.508884	0.060847	0.010459	0.002595
659.028534	0.061787	0.010187	0.002586
659.499041	0.060403	0.010198	0.002556
660.014775	0.059419	0.009420	0.002574
660.552814	0.060082	0.009435	0.002580
661.038826	0.060873	0.009608	0.002651
661.547708	0.060121	0.009190	0.002582
662.020855	0.061216	0.009426	0.002654
662.529514	0.059040	0.009203	0.002627
663.038945	0.060505	0.009314	0.002643
663.543063	0.059153	0.008856	0.002603
664.044836	0.060022	0.008784	0.002650
664.514676	0.060615	0.008818	0.002634
664.998297	0.058518	0.008961	0.002630
665.495476	0.064563	0.008699	0.002620
665.981321	0.059314	0.008203	0.002601
666.481937	0.060136	0.008503	0.002549
666.986717	0.061370	0.008300	0.002685
667.486707	0.059227	0.008531	0.002569
667.971000	0.059282	0.008050	0.002559
668.504748	0.058128	0.008264	0.002714
669.009796	0.060872	0.008283	0.002596
669.507248	0.060847	0.008187	0.002613
670.002796	0.060962	0.008185	0.002618
670.519555	0.060068	0.007713	0.002608
670.997811	0.059262	0.007974	0.002617
671.487644	0.059721	0.007896	0.002629
671.973580	0.059712	0.007685	0.002568
672.475693	0.059940	0.007567	0.002653
672.974750	0.059340	0.007236	0.002640
673.443375	0.060476	0.007746	0.002610
673.930669	0.058803	0.007436	0.002599
674.409229	0.060397	0.007740	0.002578
674.857169	0.059078	0.007327	0.002603
675.328003	0.059500	0.007524	0.002600
675.840670	0.059786	0.007335	0.002645
676.311111	0.059425	0.007435	0.002532
676.797512	0.060944	0.007535	0.002649
677.299940	0.059491	0.006991	0.002697
677.760036	0.059382	0.006685	0.002673
678.270260	0.060039	0.006768	0.002649
678.762472	0.060263	0.006795	0.002570
679.261691	0.060359	0.006925	0.002658
679.746610	0.059194	0.006961	0.002615
680.246772	0.058320	0.006601	0.002564
680.725201	0.060890	0.006567	0.002600
681.237117	0.060633	0.006755	0.002594
681.760940	0.059543	0.006693	0.002595
682.245990	0.059407	0.006855	0.002682
682.729463	0.059855	0.006769	0.002628
683.488882	0.059924	0.006841	0.002677
683.947665	0.058837	0.006646	0.002659
684.415152	0.058638	0.006885	0.002652
684.896684	0.059171	0.006891	0.002645
685.430648	0.058816	0.006334	0.002580
685.927859	0.060962	0.006669	0.002590
686.438154	0.060144	0.006747	0.002618
686.964609	0.059769	0.006410	0.002648
687.452359	0.057858	0.006332	0.002597
687.962804	0.059440	0.006459	0.002730
688.492443	0.058468	0.006479	0.002561
688.990676	0.058992	0.006172	0.002707
689.500550	0.058369	0.006374	0.002647
689.998723	0.059995	0.006540	0.002654
690.661576	0.059747	0.006677	0.002483
691.156262	0.057535	0.006608	0.002687
691.637941	0.058972	0.006382	0.002591
692.145893	0.059929	0.006787	0.002663
692.633504	0.061042	0.006486	0.002545
693.152257	0.059346	0.006813	0.002631
693.664478	0.058996	0.006655	0.002606
694.170883	0.060492	0.006494	0.002613
694.653879	0.060717	0.006554	0.002584
695.177859	0.058316	0.007006	0.002618
695.656850	0.059209	0.006676	0.002538
696.150231	0.060632	0.006453	0.002629
696.624801	0.057962	0.006433	0.002675
697.121651	0.061078	0.006607	0.002589
697.618911	0.058402	0.006463	0.002585
698.127369	0.061391	0.006684	0.002676
698.590084	0.058854	0.007680	0.002611
699.071398	0.058154	0.008238	0.002574
699.572485	0.059793	0.008838	0.002624
700.062296	0.058372	0.010528	0.002599
700.573891	0.058998	0.012291	0.002674
701.061459	0.058979	0.014005	0.002640
701.586977	0.056760	0.016855	0.002632
702.118255	0.059045	0.019641	0.002599
702.637146	0.060584	0.021964	0.002615
703.096285	0.058193	0.024301	0.002620
703.591841	0.059433	0.026237	0.002684
704.086149	0.058788	0.027095	0.002619
704.550749	0.059955	0.027998	0.002675
705.022375	0.059493	0.026657	0.002667
705.504385	0.060136	0.024858	0.002622
706.011050	0.059591	0.021538	0.002705
706.507957	0.058714	0.017525	0.002587
706.983061	0.057995	0.012390	0.002638
707.482232	0.059588	0.008204	0.002630
707.941290	0.059503	0.004371	0.002646
708.415955	0.060207	0.002554	0.002635
708.930561	0.058765	0.003522	0.002628
709.410766	0.058886	0.004996	0.002622
709.912409	0.057883	0.007244	0.002634
710.456857	0.059267	0.008470	0.002596
710.997585	0.059249	0.009350	0.002586
711.522229	0.059657	0.009454	0.002565
712.031805	0.058868	0.009717	0.002552
712.514430	0.058596	0.009299	0.002607
713.040982	0.059042	0.009009	0.002694
713.531501	0.060724	0.008239	0.002684
714.024057	0.058724	0.007536	0.002612
714.493986	0.058822	0.007471	0.002670
714.965491	0.058871	0.007225	0.002677
715.448782	0.059180	0.006100	0.002615
715.949435	0.059265	0.005679	0.002619
716.438701	0.058682	0.005669	0.002605
716.910774	0.058634	0.005288	0.002698
717.423457	0.057865	0.004394	0.002566
717.946585	0.058253	0.004698	0.002584
718.416486	0.058428	0.004362	0.002579
718.887518	0.057600	0.003993	0.002560
719.397954	0.058671	0.003819	0.002597
719.926881	0.059265	0.003936	0.002668
720.440307	0.058823	0.003496	0.002621
720.962957	0.057832	0.002985	0.002644
721.451383	0.056408	0.003102	0.002624
721.962211	0.058379	0.002947	0.002577
722.477554	0.059901	0.002896	0.002648
722.919136	0.057638	0.002911	0.002589
723.384431	0.057936	0.002927	0.002670
723.873682	0.058230	0.002578	0.002668
724.374375	0.059018	0.002765	0.002565
724.853148	0.058393	0.002569	0.002509
725.361816	0.057082	0.002992	0.002582
725.862311	0.058987	0.002526	0.002616
726.318003	0.058745	0.002575	0.002620
726.850442	0.059395	0.002254	0.002662
727.315016	0.058419	0.002472	0.002686
727.822626	0.060005	0.002103	0.002520
728.299449	0.057365	0.002570	0.002600
728.808894	0.057689	0.002990	0.002572
729.302793	0.059275	0.002281	0.002616
729.820867	0.058653	0.001960	0.002669
730.287169	0.058679	0.002328	0.002640
730.784635	0.057915	0.002485	0.002574
731.273623	0.058693	0.002453	0.002590
731.794987	0.058859	0.002492	0.002601
732.266792	0.057248	0.002453	0.002610
732.737312	0.059475	0.002649	0.002648
733.221672	0.058169	0.002553	0.002588
733.709086	0.057565	0.002406	0.002628
734.213312	0.059013	0.002221	0.002647
734.718501	0.057230	0.002818	0.002566
735.226663	0.058755	0.002828	0.002615
735.737275	0.056484	0.002679	0.002674
736.249404	0.056524	0.002883	0.002559
736.748620	0.058501	0.002591	0.002585
737.239295	0.058168	0.003041	0.002634
737.737105	0.056944	0.002965	0.002600
738.219079	0.058360	0.002775	0.002605
738.695851	0.058510	0.003012	0.002606
739.171096	0.057010	0.002530	0.002611
739.638668	0.057406	0.003449	0.002608
740.110912	0.059426	0.003105	0.002637
740.615469	0.056607	0.003348	0.002669
741.154475	0.056693	0.003274	0.002606
741.652851	0.058411	0.003063	0.002722
742.128523	0.059535	0.003121	0.002625
742.622326	0.057733	0.003517	0.002665
743.122795	0.057021	0.003522	0.002628
743.634995	0.058087	0.003362	0.002599
744.148857	0.059106	0.003428	0.002696
744.601135	0.057178	0.003602	0.002593
745.093428	0.057752	0.003720	0.002632
745.582316	0.058848	0.003893	0.002574
746.058739	0.058027	0.003819	0.002626
746.548797	0.056918	0.003802	0.002569
747.038414	0.058278	0.003852	0.002623
747.536845	0.055397	0.004038	0.002657
748.071009	0.057530	0.004039	0.002614
748.547138	0.056188	0.004176	0.002657
749.030805	0.058888	0.004058	0.002638
749.532175	0.058916	0.004248	0.002638
750.014814	0.056351	0.004192	0.002596
750.526731	0.058298	0.004336	0.002662
751.019788	0.056952	0.004378	0.002593
751.538827	0.056923	0.004163	0.002521
752.094632	0.057196	0.004593	0.002647
752.632012	0.058365	0.004662	0.002646
753.103790	0.056875	0.005147	0.002592
753.621104	0.058735	0.004606	0.002571
754.130555	0.056857	0.004837	0.002612
754.613357	0.058011	0.005568	0.002628
755.078665	0.058204	0.005086	0.002609
755.576858	0.056553	0.005089	0.002658
756.098169	0.059461	0.005348	0.002631
756.629815	0.058159	0.005315	0.002616
757.164208	0.057616	0.005719	0.002620
757.640846	0.057671	0.006175	0.002575
758.183909	0.054362	0.006148	0.002553
758.673690	0.058244	0.006167	0.002584
759.157687	0.058474	0.006300	0.002606
759.657099	0.057576	0.006320	0.002628
760.138059	0.057927	0.006412	0.002628
760.643425	0.058256	0.006421	0.002518
761.152947	0.058540	0.006511	0.002637
761.652764	0.056941	0.006542	0.002658
762.129797	0.058067	0.006645	0.002658
762.599672	0.058407	0.006644	0.002631
763.086152	0.056300	0.006975	0.002553
763.606457	0.056072	0.006958	0.002662
764.121109	0.057763	0.007236	0.002512
764.596894	0.059116	0.006716	0.002590
765.081762	0.057021	0.006824	0.002520
765.597412	0.057259	0.006883	0.002629
766.104541	0.057713	0.006867	0.002534
766.582629	0.058354	0.006665	0.002655
767.048033	0.058661	0.006970	0.002627
767.544154	0.056812	0.007131	0.002603
768.041216	0.058514	0.007440	0.002614
768.523916	0.056787	0.008426	0.002627
768.990139	0.057069	0.008991	0.002646
769.484875	0.058680	0.011438	0.002601
769.988027	0.058009	0.013045	0.002648
770.502062	0.056730	0.014434	0.002566
770.987758	0.058292	0.017170	0.002718
771.504919	0.057980	0.019353	0.002560
771.982858	0.058003	0.022138	0.002620
772.487162	0.056936	0.023658	0.002609
772.976002	0.057938	0.024380	0.002634
773.445223	0.057485	0.024624	0.002668
773.932950	0.057076	0.022809	0.002693
774.440989	0.057774	0.019503	0.002612
774.935104	0.057072	0.015248	0.002644
775.428322	0.058018	0.009827	0.002554
775.896310	0.056703	0.008145	0.002638
776.383637	0.057580	0.015343	0.002636
776.895178	0.059064	0.024888	0.002746
777.430870	0.056949	0.035648	0.002742
777.959149	0.058763	0.045015	0.002808
778.478511	0.058515	0.054770	0.002797
778.995753	0.058127	0.062415	0.002701
779.488430	0.057013	0.069564	0.002625
779.997202	0.057869	0.073751	0.002580
780.492958	0.057319	0.075800	0.002607
780.975187	0.058098	0.076235	0.002588
781.438057	0.058186	0.074885	0.002593
781.917859	0.058060	0.072977	0.002614
782.446658	0.057890	0.070278	0.002598
782.909397	0.057311	0.067700	0.002645
783.389453	0.056504	0.064284	0.002538
783.857279	0.057867	0.060877	0.002656
784.341528	0.058652	0.058115	0.002679
784.815709	0.056632	0.055245	0.002650
785.312810	0.057370	0.052892	0.002589
785.772975	0.057528	0.049905	0.002678
786.273221	0.055709	0.048372	0.002598
786.775921	0.057669	0.046045	0.002635
787.254272	0.056720	0.044484	0.002628
787.754370	0.056176	0.042603	0.002632
788.263451	0.057298	0.041004	0.002654
788.757354	0.057149	0.039843	0.002630
789.259774	0.057873	0.038667	0.002627
789.741730	0.056449	0.037314	0.002593
790.231256	0.055256	0.036571	0.002571
790.746889	0.056873	0.035356	0.002666
791.224550	0.057964	0.034702	0.002689
791.702637	0.057314	0.033647	0.002573
792.210473	0.057108	0.032706	0.002557
792.706769	0.057120	0.032964	0.002660
793.204867	0.055706	0.031645	0.002545
793.719210	0.056990	0.031144	0.002602
794.219549	0.056052	0.030065	0.002625
794.712109	0.057378	0.029862	0.002609
795.216690	0.056887	0.029112	0.002700
795.753238	0.057017	0.028580	0.002555
796.235819	0.056646	0.028517	0.002547
796.715899	0.058309	0.027734	0.002619
797.202538	0.056893	0.026990	0.002604
797.669170	0.056918	0.027008	0.002655
798.186533	0.057476	0.026882	0.002592
798.684496	0.058739	0.026443	0.002641
799.186085	0.056179	0.026392	0.002568
799.711925	0.058109	0.026125	0.002642
