800.460276	0.058079	0.021543	0.002569
800.946051	0.063040	0.021938	0.002703
801.428297	0.058801	0.020729	0.002706
801.905871	0.056496	0.022051	0.002664
802.391388	0.057110	0.022048	0.002648
802.875245	0.057000	0.020259	0.002578
803.405427	0.056848	0.021116	0.002661
803.910011	0.055503	0.021630	0.002749
804.383887	0.056283	0.020708	0.002653
804.885801	0.057452	0.021943	0.002693
805.377660	0.057164	0.020724	0.002666
805.837005	0.055460	0.021639	0.002664
806.302384	0.057523	0.020976	0.002559
806.770967	0.056900	0.020826	0.002633
807.209869	0.056963	0.021357	0.002581
807.739971	0.057458	0.020843	0.002554
808.216729	0.056129	0.022361	0.002731
808.678354	0.057330	0.019833	0.002640
809.187033	0.056523	0.021521	0.002601
809.671703	0.057959	0.021590	0.002640
810.156021	0.056712	0.020804	0.002589
810.631592	0.057175	0.020584	0.002686
811.141195	0.056603	0.020805	0.002653
811.589099	0.056185	0.020897	0.002691
812.087662	0.058857	0.020188	0.002665
812.587539	0.056238	0.020796	0.002593
813.097886	0.057985	0.022201	0.002562
813.622198	0.055736	0.021137	0.002699
814.092241	0.057165	0.020014	0.002596
814.571356	0.056896	0.020322	0.002711
815.063705	0.056202	0.020506	0.002616
815.591107	0.057361	0.021225	0.002585
816.080498	0.058005	0.020770	0.002587
816.566258	0.057127	0.020494	0.002694
817.098140	0.057383	0.021999	0.002575
817.679106	0.058301	0.021448	0.002614
818.220499	0.056400	0.021492	0.002694
818.705267	0.056751	0.020855	0.002694
819.172054	0.056026	0.022379	0.002756
819.657670	0.057747	0.019954	0.002645
820.183961	0.056653	0.021108	0.002692
820.702997	0.056051	0.021428	0.002601
821.173554	0.056965	0.021660	0.002613
821.667629	0.056047	0.021161	0.002695
822.145319	0.056514	0.020144	0.002634
822.621467	0.056956	0.020846	0.002596
823.101874	0.057081	0.019797	0.002667
823.598598	0.057231	0.020826	0.002597
824.098271	0.057126	0.021427	0.002668
824.615790	0.056725	0.020952	0.002850
825.089490	0.058080	0.021884	0.002716
825.591077	0.056856	0.020402	0.002622
826.100535	0.056365	0.020193	0.002637
826.628553	0.057151	0.021575	0.002691
827.104394	0.055775	0.020818	0.002842
827.598634	0.057470	0.021412	0.002721
828.113223	0.056953	0.021530	0.002683
828.608514	0.057881	0.021845	0.002653
829.090393	0.056035	0.021509	0.002808
829.582691	0.056422	0.020858	0.002617
830.106025	0.056429	0.021333	0.002673
830.593667	0.057578	0.021499	0.002632
831.073614	0.058763	0.021918	0.002693
831.548173	0.055387	0.022312	0.002655
832.056420	0.055856	0.021769	0.002697
832.545240	0.057111	0.020583	0.002661
833.058094	0.056846	0.021647	0.002626
833.599973	0.057079	0.022203	0.002641
834.130199	0.057000	0.021732	0.002781
834.653692	0.057281	0.020887	0.002659
835.145820	0.057139	0.021136	0.002786
835.688715	0.056314	0.021784	0.002735
836.201428	0.057903	0.019728	0.002731
836.706494	0.057582	0.021059	0.002703
837.193453	0.055560	0.022277	0.002594
837.668117	0.057263	0.021355	0.002681
838.128113	0.059460	0.021260	0.002679
838.621813	0.057551	0.022966	0.002659
839.107518	0.057435	0.022468	0.002661
839.585924	0.057914	0.022767	0.002695
840.070293	0.055961	0.022172	0.002686
840.564359	0.057483	0.021772	0.002635
841.043757	0.056925	0.023146	0.002690
841.541161	0.056729	0.023249	0.002663
842.024799	0.056723	0.023667	0.002640
842.498688	0.057091	0.022562	0.002651
842.975007	0.057072	0.021605	0.002712
843.476519	0.056154	0.022361	0.002754
843.972945	0.058222	0.021843	0.002755
844.481013	0.057156	0.022680	0.002612
844.943386	0.058818	0.021593	0.002646
845.447150	0.056541	0.021874	0.002678
845.936291	0.056499	0.021834	0.002711
846.423785	0.056598	0.023799	0.002632
846.949254	0.057401	0.023221	0.002685
847.456749	0.056113	0.021976	0.002635
847.945419	0.056517	0.022026	0.002688
848.446456	0.055669	0.022642	0.002674
848.997513	0.057913	0.022056	0.002937
849.520466	0.057345	0.023742	0.002791
850.050610	0.055042	0.023108	0.002677
850.544925	0.058058	0.023637	0.002754
851.040360	0.056237	0.022165	0.002768
851.514622	0.057628	0.024146	0.002651
851.991779	0.058025	0.023135	0.002721
852.476505	0.058203	0.022732	0.002644
852.965011	0.055814	0.024585	0.002748
853.491883	0.056894	0.022280	0.002669
854.021035	0.058512	0.022541	0.002683
854.490617	0.057510	0.023898	0.002645
854.960617	0.057844	0.024080	0.002645
855.458403	0.056385	0.023561	0.002826
855.994772	0.056451	0.024873	0.002804
856.526900	0.057131	0.025260	0.002753
857.007855	0.059283	0.023877	0.002876
857.526658	0.056973	0.026203	0.002682
857.999019	0.057727	0.024830	0.002656
858.496155	0.056580	0.024461	0.002619
858.990404	0.056096	0.024463	0.002637
859.463601	0.058411	0.024980	0.002599
859.947711	0.057993	0.023992	0.002684
860.440364	0.059202	0.023934	0.002664
860.944815	0.058177	0.025255	0.002714
861.408200	0.056560	0.024803	0.002614
861.883273	0.057924	0.024676	0.002694
862.397718	0.056838	0.026784	0.002726
862.897026	0.056485	0.026426	0.002604
863.375467	0.057299	0.025652	0.002839
863.859591	0.056817	0.026239	0.002744
864.337806	0.056719	0.025039	0.002604
864.847240	0.053972	0.025124	0.002611
865.346443	0.057847	0.026144	0.002648
865.826942	0.057966	0.026525	0.002788
866.323358	0.056484	0.025807	0.002667
866.815289	0.057432	0.026927	0.002722
867.330353	0.058467	0.025528	0.002709
867.813069	0.056571	0.026033	0.002616
868.348109	0.055713	0.026136	0.002609
868.859487	0.057261	0.027092	0.002629
869.329953	0.056769	0.026039	0.002642
869.831768	0.057619	0.024958	0.002850
870.317683	0.058222	0.025711	0.002615
870.808645	0.056386	0.026611	0.002613
871.312571	0.058432	0.026126	0.002665
871.821613	0.056805	0.026325	0.002739
872.336049	0.056342	0.026943	0.002533
872.844106	0.056800	0.026371	0.002692
873.358202	0.057997	0.026603	0.002796
873.880959	0.057348	0.026426	0.002733
874.394895	0.057458	0.026823	0.002725
874.881325	0.057376	0.026943	0.002760
875.362257	0.055853	0.026989	0.002682
875.838858	0.058711	0.027425	0.002651
876.330391	0.057796	0.025185	0.002682
876.802796	0.056760	0.026216	0.002609
877.275895	0.057981	0.027702	0.002580
877.773064	0.057875	0.026599	0.002734
878.270359	0.057500	0.027975	0.002741
878.804489	0.057665	0.027128	0.002617
879.280160	0.057295	0.027537	0.002772
879.760739	0.057727	0.027051	0.002772
880.263768	0.057336	0.027227	0.002644
880.749553	0.056304	0.027331	0.002645
881.245498	0.058613	0.028888	0.002677
881.752979	0.055742	0.027513	0.002601
882.259222	0.057367	0.028284	0.002748
882.746572	0.056507	0.028263	0.002767
883.224598	0.058286	0.027113	0.002772
883.728082	0.055730	0.027705	0.002691
884.279851	0.058166	0.028140	0.002927
884.786001	0.056823	0.029149	0.002609
885.322103	0.055603	0.029806	0.002659
885.807739	0.057722	0.028525	0.002731
886.290292	0.057786	0.029124	0.002556
886.761402	0.059337	0.029046	0.002672
887.289859	0.058472	0.028454	0.002660
887.789559	0.057543	0.028576	0.002721
888.312439	0.057035	0.029905	0.002722
888.841703	0.057889	0.028621	0.002838
889.382270	0.055744	0.029289	0.002805
889.910361	0.056866	0.028200	0.002704
890.367061	0.057300	0.030061	0.002565
890.869840	0.057834	0.030011	0.002661
891.358102	0.056282	0.030118	0.002604
891.831281	0.057065	0.029625	0.002666
892.313724	0.058230	0.028237	0.002665
892.833255	0.055523	0.030938	0.002756
893.340370	0.057481	0.029659	0.002509
893.842154	0.057253	0.030043	0.002599
894.313365	0.057497	0.030609	0.002752
894.817780	0.058609	0.029889	0.002755
895.315893	0.056952	0.029449	0.002691
895.804661	0.059807	0.031131	0.002756
896.280593	0.056759	0.030411	0.002649
896.745632	0.057654	0.030589	0.002566
897.158627	0.057729	0.028726	0.002566
897.638846	0.057723	0.029955	0.002647
898.121902	0.057655	0.031524	0.002673
898.621893	0.057538	0.030385	0.002569
899.115556	0.058100	0.032185	0.002714
899.677172	0.058494	0.030034	0.002778
900.221611	0.058372	0.029766	0.002649
900.763794	0.057623	0.030351	0.002654
901.211292	0.058080	0.030850	0.002691
901.716790	0.058040	0.029954	0.002634
902.196900	0.057986	0.029485	0.002722
902.678546	0.059579	0.030779	0.002604
903.180520	0.056526	0.030718	0.002667
903.672812	0.057625	0.029343	0.002800
904.157388	0.056345	0.031172	0.002693
904.635752	0.057706	0.030518	0.002676
905.116470	0.057129	0.031980	0.002643
905.584699	0.057609	0.031151	0.002716
906.077659	0.059608	0.031881	0.002662
906.559366	0.057788	0.031216	0.002644
907.079144	0.056839	0.032955	0.002715
907.598717	0.060057	0.030283	0.002861
908.075140	0.059005	0.030836	0.002775
908.564082	0.057632	0.031981	0.002632
909.056525	0.058494	0.031581	0.002755
909.548679	0.059448	0.031338	0.002662
910.021451	0.056657	0.032811	0.002620
910.517170	0.056191	0.031117	0.002690
911.020914	0.057856	0.030714	0.002816
911.530934	0.059573	0.031761	0.002644
912.043593	0.057572	0.032800	0.002780
912.541537	0.056734	0.031981	0.002735
913.041825	0.058252	0.031164	0.002672
913.562358	0.059817	0.033492	0.002753
914.054400	0.058824	0.034161	0.002728
914.545728	0.056708	0.033408	0.002691
915.027620	0.057923	0.030993	0.002742
915.547787	0.057326	0.031912	0.002690
916.045967	0.058701	0.032729	0.002668
916.564117	0.057027	0.031684	0.002624
917.041477	0.059191	0.033498	0.002652
917.489565	0.059070	0.033922	0.002821
918.012273	0.057084	0.032488	0.002674
918.488193	0.058091	0.034712	0.002732
918.941522	0.059777	0.033820	0.002666
919.426412	0.059965	0.033886	0.002812
919.919981	0.058453	0.032453	0.002623
920.386819	0.057648	0.032038	0.002813
920.860380	0.059777	0.031680	0.002570
921.329589	0.060797	0.032964	0.002664
921.825442	0.059877	0.033076	0.002598
922.298928	0.058238	0.033822	0.002699
922.782071	0.058365	0.032866	0.002739
923.251791	0.059573	0.033321	0.002755
923.735049	0.056322	0.032871	0.002573
924.268584	0.057612	0.033772	0.002742
924.783020	0.057450	0.033982	0.002780
925.279174	0.057749	0.033545	0.002720
925.748482	0.057966	0.032879	0.002635
926.245629	0.058954	0.034081	0.002652
926.729684	0.058669	0.033106	0.002677
927.245312	0.061255	0.033099	0.002700
927.729811	0.058886	0.035034	0.002666
928.200847	0.056460	0.034565	0.002759
928.703553	0.059710	0.032736	0.002721
929.218607	0.059241	0.035351	0.002802
929.731861	0.058525	0.034826	0.002696
930.192438	0.058125	0.036097	0.002771
930.676969	0.057696	0.033929	0.002677
931.184354	0.060034	0.033472	0.002809
931.697289	0.056763	0.034055	0.002807
932.160510	0.060670	0.034723	0.002758
932.700482	0.060539	0.034537	0.002789
933.185313	0.058534	0.034554	0.002766
933.701696	0.058743	0.033376	0.002746
934.221852	0.057908	0.036458	0.002636
934.718119	0.060810	0.034580	0.002737
935.196749	0.059902	0.034008	0.002693
935.672067	0.057993	0.036197	0.002755
936.159378	0.057124	0.036274	0.002800
936.672931	0.056724	0.033779	0.002697
937.161862	0.057836	0.034659	0.002753
937.650066	0.059391	0.033128	0.002772
938.171828	0.060239	0.035650	0.002673
938.695187	0.059179	0.034968	0.002828
939.205665	0.060860	0.035993	0.002799
939.675257	0.061498	0.038113	0.002748
940.127866	0.059106	0.036597	0.002698
940.615132	0.058605	0.035164	0.002643
941.080283	0.061291	0.034171	0.002716
941.567237	0.059119	0.036474	0.002758
942.052214	0.058463	0.035873	0.002688
942.539460	0.063015	0.036786	0.002952
943.062309	0.057671	0.037054	0.002692
943.529892	0.059776	0.034249	0.002729
944.050428	0.058630	0.036420	0.002762
944.573727	0.059937	0.038713	0.002840
945.081831	0.058789	0.035215	0.002688
945.583313	0.060535	0.035457	0.002848
946.061270	0.060431	0.037846	0.002644
946.519678	0.059755	0.035837	0.002780
947.017338	0.060820	0.035186	0.002576
947.508140	0.059803	0.035500	0.002741
947.994457	0.058923	0.035714	0.002680
948.468574	0.060611	0.037003	0.002741
948.937964	0.058742	0.035892	0.002745
949.439131	0.058668	0.037487	0.002707
949.948396	0.059401	0.035730	0.002680
950.433978	0.059622	0.035874	0.002723
950.916999	0.058201	0.037585	0.002703
951.387567	0.060536	0.037909	0.002700
951.869241	0.060580	0.038465	0.002777
952.348172	0.060145	0.035784	0.002817
952.822623	0.060811	0.036565	0.002676
953.307113	0.058218	0.037305	0.002689
953.805713	0.060310	0.036837	0.002875
954.283970	0.063999	0.036289	0.002827
954.767117	0.058877	0.036699	0.002799
955.241698	0.059708	0.036282	0.002771
955.731995	0.058693	0.035833	0.002815
956.258301	0.057235	0.038561	0.002652
956.762335	0.058435	0.037710	0.002661
957.204749	0.059551	0.036550	0.002704
957.721428	0.061008	0.036468	0.002832
958.241971	0.059549	0.036174	0.002737
958.746469	0.059523	0.037338	0.002695
959.237136	0.060858	0.037946	0.002789
959.685701	0.059523	0.039150	0.002725
960.206088	0.060622	0.037325	0.002736
960.712386	0.059738	0.037412	0.002669
961.214531	0.062832	0.036188	0.002834
961.694274	0.058799	0.038701	0.002795
962.187663	0.060076	0.038174	0.002722
962.700339	0.060003	0.038820	0.002880
963.002431	0.060257	0.037859	0.002643
962.538958	0.061782	0.039742	0.002989
962.038717	0.060570	0.037337	0.002689
961.533369	0.062878	0.038085	0.002646
961.022940	0.060438	0.036767	0.002711
960.522202	0.061356	0.036449	0.002870
960.024264	0.061285	0.036926	0.002718
959.541514	0.060509	0.037917	0.002792
959.065381	0.061486	0.036137	0.002757
958.536079	0.061365	0.037846	0.002711
958.026903	0.058830	0.037571	0.002790
957.542124	0.060705	0.037671	0.002738
957.049847	0.059426	0.035745	0.002710
956.578136	0.058258	0.036400	0.002765
956.060867	0.061600	0.037140	0.002774
955.580225	0.057649	0.036145	0.002670
955.093816	0.060775	0.037085	0.002666
954.597664	0.059870	0.037447	0.002751
954.084160	0.060069	0.036498	0.002676
953.565822	0.059399	0.037428	0.002698
953.099244	0.058909	0.037003	0.002773
952.621042	0.061044	0.038742	0.002797
952.086498	0.060944	0.035990	0.002668
951.554600	0.060684	0.038638	0.002643
951.101347	0.060281	0.037497	0.002732
950.598370	0.060766	0.036044	0.002722
950.098490	0.059126	0.038500	0.002653
949.600062	0.061407	0.036097	0.002811
949.127765	0.060502	0.037897	0.002707
948.633986	0.059167	0.037888	0.002875
948.110646	0.061812	0.037091	0.002663
947.580108	0.060408	0.036611	0.002727
947.064655	0.058939	0.037066	0.002854
946.547704	0.060223	0.036733	0.002654
946.056282	0.059170	0.036702	0.002683
945.564467	0.058331	0.035936	0.002699
945.051582	0.058962	0.036866	0.002751
944.546117	0.059221	0.036667	0.002767
944.062873	0.059881	0.036606	0.002724
943.573166	0.060937	0.036186	0.002808
943.041673	0.059678	0.036854	0.002769
942.480884	0.059138	0.034891	0.002829
941.960868	0.059834	0.037443	0.002699
941.504242	0.058277	0.036257	0.002655
941.015358	0.060424	0.036502	0.002756
940.500906	0.059680	0.033623	0.002712
939.995857	0.060581	0.035761	0.002673
939.517238	0.059267	0.036416	0.002645
938.974181	0.059258	0.035539	0.002987
938.474822	0.059511	0.034577	0.002786
937.975037	0.060072	0.033562	0.002653
937.500203	0.059369	0.035886	0.002796
937.006253	0.058899	0.036928	0.002632
936.510606	0.059901	0.035066	0.002703
936.014758	0.059022	0.034084	0.002718
935.516185	0.059010	0.033651	0.002631
935.002452	0.058445	0.034203	0.002711
934.512475	0.062552	0.035473	0.002866
934.017433	0.058016	0.033993	0.002681
933.511626	0.059048	0.035145	0.002763
932.983297	0.058860	0.034567	0.002718
932.512718	0.061508	0.033810	0.002729
931.997385	0.059569	0.034149	0.002724
931.491496	0.057835	0.035137	0.002786
930.964026	0.058436	0.033991	0.002743
930.464462	0.057047	0.034362	0.002672
929.950637	0.057133	0.034777	0.002764
929.480688	0.059416	0.034709	0.002667
928.969943	0.059985	0.033627	0.002710
928.453882	0.060155	0.032492	0.002705
927.953310	0.058451	0.034293	0.002806
927.471279	0.059372	0.034199	0.002685
926.949633	0.058798	0.032876	0.002643
926.447229	0.058048	0.034151	0.002618
925.927934	0.059668	0.033419	0.002687
925.444786	0.057294	0.034324	0.002708
924.934357	0.058138	0.033439	0.002606
924.409248	0.059083	0.035177	0.002658
923.902662	0.061993	0.033226	0.002742
923.432537	0.059109	0.031300	0.002732
922.935726	0.057447	0.032033	0.002670
922.484224	0.056915	0.034824	0.002703
921.982272	0.058959	0.033055	0.002697
921.473083	0.058443	0.033556	0.002688
920.991789	0.058042	0.032785	0.002680
920.504923	0.059756	0.034301	0.002840
920.020200	0.059631	0.033088	0.002791
919.523199	0.059110	0.033218	0.002724
919.040696	0.058723	0.033249	0.002649
918.557704	0.059185	0.031972	0.002809
918.108840	0.058842	0.032027	0.002648
917.600358	0.056915	0.033746	0.002699
917.097148	0.058383	0.034927	0.002687
916.607340	0.059378	0.032543	0.002608
916.069283	0.058663	0.032072	0.002621
915.530731	0.062016	0.032352	0.002821
915.007149	0.057993	0.033110	0.002698
914.479588	0.056962	0.031225	0.002686
914.022405	0.059274	0.032959	0.002765
913.551354	0.060422	0.032241	0.002600
913.089959	0.059381	0.032568	0.002741
912.546077	0.056523	0.030617	0.002638
912.078935	0.060443	0.032202	0.002618
911.592040	0.059089	0.033819	0.002664
911.132812	0.057245	0.031473	0.002568
910.620088	0.060155	0.031616	0.002670
910.114308	0.058004	0.030993	0.002790
909.648463	0.058016	0.030545	0.002665
909.156557	0.057084	0.032565	0.002725
908.646928	0.060019	0.031257	0.002648
908.172364	0.059389	0.031504	0.002685
907.688114	0.059073	0.032806	0.002633
907.194003	0.059401	0.032236	0.002693
906.701873	0.059329	0.029988	0.002710
906.176402	0.057719	0.032210	0.002706
905.653201	0.056676	0.030533	0.002735
905.122213	0.057964	0.029674	0.002576
904.613506	0.058700	0.032254	0.002815
904.126906	0.060293	0.030504	0.002696
903.658277	0.057753	0.030597	0.002638
903.167607	0.059976	0.031700	0.002597
902.679066	0.058058	0.030025	0.002637
902.208404	0.057131	0.031345	0.002869
901.689198	0.056238	0.031145	0.002842
901.202870	0.058950	0.031051	0.002873
900.716177	0.058782	0.031238	0.002717
900.212430	0.059932	0.028485	0.002636
899.704685	0.057995	0.030412	0.002608
899.191818	0.058422	0.030491	0.002618
898.694032	0.058049	0.030345	0.002646
898.235353	0.057244	0.031065	0.002768
897.764760	0.059398	0.031847	0.002788
897.260864	0.057342	0.029792	0.002846
896.811240	0.054326	0.030442	0.002792
896.333814	0.059471	0.029477	0.002675
895.827561	0.060246	0.030474	0.002608
895.345215	0.057431	0.031144	0.002672
894.834015	0.057263	0.030538	0.002986
894.330116	0.058400	0.030248	0.002591
893.828500	0.057213	0.030795	0.002681
893.309421	0.059453	0.029261	0.002686
892.809932	0.058651	0.030354	0.002814
892.303595	0.057473	0.029925	0.002743
891.813773	0.059000	0.028532	0.002668
891.293767	0.057763	0.029717	0.002723
890.748158	0.060615	0.029794	0.002652
890.208845	0.057009	0.029951	0.002625
889.672024	0.057568	0.028474	0.002661
889.194937	0.058106	0.029329	0.002709
888.698017	0.056901	0.028832	0.002743
888.178673	0.057991	0.028788	0.002696
887.697019	0.055789	0.029546	0.002693
887.225538	0.057468	0.028733	0.002708
886.725713	0.060110	0.029636	0.002700
886.196078	0.062612	0.028448	0.002649
885.673185	0.056729	0.029100	0.002707
885.173756	0.058027	0.029082	0.002590
884.695186	0.056888	0.028279	0.002747
884.214241	0.056898	0.030306	0.002742
883.721688	0.056630	0.028108	0.002642
883.203850	0.056295	0.027204	0.002809
882.715671	0.058680	0.028834	0.002670
882.216216	0.057740	0.028274	0.002676
881.685120	0.058527	0.027359	0.002621
881.169087	0.056290	0.027880	0.002795
880.667429	0.057851	0.028128	0.002699
880.180184	0.057337	0.026730	0.002672
879.700860	0.058449	0.028197	0.002669
879.203216	0.057461	0.027435	0.002638
878.694076	0.056985	0.027174	0.002632
878.173744	0.057826	0.026000	0.002615
877.640287	0.060136	0.025930	0.002793
877.104275	0.058423	0.027464	0.002771
876.573201	0.057561	0.027968	0.002745
876.038467	0.057983	0.026672	0.002642
875.576273	0.057478	0.026157	0.002905
875.077624	0.057977	0.025312	0.002744
874.594164	0.057741	0.027300	0.002741
874.103458	0.059350	0.026939	0.002689
873.622506	0.057126	0.026737	0.002676
873.110474	0.058244	0.026384	0.002699
872.613648	0.057788	0.025309	0.002687
872.127546	0.057680	0.026558	0.002716
871.608490	0.058095	0.026006	0.002655
871.125416	0.057903	0.024871	0.002715
870.622448	0.058402	0.027405	0.002733
870.147237	0.056754	0.025689	0.002677
869.641804	0.058091	0.026192	0.002615
869.120456	0.056802	0.025997	0.002662
868.629737	0.059492	0.024244	0.002649
868.153606	0.058333	0.025393	0.002646
867.668011	0.056914	0.026345	0.002585
867.177711	0.057473	0.025441	0.002650
866.689433	0.058175	0.025612	0.002633
866.192035	0.056107	0.025013	0.002654
865.669838	0.056124	0.024968	0.002625
865.179672	0.057967	0.025097	0.002623
864.706182	0.056981	0.025448	0.002697
864.238330	0.055946	0.025638	0.002812
863.756910	0.058115	0.024166	0.002634
863.256625	0.057447	0.024115	0.002624
862.758675	0.056824	0.026462	0.002708
862.267582	0.057471	0.024810	0.002711
861.775813	0.057450	0.023973	0.002727
861.265773	0.057222	0.023580	0.002719
860.752487	0.057019	0.023229	0.002798
860.222028	0.055816	0.024281	0.002689
859.722534	0.057285	0.024421	0.002615
859.205865	0.058012	0.024330	0.002732
858.668972	0.058637	0.024795	0.002698
858.142679	0.058569	0.023813	0.002653
857.677031	0.057471	0.025323	0.002669
857.161539	0.057333	0.024065	0.002616
856.680819	0.058731	0.023650	0.002675
856.165048	0.055870	0.022775	0.002645
855.649958	0.057306	0.022814	0.002753
855.186885	0.058125	0.024176	0.002663
854.674565	0.058245	0.024262	0.002646
854.176266	0.054055	0.023275	0.002686
853.665682	0.056786	0.023141	0.002721
853.171147	0.055959	0.024789	0.002620
852.700706	0.057423	0.024976	0.002664
852.203517	0.057752	0.022223	0.002724
851.703143	0.057585	0.023284	0.002641
851.181530	0.056449	0.023550	0.002610
850.702620	0.056253	0.022622	0.002638
850.206572	0.055780	0.023071	0.002695
849.720691	0.056714	0.023042	0.002746
849.202913	0.057534	0.022640	0.002624
848.705123	0.056340	0.022610	0.002709
848.241787	0.055391	0.022947	0.002629
847.740922	0.056035	0.023285	0.003036
847.247824	0.056116	0.022400	0.002687
846.739165	0.058396	0.023127	0.002683
846.253146	0.056700	0.023285	0.002633
845.768667	0.057510	0.022239	0.002650
845.257393	0.056525	0.021430	0.002687
844.741899	0.056997	0.020757	0.002776
844.222811	0.056931	0.022980	0.002615
843.757255	0.057349	0.021991	0.002653
843.250621	0.057704	0.021288	0.002679
842.764199	0.058096	0.022051	0.002790
842.280059	0.058526	0.023050	0.002587
841.800897	0.057400	0.022463	0.002740
841.288227	0.057217	0.021465	0.002659
840.802676	0.057722	0.023406	0.002663
840.271518	0.057748	0.022784	0.002738
839.787094	0.057159	0.022293	0.002564
839.287403	0.057265	0.020889	0.002632
838.820354	0.057669	0.021434	0.002650
838.328953	0.056876	0.022786	0.002760
837.855213	0.055730	0.021384	0.002662
837.367790	0.056424	0.022468	0.002669
836.874151	0.055817	0.020507	0.002715
836.360465	0.057301	0.022202	0.002637
835.839791	0.057874	0.021415	0.002666
835.366359	0.056611	0.021076	0.002604
834.888888	0.058429	0.021086	0.002588
834.402971	0.056762	0.020926	0.002721
833.939080	0.057688	0.020219	0.002776
833.444991	0.058163	0.020391	0.002609
832.931404	0.057346	0.022183	0.002671
832.436428	0.057939	0.022179	0.002557
831.929126	0.057413	0.021300	0.002702
831.404769	0.057727	0.021230	0.002638
830.923925	0.056504	0.019751	0.002615
830.394717	0.056824	0.021450	0.002630
829.889657	0.056969	0.021450	0.002708
829.368060	0.056977	0.021493	0.002671
828.849178	0.055314	0.020385	0.002677
828.325459	0.056644	0.020499	0.002699
827.838912	0.058094	0.021148	0.002539
827.338618	0.057307	0.022084	0.002637
826.791859	0.056614	0.020581	0.002738
826.272807	0.056604	0.021505	0.002624
825.804808	0.057490	0.021069	0.002632
825.300442	0.057646	0.021102	0.002666
824.816007	0.057083	0.021284	0.002729
824.336810	0.056004	0.020201	0.002636
823.853764	0.056920	0.021535	0.002694
823.371426	0.056829	0.020991	0.002611
822.867442	0.056918	0.021184	0.002674
822.357409	0.057570	0.020952	0.002594
821.875311	0.057038	0.020967	0.002679
821.391541	0.056551	0.020758	0.002638
820.920009	0.057770	0.020061	0.002637
820.413994	0.057694	0.020715	0.002527
819.914860	0.057760	0.021138	0.002616
819.404191	0.055366	0.020161	0.002607
818.923157	0.057321	0.021105	0.002675
818.438789	0.058416	0.021318	0.002741
817.916617	0.057705	0.020328	0.002685
817.386041	0.055893	0.020076	0.002620
816.889531	0.056078	0.021257	0.002628
816.391867	0.056184	0.019928	0.002642
815.916215	0.056673	0.020155	0.002628
815.412014	0.055999	0.020234	0.002656
814.873850	0.056943	0.020669	0.002631
814.388759	0.055681	0.021362	0.002601
813.857998	0.055268	0.020764	0.002734
813.355877	0.056888	0.021847	0.002537
812.847024	0.056793	0.020391	0.002638
812.313370	0.057456	0.020280	0.002649
811.829918	0.055671	0.020934	0.002652
811.386286	0.056861	0.021315	0.002692
810.880736	0.058053	0.021915	0.002662
810.387844	0.056807	0.021297	0.002635
809.914358	0.056486	0.019851	0.002663
809.432723	0.058042	0.019907	0.002606
808.933634	0.057035	0.020855	0.002700
808.423187	0.056121	0.021722	0.002642
807.910846	0.058476	0.022232	0.002615
807.436076	0.057691	0.020951	0.002647
806.958001	0.056274	0.021432	0.002682
806.451584	0.055535	0.020237	0.002683
805.925600	0.056495	0.020882	0.002551
805.404029	0.056520	0.021703	0.002785
804.908015	0.056869	0.021149	0.002680
804.412200	0.056022	0.021261	0.002590
803.907609	0.056245	0.020620	0.002633
803.397818	0.057319	0.021354	0.002611
802.892772	0.057528	0.021369	0.002577
802.390282	0.056785	0.021796	0.002549
801.879968	0.056128	0.020926	0.002558
801.363674	0.056239	0.021023	0.002693
800.815148	0.058806	0.021227	0.002625
800.311775	0.056486	0.021658	0.002601
799.819954	0.057001	0.021551	0.002633
799.324451	0.056994	0.020965	0.002629
798.822932	0.057410	0.021051	0.002733
798.342445	0.057287	0.021179	0.002635
797.876482	0.056628	0.020828	0.002617
797.363948	0.056372	0.021318	0.002609
796.852918	0.056435	0.021800	0.002592
796.356299	0.057663	0.023563	0.002647
795.865220	0.056438	0.022404	0.002632
795.375063	0.056925	0.021956	0.002604
794.881394	0.056507	0.021280	0.002630
794.384994	0.056770	0.022296	0.002603
793.874799	0.056621	0.022377	0.002658
793.394324	0.055834	0.022452	0.002507
792.896667	0.055949	0.021206	0.002602
792.403935	0.056617	0.023290	0.002638
791.876871	0.058428	0.022221	0.002580
791.415996	0.057505	0.022626	0.002724
790.931629	0.057449	0.022530	0.002612
790.414674	0.058108	0.021577	0.002648
789.935503	0.056053	0.021848	0.002618
789.435446	0.057395	0.021470	0.002543
788.950552	0.057395	0.022096	0.002587
788.454362	0.056199	0.022906	0.002561
787.951005	0.057773	0.022384	0.002602
787.428179	0.056818	0.022542	0.002645
786.939808	0.057643	0.022983	0.002669
786.462025	0.057416	0.023372	0.002622
785.955997	0.058076	0.022990	0.002586
785.433736	0.056827	0.023091	0.002585
784.933360	0.057410	0.022534	0.002642
784.460149	0.056271	0.022914	0.002627
783.977960	0.057356	0.023750	0.002730
783.491677	0.058220	0.024432	0.002703
782.980369	0.056453	0.023708	0.002773
782.480007	0.057628	0.023585	0.002769
781.999340	0.056704	0.022819	0.002632
781.500145	0.057236	0.021744	0.002695
781.015054	0.057227	0.024343	0.002597
780.477207	0.057544	0.024122	0.002572
780.002586	0.055803	0.023327	0.002621
779.514319	0.056758	0.024124	0.002605
778.996276	0.056208	0.023871	0.002633
778.453771	0.057607	0.023680	0.002651
777.982054	0.057486	0.023934	0.002603
777.443337	0.057838	0.023002	0.002710
776.903419	0.058913	0.024457	0.002638
776.373489	0.057047	0.024215	0.002622
775.901442	0.056771	0.024675	0.002583
775.440099	0.057093	0.023998	0.002643
774.920298	0.056319	0.024456	0.002672
774.413502	0.056669	0.024804	0.002624
773.921684	0.055693	0.023884	0.002618
773.429192	0.056769	0.023939	0.002666
772.949691	0.056354	0.024825	0.002658
772.444514	0.058367	0.024116	0.002672
771.946607	0.055657	0.024784	0.002572
771.434088	0.058735	0.024275	0.002717
770.943181	0.057249	0.024551	0.002646
770.426665	0.057871	0.024585	0.002601
769.938461	0.056060	0.024473	0.002616
769.420388	0.057346	0.023883	0.002610
768.928643	0.056442	0.025035	0.002649
768.438156	0.056851	0.024196	0.002548
767.936882	0.057081	0.024676	0.002637
767.423161	0.057427	0.024439	0.002587
766.901507	0.057290	0.025325	0.002614
766.386112	0.056084	0.024445	0.002637
765.873875	0.056415	0.025047	0.002669
765.377266	0.057126	0.025090	0.002613
764.879439	0.055578	0.025092	0.002735
764.359929	0.057050	0.025262	0.002592
763.883221	0.056761	0.024639	0.002598
763.388405	0.059043	0.025215	0.002671
762.893845	0.056302	0.024847	0.002689
762.373318	0.057076	0.024705	0.002672
761.878173	0.056346	0.025073	0.002630
761.379998	0.057905	0.025182	0.002717
760.856118	0.057087	0.024973	0.002656
760.367769	0.058265	0.025824	0.002672
759.852951	0.056697	0.025790	0.002604
759.361576	0.058229	0.025354	0.002672
758.837427	0.057751	0.024923	0.002666
758.333949	0.057262	0.025470	0.002642
757.821608	0.056457	0.025604	0.002704
757.330908	0.058381	0.025552	0.002625
756.845789	0.056463	0.025402	0.002585
756.337963	0.058375	0.025108	0.002640
755.807130	0.057369	0.025151	0.002594
755.310666	0.058284	0.025265	0.002694
754.840618	0.057250	0.025426	0.002587
754.347267	0.058458	0.025358	0.002598
753.845381	0.057110	0.024785	0.002723
753.355744	0.058650	0.025944	0.002597
752.872671	0.058418	0.025542	0.002561
752.390045	0.055894	0.026189	0.002669
751.867064	0.057680	0.025398	0.002695
751.361908	0.056441	0.025578	0.002693
750.856683	0.057241	0.026082	0.002665
750.368028	0.057121	0.025946	0.002644
749.912747	0.056151	0.025489	0.002648
749.407233	0.057404	0.024878	0.002684
748.932695	0.057206	0.025789	0.002609
748.445571	0.057126	0.026059	0.002604
747.943460	0.057245	0.024877	0.002652
747.451796	0.056925	0.025653	0.002601
746.970099	0.057783	0.026122	0.002648
746.460123	0.057318	0.025201	0.002570
745.982704	0.058548	0.025270	0.002612
745.469265	0.057054	0.025842	0.002645
744.977484	0.058462	0.025083	0.002627
744.485988	0.058163	0.025546	0.002644
743.971732	0.056724	0.026131	0.002615
743.487684	0.058312	0.026209	0.002635
742.999645	0.057205	0.025027	0.002676
742.487836	0.059225	0.025931	0.002690
741.980746	0.058210	0.025574	0.002677
741.491484	0.058590	0.026015	0.002609
741.042818	0.059086	0.026100	0.002563
740.537833	0.056978	0.025223	0.002625
740.028173	0.058282	0.025651	0.002637
739.513488	0.057663	0.025750	0.002609
739.018512	0.056074	0.025778	0.002618
738.469882	0.057477	0.025846	0.002648
737.969382	0.057682	0.025569	0.002601
737.458547	0.059234	0.025801	0.002622
736.941949	0.057116	0.026055	0.002617
736.481353	0.058079	0.025369	0.002611
735.991935	0.057935	0.025890	0.002669
735.489416	0.057692	0.026553	0.002554
734.995635	0.057604	0.026033	0.002632
734.524990	0.058426	0.025283	0.002651
734.023530	0.057324	0.025736	0.002611
733.504020	0.057781	0.025351	0.002601
733.000341	0.056477	0.025769	0.002602
732.470473	0.056926	0.025474	0.002640
731.989580	0.059487	0.025775	0.002549
731.480004	0.058261	0.025984	0.002646
731.004658	0.056506	0.025542	0.002573
730.480437	0.057507	0.025732	0.002663
729.988677	0.060120	0.025429	0.002648
729.501513	0.058380	0.025471	0.002633
728.968887	0.057909	0.025452	0.002609
728.443434	0.058801	0.025417	0.002688
727.913251	0.056731	0.025656	0.002627
727.448067	0.056722	0.025467	0.002617
726.926632	0.056692	0.025249	0.002523
726.432838	0.057040	0.025859	0.002645
725.951653	0.057053	0.025218	0.002699
725.447238	0.057260	0.025987	0.002559
724.991012	0.058064	0.025413	0.002607
724.473938	0.058351	0.025766	0.002632
723.995735	0.058544	0.025631	0.002670
723.476249	0.059363	0.025104	0.002551
722.988165	0.057311	0.025881	0.002656
722.497203	0.058334	0.025510	0.002589
721.994187	0.057239	0.025549	0.002574
721.467756	0.057502	0.025011	0.002620
720.935724	0.059503	0.025526	0.002621
720.442309	0.057545	0.025517	0.002616
719.953687	0.057768	0.025520	0.002603
719.472609	0.057763	0.025394	0.002604
718.978082	0.057159	0.025306	0.002571
718.506294	0.058248	0.025412	0.002612
718.051242	0.056999	0.025917	0.002623
717.556244	0.057909	0.025488	0.002622
717.051137	0.059890	0.025354	0.002568
716.529312	0.058485	0.026330	0.002613
716.050369	0.056795	0.025166	0.002651
715.515322	0.057178	0.024879	0.002664
715.012454	0.059049	0.025621	0.002596
714.490530	0.058254	0.025596	0.002688
713.995855	0.058404	0.025392	0.002678
713.505390	0.057821	0.025649	0.002542
713.028524	0.058893	0.025423	0.002659
712.506346	0.059014	0.025370	0.002625
712.035852	0.059178	0.025368	0.002736
711.540238	0.057984	0.025996	0.002548
711.017730	0.059375	0.026174	0.002619
710.509266	0.059086	0.026026	0.002509
710.019268	0.056850	0.026237	0.002596
709.511256	0.058646	0.026060	0.002702
709.027979	0.059117	0.026252	0.002571
708.543464	0.056194	0.026908	0.002597
708.063324	0.059238	0.026570	0.002659
707.536239	0.058428	0.026561	0.002630
707.056118	0.059491	0.026542	0.002609
706.581244	0.058787	0.026806	0.002670
706.091037	0.058260	0.027128	0.002512
705.589053	0.059165	0.027319	0.002593
705.100740	0.057109	0.027282	0.002661
704.645459	0.060046	0.028125	0.002561
704.189576	0.058213	0.028236	0.002667
703.707918	0.058427	0.028222	0.002622
703.218643	0.058121	0.029183	0.002658
702.677119	0.060289	0.028947	0.002585
702.211862	0.058316	0.029759	0.002631
701.698423	0.059141	0.029906	0.002603
701.213316	0.059996	0.030714	0.002649
700.735899	0.058402	0.030943	0.002497
700.243190	0.058284	0.031477	0.002526
699.753781	0.058276	0.031847	0.002614
699.252030	0.059348	0.032923	0.002538
698.764455	0.059266	0.033736	0.002566
698.271863	0.058101	0.034819	0.002601
697.777573	0.058647	0.036101	0.002543
697.263762	0.059361	0.037027	0.002613
696.747097	0.059690	0.038928	0.002561
696.255353	0.058825	0.040162	0.002629
695.790214	0.060060	0.042285	0.002579
695.314206	0.057180	0.044238	0.002735
694.831369	0.059129	0.047137	0.002606
694.299096	0.060514	0.050747	0.002689
693.796992	0.060744	0.053699	0.002628
693.274265	0.057576	0.057692	0.002628
692.771329	0.058350	0.062335	0.002574
692.256708	0.059088	0.066728	0.002666
691.749180	0.057477	0.071376	0.002660
691.270283	0.058701	0.075542	0.002573
690.800589	0.058532	0.079106	0.002569
690.329934	0.057365	0.081449	0.002674
689.846173	0.059421	0.081872	0.002583
689.389399	0.060765	0.081693	0.002561
688.911107	0.059038	0.079937	0.002607
688.414597	0.057762	0.076247	0.002613
687.897042	0.058463	0.072230	0.002584
687.404161	0.058569	0.067297	0.002668
686.879897	0.059771	0.062425	0.002744
686.364689	0.057651	0.057162	0.002572
685.857059	0.058473	0.052317	0.002713
685.335539	0.060311	0.048685	0.002638
684.828023	0.060307	0.044938	0.002665
684.359308	0.058921	0.042075	0.002646
683.824711	0.059854	0.038782	0.002599
683.334479	0.059136	0.036610	0.002611
682.825998	0.059527	0.034358	0.002588
682.279200	0.058712	0.032305	0.002597
681.793667	0.057832	0.030177	0.002556
681.276590	0.060130	0.028695	0.002522
680.736902	0.059808	0.027273	0.002651
680.242101	0.056935	0.025579	0.002619
679.734122	0.059561	0.024280	0.002603
679.282753	0.059775	0.023121	0.002627
678.771757	0.060952	0.021974	0.002587
678.291163	0.059126	0.021698	0.002599
677.785085	0.057990	0.020332	0.002564
677.308160	0.059309	0.019655	0.002663
676.830889	0.060591	0.018889	0.002699
676.338325	0.059641	0.017732	0.002617
675.838926	0.059596	0.017074	0.002613
675.333021	0.059694	0.016420	0.002726
674.826074	0.059840	0.015982	0.002664
674.352436	0.060765	0.015122	0.002610
673.834985	0.057083	0.014655	0.002702
673.311868	0.059028	0.014335	0.002614
672.819264	0.060476	0.014035	0.002606
672.325771	0.058668	0.013341	0.002589
671.830923	0.059475	0.012767	0.002622
671.305838	0.059748	0.012525	0.002595
670.771608	0.058641	0.011954	0.002635
670.274624	0.058629	0.011222	0.002563
669.761253	0.058275	0.011060	0.002655
669.248258	0.058675	0.010121	0.002590
668.720004	0.059734	0.010146	0.002532
668.238164	0.059251	0.009839	0.002554
667.738259	0.058184	0.009486	0.002608
667.258271	0.059922	0.009232	0.002617
666.741846	0.060616	0.008949	0.002564
666.265836	0.058788	0.008695	0.002677
665.771234	0.058768	0.007773	0.002592
665.286006	0.059240	0.008082	0.002602
664.794040	0.059668	0.007716	0.002584
664.301913	0.059718	0.007668	0.002633
663.807049	0.059045	0.007326	0.002668
663.329581	0.061036	0.006428	0.002636
662.820769	0.060841	0.006131	0.002612
662.319587	0.058712	0.006192	0.002547
661.830411	0.058120	0.006090	0.002496
661.370263	0.059238	0.005756	0.002639
660.897832	0.060076	0.005032	0.002590
660.386637	0.059427	0.004942	0.002610
659.887953	0.060247	0.005149	0.002540
659.369437	0.060659	0.004171	0.002553
658.886474	0.058340	0.004197	0.002664
658.389499	0.058995	0.003570	0.002618
657.917456	0.061864	0.003909	0.002732
657.431063	0.061180	0.003763	0.002665
656.944739	0.060570	0.003627	0.002627
656.449142	0.060293	0.003158	0.002607
655.948922	0.059416	0.003015	0.002607
655.448771	0.060596	0.002474	0.002669
654.967298	0.061078	0.002421	0.002635
654.475491	0.059305	0.002578	0.002600
653.988344	0.061930	0.002373	0.002590
653.461858	0.059450	0.002594	0.002690
652.960055	0.061246	0.002738	0.002630
652.428412	0.060116	0.002561	0.002660
651.950743	0.060838	0.003012	0.002565
651.450316	0.061650	0.002945	0.002602
650.934122	0.059620	0.003318	0.002668
650.425323	0.060012	0.003296	0.002679
649.945219	0.058263	0.003522	0.002599
649.474031	0.061003	0.004201	0.002550
648.991068	0.060784	0.004824	0.002583
648.501530	0.060687	0.004810	0.002598
648.007322	0.060015	0.005871	0.002622
647.540065	0.060734	0.006020	0.002613
647.007736	0.059728	0.006759	0.002660
646.502000	0.059944	0.007669	0.002622
645.987929	0.060025	0.008867	0.002631
645.478257	0.060472	0.010048	0.002529
644.986140	0.060600	0.011252	0.002693
644.486490	0.060675	0.011821	0.002579
644.004683	0.059501	0.012920	0.002626
643.502636	0.062559	0.013262	0.002652
643.023101	0.061978	0.014177	0.002640
642.519672	0.062800	0.014372	0.002638
642.013701	0.061672	0.013837	0.002681
641.511134	0.062126	0.012864	0.002712
641.009356	0.059776	0.011353	0.002639
640.549815	0.059261	0.008814	0.002657
640.051492	0.063158	0.006341	0.002682
639.562647	0.059840	0.003211	0.002762
639.042756	0.062988	0.000522	0.002617
638.566862	0.058795	0.001463	0.002714
638.073921	0.061851	0.003973	0.002604
637.598834	0.062199	0.008627	0.002636
637.225998	0.060755	0.013315	0.002620
637.716691	0.062197	0.009267	0.002660
638.192266	0.061532	0.004888	0.002763
638.657554	0.058578	0.001664	0.002677
639.163896	0.061846	0.000993	0.002594
639.686129	0.061523	0.002382	0.002619
640.152386	0.061710	0.005318	0.002555
640.651383	0.061709	0.008402	0.002636
641.183647	0.062160	0.011308	0.002691
641.690380	0.062282	0.012766	0.002597
642.160293	0.062471	0.013861	0.002534
642.647453	0.060268	0.014191	0.002539
643.147466	0.060051	0.014187	0.002580
643.640354	0.061957	0.014018	0.002621
644.092634	0.061547	0.012940	0.002631
644.604184	0.060665	0.012043	0.002625
645.093658	0.063431	0.011532	0.002574
645.565371	0.059274	0.010107	0.002655
646.041101	0.060112	0.009076	0.002636
646.543811	0.061489	0.008623	0.002663
647.037516	0.061316	0.007309	0.002569
647.539857	0.060986	0.006386	0.002609
648.028772	0.059742	0.005675	0.002610
648.545751	0.062361	0.004926	0.002656
649.086435	0.063696	0.004173	0.002632
649.559897	0.062285	0.003951	0.002762
650.062809	0.060394	0.003970	0.002643
650.590452	0.061925	0.003353	0.002603
651.102270	0.060792	0.003060	0.002617
651.598540	0.061192	0.002691	0.002619
652.099461	0.059854	0.002967	0.002569
652.570714	0.061013	0.002909	0.002602
653.078413	0.062887	0.002896	0.002686
653.571117	0.062700	0.002481	0.002674
654.051380	0.059945	0.002443	0.002622
654.547169	0.061118	0.002511	0.002674
655.035036	0.062702	0.002729	0.002584
655.582674	0.060154	0.002840	0.002619
656.126898	0.061719	0.003024	0.002693
656.586742	0.060352	0.003176	0.002628
657.073281	0.061733	0.003575	0.002636
657.579580	0.059895	0.003800	0.002670
658.081704	0.060437	0.003745	0.002650
658.557253	0.062194	0.004085	0.002672
659.027894	0.062777	0.004177	0.002613
659.511901	0.061000	0.004494	0.002602
660.014935	0.061179	0.004931	0.002644
660.502363	0.061328	0.004902	0.002591
660.982020	0.061330	0.005149	0.002701
661.471646	0.061523	0.005509	0.002655
661.969122	0.059305	0.005456	0.002677
662.439270	0.062091	0.006185	0.002641
662.919078	0.059316	0.006168	0.002598
663.399167	0.058666	0.006620	0.002597
663.884910	0.060556	0.006656	0.002643
664.376256	0.057180	0.007369	0.002644
664.898014	0.061085	0.007707	0.002634
665.375957	0.062124	0.007540	0.002653
665.876228	0.059723	0.008210	0.002647
666.381372	0.059921	0.008377	0.002642
666.910643	0.058646	0.008886	0.002669
667.436826	0.061020	0.009043	0.002562
667.925039	0.060184	0.009240	0.002552
668.418169	0.059627	0.009496	0.002644
668.919446	0.057391	0.010078	0.002646
669.412936	0.059922	0.010590	0.002584
669.889946	0.057757	0.010991	0.002557
670.357826	0.060947	0.010997	0.002542
670.840448	0.060419	0.011285	0.002629
671.356939	0.058346	0.012158	0.002647
671.836090	0.062406	0.012516	0.002665
672.311327	0.059590	0.012901	0.002639
672.803577	0.059347	0.013952	0.002644
673.287861	0.058204	0.014231	0.002703
673.764388	0.059399	0.014563	0.002617
674.249383	0.060095	0.015093	0.002628
674.714569	0.058796	0.015677	0.002622
675.204546	0.060063	0.016194	0.002573
675.705355	0.061558	0.016926	0.002578
676.254644	0.061730	0.017842	0.002610
676.713284	0.059570	0.017935	0.002702
677.219796	0.058004	0.018977	0.002663
677.722909	0.061407	0.020341	0.002585
678.234955	0.058000	0.020965	0.002620
678.799307	0.060026	0.021990	0.002651
679.268590	0.059763	0.022836	0.002643
679.751036	0.058673	0.023954	0.002595
680.266737	0.056579	0.025339	0.002669
680.748889	0.059158	0.026622	0.002670
681.242666	0.060640	0.027968	0.002616
681.766612	0.059682	0.030583	0.002662
682.267573	0.058924	0.031450	0.002646
682.766905	0.060424	0.033162	0.002750
683.300793	0.058810	0.035613	0.002673
683.743472	0.059357	0.038035	0.002671
684.258937	0.059380	0.040755	0.002570
684.739171	0.058093	0.043407	0.002583
685.251194	0.058128	0.047529	0.002650
685.753698	0.059824	0.050113	0.002600
686.252557	0.060514	0.054832	0.002595
686.746975	0.059239	0.059564	0.002602
687.247992	0.062506	0.064121	0.002642
687.759936	0.060586	0.069145	0.002652
688.247020	0.061024	0.073706	0.002658
688.739213	0.058626	0.078444	0.002658
689.282108	0.059826	0.081641	0.002549
689.812832	0.059064	0.082745	0.002609
690.304725	0.057205	0.081808	0.002570
690.762202	0.058364	0.080579	0.002643
691.223219	0.058544	0.077695	0.002705
691.717157	0.060393	0.074221	0.002602
692.229509	0.059209	0.069208	0.002602
692.711217	0.059261	0.065103	0.002678
693.239172	0.059250	0.060310	0.002577
693.757320	0.058284	0.055827	0.002614
694.248398	0.060341	0.052368	0.002722
694.733683	0.060129	0.049274	0.002630
695.190225	0.060415	0.046553	0.002561
695.655255	0.057244	0.044364	0.002632
696.158222	0.059912	0.042019	0.002550
696.662906	0.059336	0.040114	0.002648
697.162965	0.061389	0.038846	0.002635
697.646630	0.057058	0.037077	0.002625
698.157906	0.059576	0.035689	0.002576
698.695172	0.058732	0.034558	0.002690
699.190927	0.060052	0.033540	0.002571
699.696881	0.058391	0.032642	0.002641
700.227364	0.059570	0.031475	0.002612
700.724093	0.059062	0.031760	0.002586
701.218011	0.060041	0.031032	0.002535
701.723817	0.059484	0.029988	0.002619
702.199639	0.060436	0.029681	0.002527
702.702457	0.059862	0.029513	0.002604
703.198749	0.059414	0.029003	0.002603
703.676614	0.057631	0.028687	0.002611
704.185923	0.060641	0.029158	0.002591
704.667195	0.058776	0.028463	0.002564
705.182033	0.059785	0.027945	0.002646
705.739999	0.059643	0.027566	0.002644
706.281530	0.058338	0.027175	0.002542
706.749364	0.059667	0.026981	0.002667
707.235826	0.058744	0.026772	0.002597
707.729280	0.057745	0.026718	0.002708
708.230447	0.058908	0.026940	0.002541
708.715112	0.058170	0.027209	0.002569
709.213157	0.059121	0.026697	0.002682
709.749068	0.059264	0.026107	0.002564
710.274278	0.058232	0.026419	0.002656
710.780589	0.058460	0.026353	0.002632
711.259874	0.056963	0.026307	0.002544
711.748572	0.059514	0.026361	0.002588
712.226675	0.056353	0.026136	0.002557
712.729257	0.056461	0.025910	0.002525
713.247179	0.059037	0.026268	0.002649
713.746460	0.058974	0.025865	0.002642
714.235148	0.057626	0.025535	0.002663
714.767650	0.058634	0.025795	0.002549
715.269011	0.056834	0.025978	0.002620
715.785616	0.058606	0.025649	0.002635
716.284562	0.059733	0.026009	0.002661
716.768684	0.057615	0.025010	0.002615
717.288950	0.058017	0.025124	0.002563
717.806589	0.059471	0.025623	0.002581
718.278172	0.057652	0.025443	0.002635
718.769654	0.056151	0.025321	0.002662
719.264482	0.057927	0.025343	0.002547
719.787074	0.057177	0.025281	0.002653
720.283670	0.059125	0.025889	0.002584
720.765223	0.057909	0.025465	0.002583
721.235703	0.058884	0.025929	0.002587
721.719454	0.059114	0.025509	0.002629
722.186256	0.057638	0.025572	0.002639
722.680427	0.058552	0.026139	0.002639
723.167531	0.059786	0.025601	0.002614
723.683516	0.059331	0.025455	0.002592
724.146836	0.056300	0.024993	0.002665
724.653171	0.058789	0.025758	0.002589
725.138145	0.057578	0.025469	0.002693
725.645609	0.057801	0.025332	0.002585
726.174436	0.058137	0.025953	0.002560
726.670749	0.058344	0.025962	0.002598
727.158420	0.059295	0.024800	0.002520
727.660085	0.057374	0.026000	0.002641
728.171146	0.057655	0.024903	0.002631
728.677560	0.058320	0.025861	0.002584
729.199710	0.059327	0.026280	0.002602
729.694075	0.057729	0.025723	0.002580
730.194175	0.057896	0.025382	0.002614
730.673680	0.058850	0.025522	0.002602
731.184443	0.058505	0.025313	0.002616
731.684723	0.058930	0.025431	0.002608
732.198652	0.057201	0.025549	0.002582
732.718301	0.058152	0.025202	0.002572
733.210086	0.056767	0.025344	0.002613
733.722392	0.058241	0.025646	0.002691
734.229062	0.059319	0.025516	0.002617
734.759124	0.057966	0.025679	0.002574
735.346039	0.058221	0.025551	0.002732
735.900955	0.058399	0.025647	0.002556
736.457041	0.058089	0.025625	0.002555
737.024942	0.058332	0.025201	0.002579
737.582610	0.058679	0.025862	0.002625
738.149599	0.058067	0.025349	0.002612
738.699973	0.057754	0.026002	0.002642
739.204211	0.055411	0.025648	0.002674
739.683086	0.057135	0.026392	0.002614
740.180597	0.059060	0.025541	0.002645
740.687676	0.058020	0.025722	0.002642
741.205471	0.056508	0.025517	0.002681
741.692834	0.057270	0.026073	0.002576
742.187229	0.058830	0.025050	0.002693
742.687168	0.056899	0.025781	0.002610
743.206723	0.056410	0.025906	0.002566
743.667469	0.057172	0.025412	0.002634
744.181608	0.060569	0.025887	0.002666
744.664537	0.055801	0.025269	0.002640
745.172409	0.057702	0.025761	0.002655
745.723789	0.056935	0.025624	0.002694
746.251512	0.056905	0.025549	0.002674
746.745266	0.058505	0.026351	0.002673
747.242082	0.056975	0.025005	0.002594
747.716889	0.057943	0.026339	0.002563
748.191115	0.057364	0.025479	0.002677
748.686547	0.056392	0.025458	0.002634
749.193559	0.057396	0.025690	0.002681
749.736977	0.057230	0.026224	0.002550
750.288643	0.058239	0.025514	0.002556
750.761083	0.057788	0.025886	0.002597
751.253216	0.056769	0.025126	0.002576
751.738523	0.057464	0.025639	0.002585
752.288752	0.057453	0.025892	0.002638
752.821858	0.057703	0.024541	0.002676
753.282224	0.055930	0.025296	0.002679
753.793635	0.059176	0.025916	0.002631
754.284190	0.057047	0.025841	0.002692
754.800241	0.056815	0.026008	0.002643
755.310042	0.056772	0.024486	0.002636
755.798715	0.057380	0.025900	0.002642
756.315991	0.057685	0.025662	0.002556
756.886244	0.056730	0.025459	0.002623
757.442013	0.057558	0.024822	0.002656
757.961006	0.057741	0.024532	0.002613
758.407158	0.057470	0.024569	0.002650
758.930542	0.057249	0.024622	0.002636
759.476721	0.057027	0.024741	0.002597
760.021220	0.057504	0.024696	0.002630
760.547492	0.057087	0.025049	0.002625
761.038674	0.057990	0.025239	0.002567
761.546147	0.056937	0.024673	0.002691
762.084420	0.057544	0.024950	0.002551
762.592064	0.057821	0.025695	0.002688
763.077216	0.057235	0.025087	0.002644
763.588535	0.056414	0.025832	0.002608
764.077863	0.057878	0.025755	0.002600
764.549150	0.056271	0.024169	0.002682
765.061880	0.057226	0.025151	0.002672
765.553195	0.055566	0.025003	0.002587
766.059821	0.058258	0.024968	0.002583
766.601128	0.058251	0.024229	0.002575
767.134523	0.057764	0.024363	0.002726
767.668224	0.056558	0.024326	0.002641
768.147718	0.057129	0.024330	0.002610
768.648657	0.058050	0.025414	0.002593
769.171652	0.058055	0.025227	0.002587
769.710929	0.056835	0.025123	0.002645
770.194395	0.057647	0.024965	0.002585
770.719821	0.056221	0.024840	0.002634
771.212991	0.057436	0.024646	0.002603
771.711811	0.057270	0.024499	0.002660
772.216732	0.057791	0.024777	0.002655
772.696482	0.056927	0.023980	0.002611
773.211649	0.057983	0.023633	0.002708
773.686657	0.058046	0.024752	0.002658
774.183971	0.056824	0.024145	0.002671
774.669454	0.056908	0.023771	0.002624
775.181591	0.057718	0.023567	0.002630
775.681023	0.059276	0.022853	0.002693
776.205813	0.055240	0.024337	0.002577
776.743086	0.056836	0.024225	0.002612
777.211300	0.056744	0.024062	0.002691
777.713242	0.056223	0.023995	0.002574
778.209751	0.056557	0.024481	0.002641
778.682265	0.057570	0.022331	0.002591
779.191743	0.057451	0.023434	0.002631
779.675046	0.058991	0.022749	0.002527
780.187979	0.057568	0.022558	0.002599
780.722250	0.058109	0.024052	0.002654
781.256381	0.055896	0.023778	0.002613
781.799471	0.057821	0.023952	0.002575
782.270649	0.058166	0.023803	0.002623
782.771229	0.057854	0.023985	0.002548
783.272897	0.058024	0.023584	0.002687
783.806352	0.057437	0.023221	0.002639
784.286973	0.058261	0.022586	0.002582
784.770989	0.057711	0.023145	0.002692
785.273218	0.057676	0.022364	0.002616
785.757740	0.057413	0.023492	0.002684
786.268603	0.058674	0.022251	0.002581
786.755297	0.056170	0.023104	0.002588
787.238754	0.055925	0.023008	0.002609
787.776562	0.056213	0.022464	0.002644
788.293817	0.057056	0.021983	0.002701
788.778755	0.057192	0.022477	0.002635
789.271677	0.057682	0.022072	0.002661
789.769609	0.057711	0.023136	0.002564
790.295387	0.057619	0.022952	0.002578
790.803690	0.056015	0.022503	0.002611
791.287830	0.058117	0.022440	0.002605
791.796956	0.057486	0.023243	0.002646
792.328629	0.058425	0.021827	0.002630
792.857240	0.056893	0.022468	0.002658
793.341280	0.058320	0.022021	0.002686
793.832993	0.056587	0.021956	0.002616
794.334023	0.058720	0.022174	0.002734
794.847568	0.055733	0.022149	0.002595
795.351792	0.057767	0.022053	0.002678
795.831209	0.057200	0.022489	0.002547
796.326469	0.057332	0.022589	0.002674
796.833074	0.056698	0.021206	0.002645
797.364901	0.056784	0.022094	0.002738
797.879005	0.057349	0.021431	0.002630
798.383300	0.056771	0.021946	0.002650
798.890296	0.058380	0.022114	0.002749
799.391392	0.057333	0.021596	0.002684
799.918869	0.058010	0.021998	0.002584
