800.379262	0.051244	0.020554	0.002621
800.770565	0.053789	0.021069	0.002641
801.163565	0.053407	0.021222	0.002594
801.541058	0.051821	0.020936	0.002744
801.905973	0.051709	0.022407	0.002645
802.269272	0.052475	0.021957	0.002600
802.638375	0.053375	0.021048	0.002591
803.013119	0.051792	0.020490	0.002580
803.375959	0.052983	0.021911	0.002577
803.752549	0.052163	0.020880	0.002639
804.117053	0.052907	0.022371	0.002647
804.477018	0.051663	0.021492	0.002727
804.867035	0.053368	0.021824	0.002555
805.219368	0.053139	0.020763	0.002568
805.581821	0.052494	0.021417	0.002649
805.933671	0.052180	0.021033	0.002498
806.286675	0.052597	0.020612	0.002680
806.678222	0.053280	0.021394	0.002615
807.040649	0.052343	0.021245	0.002675
807.409603	0.052925	0.020987	0.002639
807.771724	0.053092	0.020728	0.002704
808.138139	0.053751	0.020952	0.002641
808.488553	0.052598	0.020905	0.002531
808.843995	0.052287	0.021023	0.002663
809.200298	0.052457	0.020424	0.002670
809.568384	0.053156	0.021305	0.002694
809.941610	0.051308	0.021912	0.002528
810.292408	0.051180	0.021251	0.002604
810.689295	0.054420	0.021923	0.002595
811.064819	0.051330	0.021074	0.002662
811.417170	0.051589	0.020858	0.002590
811.729979	0.053296	0.020649	0.002629
812.089821	0.053282	0.020754	0.002707
812.449437	0.053480	0.020740	0.002623
812.803997	0.053162	0.021895	0.002615
813.190348	0.052607	0.021306	0.002699
813.583351	0.052396	0.019745	0.002580
813.938505	0.051532	0.020719	0.002708
814.319388	0.053737	0.020566	0.002722
814.675432	0.053301	0.020598	0.002688
815.036308	0.053402	0.020394	0.002738
815.377482	0.051860	0.019200	0.002596
815.754557	0.053058	0.021058	0.002580
816.101419	0.053160	0.019812	0.002658
816.465146	0.053736	0.021077	0.002711
816.822050	0.052982	0.019587	0.002678
817.178868	0.051958	0.020367	0.002658
817.534638	0.052348	0.020801	0.002660
817.923592	0.053525	0.021142	0.002701
818.270436	0.052872	0.020760	0.002741
818.648374	0.052657	0.021316	0.002647
819.024740	0.053126	0.021840	0.002674
819.390377	0.051109	0.020897	0.002712
819.752901	0.053326	0.021521	0.002705
820.137013	0.052327	0.022216	0.002683
820.503101	0.052045	0.021205	0.002681
820.864710	0.051625	0.020342	0.002542
821.229651	0.052557	0.021404	0.002782
821.594975	0.053568	0.020760	0.002585
821.956895	0.051949	0.020657	0.002592
822.323496	0.052329	0.020381	0.002664
822.701226	0.053838	0.021595	0.002669
823.051038	0.052242	0.020901	0.002660
823.405841	0.051910	0.020424	0.002631
823.774559	0.052586	0.021254	0.002682
824.159600	0.054443	0.021221	0.002625
824.523370	0.052837	0.020278	0.002633
824.900411	0.052199	0.021051	0.002682
825.248143	0.053455	0.019885	0.002622
825.627785	0.052021	0.020010	0.002651
825.992658	0.051511	0.021698	0.002628
826.360527	0.053191	0.020425	0.002594
826.725103	0.052696	0.021084	0.002586
827.084230	0.053683	0.020722	0.002584
827.462517	0.051988	0.022184	0.002597
827.827764	0.052319	0.020856	0.002714
828.188672	0.052735	0.020801	0.002614
828.560949	0.052379	0.021565	0.002604
828.920807	0.051318	0.021349	0.002858
829.270603	0.053578	0.019683	0.002684
829.629708	0.053345	0.021647	0.002721
830.005139	0.052304	0.022226	0.002648
830.374717	0.052203	0.020439	0.002926
830.766483	0.052865	0.021187	0.002701
831.131208	0.052280	0.022033	0.002722
831.502728	0.051118	0.020817	0.002605
831.870973	0.052760	0.020888	0.002606
832.241473	0.053830	0.020860	0.002617
832.609987	0.052848	0.021506	0.002572
832.977117	0.053511	0.020928	0.002700
833.348115	0.052557	0.020269	0.002636
833.730056	0.052710	0.021717	0.002617
834.103415	0.054181	0.021360	0.002701
834.479250	0.053007	0.021700	0.002787
834.863435	0.052323	0.022627	0.002629
835.247386	0.052474	0.021302	0.002751
835.612841	0.053029	0.021779	0.002620
835.993092	0.052965	0.021574	0.002611
836.410450	0.051627	0.021951	0.002550
836.797725	0.054060	0.022658	0.002746
837.163881	0.051479	0.022066	0.002619
837.523210	0.052469	0.022061	0.002761
837.889605	0.052003	0.022483	0.002706
838.253025	0.053037	0.021806	0.002685
838.630131	0.052567	0.022266	0.002561
838.990136	0.052885	0.022541	0.002636
839.353718	0.053170	0.022668	0.002550
839.724399	0.052239	0.021956	0.002724
840.108990	0.053705	0.021572	0.002745
840.481612	0.053893	0.022091	0.002736
840.864052	0.052874	0.022479	0.002558
841.212772	0.052343	0.022389	0.002722
841.588795	0.054717	0.021816	0.002702
841.972117	0.051973	0.020486	0.002617
842.330443	0.051759	0.021213	0.002534
842.697907	0.053591	0.019154	0.002622
843.076708	0.053651	0.021519	0.002783
843.457954	0.051186	0.022352	0.002706
843.806847	0.052672	0.021986	0.002591
844.185254	0.052765	0.023049	0.002680
844.553904	0.051731	0.023703	0.002681
844.902120	0.052921	0.021696	0.002594
845.271488	0.052017	0.021724	0.002665
845.643984	0.054044	0.022590	0.002691
846.006364	0.051880	0.022822	0.002661
846.385507	0.052627	0.022747	0.002683
846.771548	0.052826	0.022582	0.002738
847.122904	0.052872	0.020740	0.002642
847.505875	0.051485	0.021609	0.002738
847.879599	0.051835	0.022265	0.002611
848.250072	0.052255	0.022703	0.002717
848.620712	0.052768	0.023562	0.002711
848.970726	0.053540	0.021971	0.002690
849.332428	0.052714	0.022683	0.002613
849.707332	0.052786	0.023190	0.002645
850.113890	0.053090	0.023205	0.002683
850.468763	0.053059	0.023048	0.002643
850.833638	0.053206	0.023709	0.002659
851.197250	0.053301	0.022503	0.002690
851.592246	0.052347	0.023401	0.002645
851.977936	0.052515	0.022739	0.002589
852.346657	0.053739	0.023727	0.002602
852.721867	0.051676	0.022343	0.002685
853.100437	0.053048	0.022943	0.002698
853.479161	0.053046	0.023817	0.002692
853.850477	0.052615	0.023139	0.002643
854.200291	0.048447	0.023745	0.002607
854.551465	0.052706	0.023285	0.002696
854.954315	0.053985	0.024446	0.002763
855.339590	0.053675	0.024258	0.002666
855.715751	0.052717	0.024265	0.002774
856.084710	0.052164	0.022580	0.002689
856.429466	0.054252	0.023682	0.002682
856.787339	0.053611	0.024032	0.002649
857.153640	0.053550	0.024384	0.002767
857.512747	0.052785	0.024372	0.002736
857.877917	0.053046	0.023981	0.002675
858.232593	0.053345	0.023664	0.002734
858.619679	0.053465	0.023775	0.002702
858.982942	0.052462	0.025301	0.002541
859.357407	0.052466	0.025306	0.002605
859.724616	0.052976	0.023558	0.002648
860.094688	0.052083	0.025702	0.002578
860.470321	0.053657	0.025358	0.002862
860.821003	0.052827	0.026900	0.002632
861.187024	0.051655	0.023401	0.002689
861.570328	0.053143	0.025474	0.002559
861.924855	0.053206	0.024056	0.002612
862.290891	0.053288	0.024295	0.002672
862.658041	0.053219	0.024125	0.002777
863.041292	0.053501	0.025159	0.002681
863.420207	0.053642	0.024327	0.002923
863.785224	0.054258	0.024779	0.002637
864.138155	0.053784	0.025574	0.002602
864.509541	0.052466	0.025998	0.002570
864.854789	0.050045	0.025079	0.002670
865.205016	0.052894	0.024585	0.002765
865.590125	0.052514	0.026456	0.002732
865.964810	0.054240	0.025413	0.002678
866.340681	0.052657	0.025434	0.002690
866.728436	0.053890	0.026164	0.002601
867.099297	0.051804	0.024671	0.002688
867.479090	0.051802	0.025765	0.002655
867.843482	0.054178	0.026746	0.002669
868.215377	0.054291	0.025281	0.002606
868.568739	0.052986	0.025778	0.002707
868.918322	0.052848	0.025343	0.002688
869.277642	0.053820	0.026822	0.002841
869.657330	0.053163	0.026325	0.002715
870.044725	0.053111	0.026079	0.002748
870.423199	0.053973	0.025953	0.002715
870.790408	0.053255	0.027082	0.002618
871.151908	0.052747	0.025914	0.002685
871.516926	0.052241	0.026141	0.002645
871.871925	0.053608	0.025400	0.002567
872.229048	0.053848	0.025646	0.002740
872.587616	0.052943	0.026936	0.002944
872.958778	0.055849	0.025910	0.002799
873.314611	0.052712	0.024647	0.002787
873.711582	0.052845	0.026299	0.002778
874.088986	0.053854	0.026702	0.002648
874.462093	0.053603	0.027423	0.002694
874.842473	0.051872	0.024784	0.002878
875.248916	0.052737	0.026862	0.002692
875.642434	0.052939	0.026135	0.002599
876.002941	0.053210	0.025459	0.002605
876.380069	0.053652	0.026385	0.002606
876.736920	0.054355	0.025563	0.002566
877.093628	0.053285	0.025358	0.002596
877.461149	0.053534	0.025713	0.002628
877.829112	0.052874	0.026589	0.002814
878.187221	0.052626	0.027038	0.002528
878.597928	0.054995	0.026671	0.002683
878.969634	0.054341	0.026832	0.002733
879.339160	0.053530	0.028964	0.002588
879.716916	0.051385	0.028732	0.002698
880.094170	0.053957	0.027296	0.002624
880.454325	0.054603	0.026497	0.002761
880.825623	0.053669	0.027785	0.002644
881.191024	0.052242	0.028245	0.002706
881.535408	0.052386	0.027858	0.002837
881.883664	0.053556	0.027607	0.002693
882.243866	0.054285	0.028371	0.002657
882.599527	0.054422	0.027812	0.002661
882.972342	0.052105	0.026946	0.002681
883.356684	0.053950	0.027884	0.002680
883.744541	0.051934	0.027550	0.002674
884.109865	0.053224	0.027526	0.002679
884.504613	0.053358	0.027216	0.002701
884.874043	0.052932	0.027389	0.002740
885.247327	0.054755	0.027809	0.002782
885.656219	0.053259	0.027407	0.002719
886.005788	0.053100	0.027198	0.002688
886.401785	0.053902	0.027932	0.002628
886.780532	0.053311	0.028956	0.002663
887.151609	0.052769	0.028304	0.002763
887.525718	0.053400	0.027440	0.002686
887.889533	0.053846	0.027366	0.002749
888.280799	0.051774	0.028553	0.002678
888.655946	0.053053	0.028041	0.002623
889.012297	0.053163	0.028307	0.002609
889.395426	0.052952	0.029984	0.002712
889.741322	0.052789	0.027543	0.002668
890.120577	0.053555	0.028834	0.002672
890.479873	0.052595	0.029485	0.002587
890.853134	0.053262	0.028923	0.002642
891.201214	0.054568	0.028038	0.002745
891.568890	0.054917	0.029941	0.002736
891.945117	0.054058	0.029040	0.002640
892.311599	0.055160	0.031199	0.002633
892.687599	0.052484	0.029849	0.002596
893.020952	0.054857	0.028700	0.002675
893.411455	0.053490	0.027836	0.002656
893.781375	0.054382	0.028896	0.002696
894.132021	0.054335	0.028494	0.002701
894.541760	0.053946	0.029154	0.002664
894.980428	0.053453	0.029837	0.002755
895.384298	0.051777	0.028991	0.002658
895.774277	0.053929	0.029411	0.002538
896.131879	0.053652	0.029197	0.002755
896.499840	0.053329	0.028793	0.002727
896.848661	0.050047	0.030329	0.002638
897.214005	0.054459	0.029742	0.002638
897.624323	0.053557	0.030365	0.002629
897.999657	0.056058	0.029524	0.002794
898.345700	0.054221	0.028762	0.002657
898.710105	0.053785	0.030306	0.002619
899.090740	0.053133	0.030137	0.002642
899.456298	0.054409	0.028439	0.002727
899.818966	0.052800	0.030368	0.002600
900.204638	0.052344	0.031724	0.002696
900.604792	0.054515	0.030256	0.002640
900.956766	0.051924	0.030190	0.002671
901.330319	0.052109	0.030696	0.002739
901.700622	0.051876	0.030856	0.002603
902.106555	0.054097	0.031145	0.002604
902.500781	0.052644	0.030631	0.002665
902.871378	0.054866	0.028666	0.002682
903.246396	0.055003	0.030986	0.002746
903.610127	0.052846	0.030321	0.002738
903.972537	0.053428	0.030570	0.002723
904.340407	0.053884	0.029866	0.002604
904.706865	0.053779	0.032408	0.002607
905.066231	0.051401	0.031107	0.002726
905.462041	0.055618	0.030418	0.002642
905.844656	0.054306	0.030931	0.002649
906.214592	0.053446	0.030956	0.002555
906.553726	0.052361	0.030176	0.002800
906.907018	0.054379	0.030318	0.002696
907.280659	0.054170	0.031709	0.002625
907.684625	0.054500	0.030827	0.002663
908.072873	0.053931	0.031128	0.002695
908.418782	0.052861	0.031498	0.002894
908.769251	0.054481	0.031182	0.002666
909.118462	0.052148	0.031589	0.002641
909.482025	0.055199	0.030544	0.002728
909.878446	0.053341	0.031003	0.002692
910.241632	0.053694	0.031155	0.002724
910.620300	0.057112	0.032360	0.002671
910.997706	0.053758	0.031191	0.002657
911.367838	0.053825	0.030782	0.002690
911.721317	0.053746	0.032543	0.002604
912.083346	0.054790	0.031129	0.002572
912.464375	0.052974	0.031661	0.002661
912.866326	0.054595	0.030654	0.002776
913.255907	0.052552	0.032259	0.002667
913.620473	0.052621	0.031337	0.002831
914.005478	0.053914	0.031532	0.002616
914.380473	0.053938	0.031318	0.002716
914.751585	0.054785	0.032439	0.002766
915.100701	0.054809	0.030565	0.002728
915.517419	0.054172	0.032421	0.002674
915.902109	0.055154	0.032707	0.002761
916.276820	0.053791	0.032302	0.002727
916.664838	0.053537	0.032226	0.002681
917.001318	0.056185	0.031072	0.002589
917.373875	0.051833	0.034266	0.002700
917.758831	0.056155	0.032670	0.002703
918.131215	0.049171	0.031329	0.002646
918.470230	0.053592	0.031829	0.002628
918.875350	0.056129	0.033492	0.002795
919.249113	0.051807	0.032962	0.002616
919.625170	0.052909	0.031312	0.002528
920.006729	0.052386	0.031470	0.002745
920.371440	0.053562	0.032633	0.002641
920.729529	0.054251	0.033433	0.002705
921.104423	0.056229	0.032124	0.002630
921.469802	0.054574	0.034813	0.002774
921.843354	0.053286	0.031326	0.002587
922.235505	0.058161	0.033564	0.002920
922.629490	0.054055	0.033981	0.002900
922.997767	0.053164	0.032130	0.002804
923.385958	0.053163	0.032632	0.002707
923.749342	0.054381	0.032267	0.002796
924.135744	0.052930	0.032715	0.002612
924.490063	0.055243	0.034523	0.002767
924.830411	0.052605	0.033269	0.002704
925.213582	0.054398	0.033878	0.002735
925.558046	0.053763	0.032659	0.002707
925.945884	0.054421	0.034102	0.002630
926.312411	0.055477	0.032091	0.002647
926.707988	0.055320	0.033778	0.002713
927.051713	0.054764	0.032548	0.002661
927.422806	0.053836	0.033176	0.002773
927.794902	0.053917	0.032608	0.002777
928.182011	0.054737	0.035014	0.002689
928.546223	0.053903	0.033206	0.002602
928.913522	0.055664	0.033432	0.002639
929.314607	0.055311	0.033755	0.002768
929.690459	0.054068	0.033928	0.002749
930.046385	0.054423	0.034623	0.002921
930.396221	0.054866	0.035011	0.002729
930.766330	0.055855	0.035499	0.002687
931.122535	0.053683	0.033322	0.002698
931.466298	0.052725	0.033474	0.002686
931.843023	0.055232	0.034535	0.002743
932.209105	0.054274	0.034178	0.002805
932.583473	0.054448	0.033246	0.002654
932.952394	0.054251	0.034729	0.002649
933.338108	0.055337	0.035043	0.002649
933.714046	0.053547	0.034482	0.002685
934.066646	0.055057	0.033772	0.002684
934.439478	0.054098	0.034492	0.002710
934.836781	0.054674	0.033306	0.002798
935.243243	0.053430	0.033324	0.002896
935.594267	0.054097	0.034660	0.002757
935.949968	0.055072	0.034865	0.002730
936.319041	0.051772	0.034207	0.002850
936.717405	0.055228	0.035199	0.002874
937.102033	0.055471	0.034668	0.002747
937.466955	0.054344	0.034429	0.002656
937.862295	0.054350	0.033570	0.002725
938.231796	0.055100	0.034575	0.002626
938.609143	0.054654	0.035664	0.002828
938.982937	0.055737	0.034292	0.002703
939.367500	0.054591	0.035674	0.002740
939.730371	0.053394	0.034816	0.002719
940.124411	0.055010	0.034189	0.002912
940.515278	0.055435	0.033599	0.002750
940.871562	0.055737	0.035839	0.002807
941.246342	0.054631	0.035196	0.002707
941.618289	0.053238	0.035225	0.002612
941.986220	0.057564	0.034024	0.002733
942.364185	0.055133	0.035650	0.002905
942.748288	0.053979	0.034274	0.002708
943.120466	0.054611	0.033447	0.002663
943.507835	0.056217	0.037190	0.002702
943.913036	0.055822	0.037380	0.002742
944.262324	0.054962	0.035337	0.002656
944.637931	0.054837	0.036041	0.002662
945.013517	0.056233	0.036969	0.002696
945.412873	0.055831	0.036970	0.002677
945.784330	0.055499	0.034008	0.002722
946.158561	0.055550	0.036098	0.002668
946.524834	0.053613	0.035401	0.002786
946.907792	0.053872	0.036587	0.002840
947.266907	0.055047	0.036828	0.002742
947.651739	0.056837	0.035015	0.002931
948.031917	0.056738	0.036286	0.002654
948.440120	0.054933	0.035633	0.002847
948.841764	0.055070	0.037371	0.002750
949.212469	0.054275	0.037467	0.002857
949.569112	0.056279	0.036352	0.002688
949.928105	0.053579	0.035171	0.002924
950.288981	0.054261	0.037059	0.002878
950.662290	0.053815	0.036637	0.002980
951.019684	0.055909	0.037226	0.002690
951.398234	0.058256	0.035470	0.002677
951.758854	0.052988	0.035570	0.002704
952.131574	0.057939	0.036623	0.003113
952.493111	0.056228	0.037123	0.002715
952.861544	0.055585	0.038405	0.002810
953.263385	0.056797	0.036424	0.002721
953.626373	0.055781	0.036911	0.002673
954.006765	0.053183	0.037273	0.002770
954.352894	0.055096	0.034694	0.002923
954.728434	0.056125	0.036525	0.002766
955.098907	0.056538	0.035617	0.002711
955.500989	0.055033	0.037776	0.002752
955.898252	0.056986	0.039504	0.003047
956.230446	0.056692	0.037265	0.002791
956.632883	0.056637	0.037781	0.002671
957.006734	0.055425	0.036017	0.002719
957.389110	0.055556	0.037563	0.002899
957.790803	0.054219	0.036507	0.002744
958.149518	0.055542	0.038666	0.002823
958.530666	0.055971	0.039893	0.002660
958.884091	0.055741	0.035968	0.002735
959.261461	0.056653	0.037855	0.002719
959.635987	0.057814	0.038303	0.002848
960.054321	0.053306	0.037921	0.002978
960.433648	0.056749	0.038221	0.002828
960.773363	0.051367	0.037547	0.003155
961.155329	0.056332	0.036454	0.002889
961.513294	0.057687	0.037115	0.002654
961.882751	0.057297	0.036910	0.002686
962.247834	0.055706	0.036928	0.002795
962.629326	0.057915	0.038230	0.002762
962.958388	0.056016	0.037381	0.002806
962.831603	0.056277	0.037891	0.002806
962.461404	0.055023	0.036769	0.002665
962.091565	0.055969	0.038470	0.002699
961.695752	0.055014	0.038250	0.002844
961.339964	0.056347	0.037991	0.002668
960.935070	0.054683	0.037626	0.002695
960.560984	0.054403	0.037513	0.002626
960.171796	0.057885	0.037042	0.002729
959.829195	0.059707	0.036245	0.002761
959.492891	0.054485	0.037459	0.002771
959.119217	0.056634	0.036995	0.002742
958.741223	0.056086	0.037430	0.002680
958.384323	0.056315	0.038960	0.002736
958.039332	0.055670	0.036709	0.002840
957.666780	0.056112	0.037244	0.002659
957.312685	0.056230	0.035647	0.002716
956.932644	0.054918	0.036991	0.002707
956.535209	0.056175	0.037852	0.002956
956.140088	0.054665	0.036291	0.002913
955.766825	0.057783	0.037975	0.002725
955.382034	0.055442	0.034419	0.002770
954.999530	0.056647	0.036371	0.002642
954.641739	0.055526	0.037246	0.002725
954.272499	0.057523	0.036078	0.002726
953.916500	0.056108	0.036881	0.002613
953.541751	0.054447	0.037625	0.002676
953.144967	0.054443	0.036833	0.002690
952.764614	0.054684	0.035718	0.002714
952.356414	0.057715	0.037891	0.002809
951.957823	0.057727	0.038341	0.002739
951.568927	0.053920	0.037192	0.002804
951.208770	0.055321	0.037235	0.002596
950.850403	0.056028	0.035745	0.002766
950.470124	0.055983	0.037054	0.002737
950.118579	0.053495	0.036504	0.002768
949.769013	0.056323	0.035423	0.002811
949.379337	0.055305	0.035860	0.002837
949.009330	0.056135	0.037139	0.002778
948.647939	0.054577	0.036541	0.002768
948.269092	0.056617	0.035280	0.002823
947.889797	0.054306	0.035337	0.002834
947.557306	0.056111	0.036110	0.002722
947.204894	0.056247	0.034512	0.002619
946.824037	0.055303	0.037151	0.002792
946.462314	0.056980	0.035035	0.002799
946.104071	0.054657	0.036305	0.002698
945.723333	0.054469	0.036699	0.003149
945.329537	0.055668	0.036144	0.002888
944.947189	0.053636	0.033730	0.002784
944.578947	0.057253	0.035201	0.002854
944.213134	0.056075	0.036323	0.002769
943.853468	0.054671	0.033501	0.002661
943.485090	0.055442	0.034409	0.002689
943.115329	0.055998	0.035061	0.002747
942.732252	0.057362	0.034925	0.002753
942.326694	0.054987	0.033283	0.002666
941.952870	0.055892	0.032844	0.002638
941.561994	0.054717	0.036057	0.002656
941.156124	0.055029	0.035749	0.002722
940.795378	0.054318	0.035442	0.002706
940.419520	0.053381	0.035612	0.002680
940.008884	0.055569	0.034903	0.002810
939.624991	0.055550	0.034789	0.002778
939.296172	0.056618	0.036174	0.002815
938.942547	0.054939	0.035449	0.002723
938.583343	0.054112	0.035432	0.002791
938.181774	0.055219	0.033161	0.002735
937.825761	0.054108	0.035194	0.002835
937.446669	0.056471	0.034153	0.002818
937.068287	0.055197	0.033932	0.002646
936.673812	0.055106	0.034010	0.002632
936.285913	0.055407	0.035883	0.002636
935.942974	0.055158	0.034313	0.002766
935.581647	0.054822	0.032377	0.002739
935.218869	0.055364	0.034837	0.002706
934.845289	0.056845	0.032800	0.002750
934.464758	0.054092	0.034331	0.002681
934.107537	0.053370	0.033776	0.002752
933.709491	0.055168	0.034467	0.002941
933.335416	0.056351	0.035375	0.002831
932.954824	0.056353	0.034467	0.002626
932.589835	0.054838	0.033721	0.002706
932.234785	0.053007	0.033519	0.002681
931.867428	0.055273	0.035137	0.002668
931.481188	0.055870	0.035471	0.002728
931.073205	0.055441	0.033564	0.002648
930.704483	0.055068	0.034365	0.002679
930.283888	0.054913	0.033058	0.002786
929.927543	0.055844	0.032749	0.002762
929.555934	0.053558	0.034130	0.002750
929.165995	0.054204	0.033265	0.002779
928.808731	0.056126	0.033098	0.002724
928.389299	0.053632	0.035471	0.002888
927.976004	0.054880	0.034410	0.002603
927.542920	0.053485	0.033213	0.002756
927.165861	0.054446	0.033123	0.002653
926.761197	0.055196	0.032866	0.002628
926.349181	0.055203	0.034988	0.002738
925.955790	0.054227	0.033607	0.002682
925.527868	0.055649	0.032933	0.002677
925.117596	0.054542	0.032946	0.002679
924.748602	0.052908	0.032080	0.002852
924.373184	0.056493	0.033122	0.002653
923.976000	0.053904	0.033364	0.002625
923.592849	0.054613	0.035039	0.002640
923.165741	0.052825	0.034078	0.002623
922.731046	0.053130	0.031824	0.002694
922.350123	0.056693	0.032771	0.002692
921.993619	0.054826	0.030995	0.002617
921.591594	0.053967	0.033933	0.002606
921.165547	0.053439	0.032591	0.002660
920.790126	0.054061	0.033401	0.002693
920.349313	0.053626	0.033032	0.002773
919.917456	0.054317	0.031676	0.002710
919.563201	0.054896	0.033804	0.002746
919.184986	0.055760	0.032006	0.002792
918.766638	0.054916	0.032670	0.002712
918.343657	0.053834	0.032620	0.002709
918.001697	0.053520	0.033280	0.002596
917.563301	0.053495	0.029933	0.002634
917.226910	0.054856	0.034248	0.002789
916.840402	0.053521	0.031101	0.002677
916.466689	0.054822	0.031168	0.002701
916.067847	0.054259	0.032523	0.002740
915.664748	0.054918	0.033025	0.002643
915.238214	0.053933	0.032431	0.002659
914.835685	0.053430	0.031448	0.002645
914.482428	0.055292	0.032679	0.002759
914.107845	0.055561	0.032733	0.002685
913.688764	0.055501	0.031854	0.002644
913.252717	0.053681	0.031428	0.002626
912.840180	0.054831	0.032028	0.002656
912.417073	0.055238	0.031671	0.002642
912.059047	0.055555	0.031353	0.002626
911.669411	0.053926	0.031531	0.002643
911.260026	0.053672	0.031323	0.002639
910.832136	0.052341	0.030517	0.002631
910.394996	0.056513	0.032812	0.002559
909.986703	0.055528	0.033139	0.002715
909.615630	0.057054	0.031829	0.002644
909.201105	0.054259	0.030881	0.002702
908.782833	0.053721	0.031599	0.002713
908.358057	0.054602	0.030996	0.002819
907.983803	0.055539	0.030542	0.002798
907.617965	0.054922	0.031362	0.002625
907.225119	0.052476	0.031245	0.002656
906.849576	0.054103	0.030645	0.002747
906.485009	0.052893	0.031273	0.002801
906.136236	0.055145	0.031864	0.002618
905.774909	0.055069	0.030998	0.002756
905.395091	0.055013	0.029955	0.002699
905.042870	0.054354	0.030465	0.002766
904.670097	0.052224	0.029815	0.002665
904.323006	0.053402	0.031101	0.002701
903.956596	0.054096	0.030559	0.002622
903.593798	0.055860	0.030590	0.002711
903.227223	0.055356	0.030209	0.002587
902.874424	0.053387	0.030235	0.002616
902.514409	0.053527	0.028957	0.002590
902.150981	0.054975	0.029635	0.002774
901.806774	0.054345	0.030131	0.002616
901.442270	0.054839	0.031685	0.002670
901.077726	0.053539	0.030369	0.002702
900.689719	0.055348	0.030363	0.002884
900.326914	0.055742	0.030604	0.002637
899.946212	0.053259	0.030304	0.002696
899.561477	0.054595	0.030455	0.002651
899.160502	0.053501	0.029574	0.002628
898.792537	0.053808	0.029090	0.002766
898.420886	0.054577	0.029701	0.002757
898.063539	0.055158	0.030146	0.002631
897.697728	0.053958	0.029615	0.002754
897.304197	0.053278	0.028494	0.002657
896.932796	0.053613	0.028604	0.002499
896.589297	0.054262	0.029702	0.002588
896.220868	0.052087	0.031506	0.002574
895.832207	0.053709	0.028439	0.002609
895.443785	0.055641	0.029874	0.002585
895.075674	0.053419	0.029005	0.002646
894.695043	0.053931	0.028302	0.002659
894.304649	0.054154	0.026681	0.002678
893.921211	0.053210	0.029518	0.002988
893.536890	0.052095	0.028882	0.002620
893.157969	0.053095	0.029245	0.002745
892.802478	0.053554	0.027808	0.002622
892.443126	0.053925	0.028818	0.002745
892.076342	0.053819	0.028573	0.002688
891.702555	0.053386	0.029315	0.002675
891.291356	0.053905	0.029197	0.002606
890.906635	0.052660	0.026815	0.002714
890.514291	0.053684	0.029787	0.002763
890.134463	0.052785	0.028845	0.002659
889.775783	0.055192	0.029047	0.002597
889.412536	0.054779	0.028661	0.002708
889.049860	0.052121	0.027966	0.002653
888.694402	0.053059	0.028398	0.002625
888.322984	0.053613	0.029188	0.002644
887.979519	0.055628	0.029317	0.002647
887.596971	0.054397	0.028579	0.002699
887.217782	0.053705	0.027261	0.002665
886.835694	0.054032	0.027412	0.002645
886.472894	0.054534	0.030029	0.002746
886.084907	0.053397	0.028642	0.002675
885.706107	0.055296	0.029760	0.002682
885.294865	0.052634	0.027679	0.002635
884.917514	0.054169	0.027625	0.002635
884.555092	0.053946	0.027600	0.002645
884.199599	0.053634	0.027590	0.002662
883.816925	0.053658	0.027320	0.002684
883.415299	0.053569	0.026853	0.002679
883.049411	0.053198	0.028762	0.002705
882.691805	0.053886	0.026815	0.002723
882.316912	0.052397	0.027669	0.002634
881.916044	0.052879	0.028148	0.002747
881.541667	0.054255	0.027741	0.002670
881.184318	0.053072	0.028643	0.002634
880.817802	0.054215	0.027974	0.002619
880.468861	0.053385	0.028063	0.002636
880.079964	0.054108	0.027361	0.002670
879.723031	0.053732	0.026562	0.002914
879.346004	0.053530	0.025690	0.002578
878.953161	0.053000	0.026180	0.002682
878.574477	0.053072	0.027981	0.002635
878.164084	0.052516	0.026321	0.002684
877.794344	0.053150	0.026802	0.002588
877.418847	0.055434	0.026943	0.002691
877.041556	0.053325	0.026868	0.002606
876.649346	0.053453	0.027734	0.002693
876.290764	0.052484	0.027748	0.002733
875.909556	0.053565	0.025758	0.002634
875.522109	0.051306	0.025283	0.002704
875.180513	0.052676	0.028267	0.002644
874.801847	0.053925	0.027825	0.002699
874.416682	0.053044	0.027164	0.002638
874.039249	0.054498	0.026812	0.002657
873.657182	0.053543	0.026621	0.002718
873.278487	0.052888	0.024911	0.002633
872.910174	0.053437	0.025951	0.002716
872.536124	0.053959	0.027608	0.002637
872.160488	0.051686	0.025664	0.002670
871.795768	0.052875	0.027139	0.002630
871.424209	0.055673	0.026875	0.002724
871.031455	0.052277	0.026380	0.002718
870.646950	0.052518	0.025573	0.002636
870.262611	0.053333	0.025239	0.002759
869.897453	0.052881	0.026287	0.002562
869.516904	0.053614	0.026645	0.002704
869.160924	0.051533	0.024060	0.002843
868.775320	0.052340	0.024111	0.002592
868.384878	0.053074	0.025710	0.002676
868.010406	0.053250	0.025283	0.002715
867.639461	0.054174	0.026661	0.002656
867.274730	0.053281	0.026265	0.002717
866.896886	0.052877	0.026052	0.002623
866.520542	0.054255	0.026116	0.002636
866.134675	0.053449	0.023801	0.002638
865.764234	0.051547	0.025747	0.002722
865.380872	0.053313	0.025168	0.002681
865.018359	0.055734	0.024793	0.002791
864.663042	0.051840	0.025866	0.002605
864.307656	0.052856	0.024971	0.002696
863.951790	0.054290	0.026778	0.002697
863.557948	0.052593	0.023971	0.002663
863.196043	0.052546	0.026421	0.002692
862.843924	0.053452	0.025332	0.002604
862.463595	0.052839	0.026005	0.002688
862.088858	0.052714	0.025777	0.002627
861.705974	0.052599	0.024360	0.002733
861.321668	0.053436	0.023681	0.002653
860.919886	0.053504	0.025501	0.002692
860.548206	0.050826	0.023119	0.002734
860.179407	0.051523	0.024133	0.002634
859.808771	0.053877	0.025799	0.002583
859.421984	0.051970	0.022562	0.002713
859.045329	0.054240	0.024524	0.002584
858.705915	0.053366	0.024563	0.002713
858.341300	0.053571	0.025246	0.002612
857.959154	0.052668	0.024877	0.002631
857.597892	0.052246	0.024271	0.002766
857.249765	0.054092	0.023811	0.002671
856.873881	0.052490	0.024672	0.002597
856.506088	0.052863	0.023543	0.002620
856.127881	0.051663	0.023772	0.002706
855.719792	0.052981	0.022348	0.002602
855.363354	0.052378	0.024394	0.002753
855.010043	0.054255	0.023815	0.002740
854.637868	0.053879	0.023016	0.002679
854.271944	0.053249	0.024496	0.002659
853.917909	0.054106	0.023270	0.002577
853.545829	0.051343	0.023042	0.002636
853.161983	0.052533	0.023755	0.002559
852.757704	0.051312	0.022526	0.002735
852.372919	0.053980	0.022799	0.002866
852.011443	0.053293	0.022377	0.002646
851.636437	0.052564	0.023964	0.002587
851.231171	0.053325	0.023098	0.002697
850.845858	0.052935	0.023284	0.002753
850.432909	0.053158	0.023562	0.002642
850.087471	0.053597	0.022859	0.002783
849.734277	0.052373	0.024018	0.002710
849.354858	0.051374	0.023653	0.002673
848.996732	0.054899	0.023120	0.002811
848.640089	0.052815	0.022564	0.002716
848.251376	0.051811	0.022767	0.002603
847.886207	0.052111	0.022086	0.002606
847.510219	0.053412	0.022616	0.002705
847.153892	0.052554	0.024156	0.002793
846.780634	0.051864	0.021985	0.002621
846.407218	0.052319	0.021636	0.002904
846.034427	0.053681	0.022214	0.002670
845.651261	0.053688	0.023324	0.002589
845.281736	0.053012	0.022225	0.002684
844.921628	0.053693	0.022403	0.002674
844.545249	0.051728	0.021677	0.002714
844.141281	0.051685	0.021799	0.002606
843.744966	0.052974	0.021218	0.003044
843.394872	0.053513	0.020767	0.002639
843.048529	0.054179	0.021692	0.002652
842.676682	0.053430	0.022279	0.002651
842.332401	0.053076	0.023736	0.002687
841.965964	0.053346	0.023637	0.002824
841.608923	0.053945	0.021934	0.002610
841.222750	0.052332	0.022112	0.002637
840.816171	0.052868	0.020895	0.002644
840.433695	0.052938	0.022142	0.002756
840.080366	0.053260	0.020829	0.002685
839.696819	0.052869	0.021264	0.002624
839.324051	0.052919	0.022415	0.002675
838.950337	0.053438	0.021570	0.002664
838.576458	0.053032	0.020666	0.002741
838.231109	0.052947	0.021314	0.002735
837.834461	0.051734	0.021405	0.002606
837.455792	0.053180	0.021354	0.002694
837.076649	0.051223	0.021853	0.002683
836.724105	0.053143	0.021001	0.002638
836.340571	0.053212	0.022228	0.002733
835.943253	0.052767	0.020899	0.002658
835.579421	0.052487	0.020102	0.002714
835.212338	0.053297	0.021685	0.002827
834.860372	0.052935	0.021650	0.002656
834.505835	0.052908	0.021259	0.002608
834.131201	0.053108	0.021742	0.002651
833.721145	0.051761	0.021075	0.002653
833.363335	0.052264	0.021040	0.002640
832.997627	0.052684	0.021518	0.002700
832.618520	0.053658	0.021791	0.002682
832.218632	0.052647	0.021504	0.002636
831.843708	0.053954	0.021484	0.002705
831.473228	0.052617	0.020836	0.002599
831.091770	0.053351	0.020983	0.002711
830.696569	0.052351	0.020955	0.002658
830.322733	0.052381	0.020705	0.002712
829.924165	0.053658	0.020954	0.002635
829.551728	0.051814	0.020738	0.002641
829.195882	0.052491	0.020435	0.002600
828.811087	0.052148	0.020626	0.002598
828.423877	0.052916	0.019413	0.002734
828.067392	0.052998	0.020613	0.002677
827.694056	0.051768	0.020254	0.002640
827.326924	0.052664	0.021618	0.002601
826.934601	0.053347	0.021110	0.002552
826.547391	0.052493	0.020812	0.002667
826.177709	0.051945	0.020402	0.002660
825.784489	0.052514	0.021381	0.002628
825.407935	0.051824	0.020078	0.002635
825.028649	0.053510	0.020609	0.002630
824.652905	0.051618	0.020511	0.002623
824.282087	0.053186	0.020011	0.002688
823.907344	0.053208	0.021095	0.002636
823.516163	0.050892	0.020488	0.002642
823.136461	0.054520	0.020680	0.002614
822.776616	0.053125	0.020583	0.002528
822.391690	0.051192	0.020769	0.002662
822.052748	0.052793	0.020658	0.002703
821.651027	0.051810	0.020531	0.002690
821.283575	0.053168	0.020725	0.002652
820.924158	0.052929	0.021703	0.002623
820.570737	0.053639	0.020150	0.002627
820.204327	0.052924	0.019895	0.002704
819.824123	0.053082	0.021205	0.002671
819.450629	0.053574	0.020422	0.002642
819.091734	0.052761	0.020838	0.002627
818.724732	0.051166	0.019973	0.002603
818.362066	0.052784	0.019864	0.002592
818.011008	0.052351	0.021239	0.002644
817.648715	0.053314	0.021552	0.002671
817.290266	0.052785	0.020790	0.002615
816.916557	0.052549	0.020522	0.002649
816.543382	0.052170	0.020417	0.002650
816.178288	0.052013	0.021103	0.002683
815.796913	0.053218	0.021223	0.002607
815.435455	0.053758	0.020322	0.002534
815.073944	0.052758	0.021312	0.002729
814.708460	0.051722	0.021405	0.002593
814.348072	0.053136	0.021442	0.002648
813.984253	0.053353	0.020028	0.002613
813.620737	0.052644	0.020166	0.002616
813.223226	0.052663	0.020923	0.002630
812.855721	0.053409	0.020751	0.002715
812.488214	0.052212	0.019738	0.002711
812.117280	0.052301	0.020009	0.002644
811.741514	0.053077	0.019732	0.002637
811.437301	0.052068	0.021427	0.002634
811.075103	0.051982	0.021585	0.002533
810.683361	0.054358	0.020805	0.002761
810.292286	0.052020	0.019957	0.002680
809.910024	0.052483	0.020777	0.002718
809.542967	0.052537	0.021373	0.002658
809.173500	0.051822	0.021683	0.002612
808.797637	0.054006	0.020406	0.002661
808.412095	0.051947	0.020371	0.002588
808.047856	0.052041	0.020690	0.002636
807.662314	0.053067	0.020814	0.002658
807.265925	0.052225	0.020442	0.002579
806.891617	0.053530	0.020860	0.002678
806.495870	0.052303	0.019196	0.002607
806.130476	0.053108	0.019996	0.002631
805.776975	0.052029	0.020377	0.002652
805.419613	0.053850	0.023047	0.002717
805.045916	0.052269	0.020616	0.002561
804.680277	0.052916	0.020937	0.002651
804.313623	0.053546	0.020537	0.002600
803.939381	0.052048	0.021438	0.002579
803.558984	0.053583	0.021470	0.002629
803.187185	0.053077	0.021422	0.002615
802.771162	0.053020	0.021173	0.002740
802.425685	0.053130	0.021277	0.002657
802.058552	0.053604	0.022105	0.002696
801.683093	0.052075	0.021946	0.002735
801.301337	0.054650	0.021677	0.002630
800.932988	0.058532	0.020596	0.002640
800.557554	0.051889	0.021288	0.002574
800.201317	0.051955	0.021695	0.002649
799.836074	0.052524	0.020855	0.002692
799.455600	0.053352	0.020699	0.002626
799.105725	0.053416	0.020609	0.002615
798.741808	0.052476	0.023271	0.002779
798.359717	0.052539	0.021007	0.002618
797.988921	0.053614	0.022114	0.002582
797.579293	0.052000	0.021266	0.002571
797.211651	0.052631	0.021391	0.002662
796.837372	0.053023	0.021957	0.002639
796.460038	0.053537	0.022126	0.002634
796.106006	0.053120	0.021617	0.002640
795.731577	0.052029	0.022376	0.002680
795.356202	0.053986	0.021791	0.002572
794.985324	0.053410	0.021948	0.002612
794.635497	0.052474	0.021458	0.002646
794.273491	0.053030	0.022406	0.002553
793.905185	0.053397	0.021903	0.002564
793.523207	0.052424	0.021432	0.002650
793.142350	0.052326	0.021514	0.002705
792.772655	0.053599	0.021525	0.002604
792.405868	0.051899	0.021559	0.002617
792.023051	0.054287	0.022401	0.002655
791.655367	0.053315	0.021254	0.002556
791.292173	0.053427	0.022127	0.002574
790.938140	0.053083	0.022784	0.002534
790.548431	0.052795	0.021432	0.002624
790.196267	0.052164	0.023405	0.002655
789.836419	0.052849	0.023046	0.002611
789.460934	0.052193	0.021630	0.002663
789.077722	0.052770	0.021795	0.002632
788.697543	0.052206	0.022004	0.002610
788.317662	0.053994	0.021910	0.002606
787.961235	0.054275	0.022651	0.002566
787.595844	0.052996	0.022866	0.002642
787.217051	0.052201	0.022783	0.002610
786.850003	0.052780	0.022712	0.002629
786.478536	0.053205	0.023415	0.002583
786.120027	0.051311	0.022288	0.002706
785.731059	0.054032	0.021987	0.002653
785.347552	0.050542	0.022687	0.002617
784.946050	0.054060	0.022835	0.002667
784.579897	0.052256	0.022938	0.002610
784.220041	0.051989	0.022651	0.002619
783.838692	0.053842	0.022992	0.002642
783.446444	0.052771	0.022728	0.002694
783.066176	0.053938	0.022858	0.002622
782.709394	0.053006	0.022714	0.002626
782.330434	0.052135	0.022161	0.002630
781.987353	0.052420	0.022403	0.002585
781.616217	0.053902	0.022631	0.002632
781.249328	0.052595	0.023844	0.002617
780.896828	0.053995	0.023648	0.002529
780.524018	0.052820	0.023310	0.002637
780.128923	0.053809	0.023124	0.002654
779.763213	0.052153	0.023801	0.002607
779.419917	0.052710	0.023682	0.002670
779.029859	0.054381	0.023910	0.002714
778.670807	0.053700	0.023329	0.002649
778.307931	0.052230	0.023841	0.002610
777.919503	0.053434	0.024483	0.002659
777.560783	0.052935	0.023274	0.002635
777.177072	0.051734	0.022981	0.002680
776.794199	0.053525	0.023740	0.002687
776.427845	0.052598	0.023260	0.002683
776.066531	0.052581	0.024061	0.002614
775.707978	0.052409	0.023760	0.002654
775.333742	0.053354	0.023407	0.002608
774.953211	0.053162	0.023785	0.002682
774.596660	0.052707	0.023901	0.002600
774.235597	0.052734	0.023283	0.002579
773.824110	0.052651	0.024379	0.002607
773.434530	0.053233	0.022858	0.002664
773.075083	0.051969	0.024512	0.002625
772.692547	0.053459	0.024438	0.002686
772.347281	0.053582	0.024263	0.002561
771.992678	0.053236	0.023526	0.002610
771.610980	0.051467	0.024330	0.002551
771.224686	0.053302	0.024535	0.002602
770.823739	0.052593	0.023338	0.002650
770.469191	0.052251	0.024144	0.002656
770.086551	0.052754	0.024780	0.002611
769.713983	0.052386	0.024151	0.002600
769.341179	0.053261	0.025092	0.002635
768.949890	0.053234	0.024505	0.002672
768.584151	0.051469	0.024720	0.002710
768.198731	0.053439	0.023714	0.002590
767.833596	0.052851	0.024708	0.002627
767.455894	0.053857	0.024858	0.002634
767.093145	0.053465	0.025056	0.002667
766.686834	0.052539	0.023670	0.002698
766.286635	0.053018	0.025050	0.002569
765.892387	0.052201	0.024984	0.002645
765.548497	0.052006	0.024474	0.002599
765.187946	0.051908	0.024793	0.002607
764.830570	0.054100	0.025213	0.002747
764.483828	0.052414	0.025056	0.002600
764.118297	0.052379	0.024831	0.002641
763.742876	0.054786	0.024078	0.002769
763.379064	0.054450	0.024750	0.002642
762.994940	0.053390	0.024716	0.002591
762.583008	0.053525	0.024528	0.002601
762.186474	0.053442	0.024627	0.002660
761.787859	0.052915	0.024579	0.002595
761.433779	0.052635	0.024955	0.002645
761.033187	0.053485	0.024917	0.002744
760.687184	0.054144	0.025077	0.002635
760.303498	0.053336	0.025145	0.002604
759.947310	0.053416	0.024644	0.002566
759.575996	0.052530	0.024298	0.002607
759.182401	0.053148	0.024377	0.002629
758.822538	0.054078	0.025028	0.002641
758.453045	0.054057	0.024669	0.002601
758.091212	0.052008	0.024797	0.002647
757.721375	0.053702	0.024426	0.002558
757.341330	0.053487	0.025120	0.002679
756.941322	0.052005	0.024565	0.002673
756.597438	0.053425	0.025061	0.002629
756.219571	0.055742	0.024328	0.002606
755.850080	0.050912	0.025698	0.002596
755.474735	0.051856	0.024716	0.002657
755.076926	0.053052	0.025785	0.002672
754.716176	0.051319	0.025140	0.002752
754.354333	0.053779	0.024919	0.002641
753.985775	0.052649	0.025706	0.002674
753.609188	0.052092	0.025229	0.002644
753.255432	0.052490	0.025565	0.002619
752.856412	0.053008	0.025571	0.002660
752.472725	0.053448	0.025231	0.002646
752.078529	0.052697	0.024957	0.002583
751.700715	0.053105	0.025062	0.002597
751.333163	0.054195	0.025179	0.002568
750.974695	0.054306	0.025427	0.002661
750.603563	0.052533	0.025245	0.002638
750.200613	0.054300	0.025283	0.002676
749.828962	0.052592	0.026113	0.002632
749.438743	0.053385	0.025319	0.002665
749.040375	0.052750	0.025094	0.002564
748.651355	0.052530	0.025293	0.002637
748.285094	0.053490	0.025726	0.002602
747.923484	0.052093	0.024930	0.002617
747.548032	0.052815	0.024952	0.002614
747.181254	0.053252	0.025723	0.002627
746.815009	0.053660	0.025393	0.002615
746.421652	0.055271	0.025196	0.002608
746.057110	0.053077	0.024878	0.002626
745.681138	0.052400	0.025997	0.002627
745.271918	0.054123	0.025309	0.002592
744.863714	0.053409	0.025985	0.002671
744.509759	0.053613	0.026086	0.002624
744.135414	0.052980	0.025608	0.002556
743.760751	0.052248	0.025974	0.002563
743.358113	0.053845	0.025711	0.002597
742.960074	0.053966	0.025682	0.002677
742.610021	0.054002	0.025619	0.002674
742.222037	0.052023	0.025418	0.002639
741.849477	0.053338	0.025040	0.002566
741.463594	0.052348	0.025863	0.002592
741.111739	0.052841	0.025532	0.002656
740.748652	0.053444	0.025600	0.002761
740.378550	0.054386	0.025494	0.002609
739.990158	0.052045	0.025320	0.002691
739.603980	0.053900	0.024740	0.002675
739.234707	0.053052	0.024959	0.002628
738.866075	0.052784	0.025588	0.002613
738.490514	0.052851	0.024958	0.002614
738.103793	0.052413	0.025578	0.002556
737.733156	0.051868	0.025255	0.002668
737.370592	0.054257	0.025473	0.002562
737.033639	0.053370	0.025412	0.002654
736.667178	0.053440	0.025530	0.002640
736.322168	0.054038	0.025165	0.002603
735.948773	0.052684	0.025222	0.002634
735.593098	0.051446	0.025686	0.002549
735.202747	0.053265	0.025991	0.002594
734.852304	0.053080	0.025791	0.002616
734.473967	0.055131	0.025216	0.002612
734.088176	0.053048	0.025227	0.002616
733.731992	0.052393	0.025601	0.002595
733.368989	0.052678	0.026126	0.002641
733.005954	0.052373	0.025338	0.002576
732.644861	0.053350	0.025390	0.002680
732.241664	0.054274	0.025208	0.002657
731.885534	0.054089	0.025972	0.002543
731.527132	0.053548	0.025543	0.002562
731.151541	0.052719	0.025309	0.002620
730.739755	0.054112	0.025625	0.002645
730.369401	0.052615	0.025472	0.002694
730.005208	0.054121	0.025652	0.002668
729.613528	0.053519	0.025075	0.002551
729.254082	0.051604	0.025294	0.002585
728.862373	0.054065	0.025688	0.002579
728.474469	0.053239	0.025807	0.002589
728.110924	0.053609	0.025314	0.002664
727.723087	0.053595	0.025388	0.002586
727.334185	0.053588	0.025774	0.002610
726.939687	0.052763	0.025488	0.002597
726.577774	0.053710	0.025338	0.002694
726.241370	0.050076	0.025193	0.002536
725.880847	0.054333	0.025320	0.002622
725.485715	0.052924	0.024827	0.002597
725.106203	0.054897	0.024877	0.002584
724.727968	0.053482	0.025288	0.002640
724.341070	0.053569	0.025321	0.002586
723.973735	0.054390	0.025372	0.002570
723.596488	0.055985	0.025448	0.002598
723.205053	0.054220	0.025277	0.002618
722.849845	0.053354	0.025486	0.002643
722.464682	0.051977	0.025256	0.002607
722.087561	0.054355	0.025236	0.002686
721.691968	0.053418	0.025089	0.002589
721.309634	0.053259	0.025308	0.002493
720.941953	0.054319	0.025111	0.002544
720.574155	0.053322	0.025412	0.002662
720.205486	0.053575	0.025343	0.002668
719.838536	0.054058	0.025183	0.002565
719.456290	0.052558	0.025460	0.002644
719.115885	0.054153	0.024903	0.002683
718.753758	0.052596	0.025043	0.002658
718.389036	0.054180	0.025282	0.002724
718.022726	0.054297	0.025984	0.002607
717.649986	0.053376	0.024807	0.002573
717.280534	0.052856	0.025845	0.002657
716.899738	0.054724	0.025112	0.002637
716.508352	0.054424	0.025516	0.002616
716.113468	0.053218	0.025507	0.002646
715.759476	0.052867	0.024828	0.002677
715.369991	0.053618	0.025575	0.002645
714.986706	0.055346	0.025803	0.002680
714.620878	0.052270	0.024704	0.002597
714.235855	0.054881	0.026022	0.002646
713.885461	0.054065	0.025811	0.002687
713.526733	0.056221	0.025747	0.002625
713.155088	0.054383	0.025879	0.002578
712.780177	0.054583	0.025293	0.002637
712.420371	0.054341	0.025684	0.002602
712.040363	0.053100	0.026015	0.002665
711.660439	0.056312	0.025866	0.002622
711.282074	0.054095	0.025999	0.002663
710.907142	0.053647	0.026293	0.002590
710.549591	0.054500	0.025855	0.002607
710.182146	0.054636	0.025938	0.002598
709.802811	0.053060	0.026230	0.002598
709.406238	0.054215	0.026051	0.002530
709.020619	0.052027	0.026535	0.002567
708.670461	0.053923	0.026265	0.002665
708.283533	0.055198	0.026351	0.002626
707.900682	0.053259	0.026393	0.002586
707.514439	0.054871	0.026550	0.002542
707.132204	0.053767	0.026425	0.002669
706.769151	0.053954	0.026418	0.002614
706.399194	0.054210	0.026517	0.002558
706.032652	0.053822	0.027643	0.002608
705.638072	0.054306	0.027182	0.002610
705.248475	0.054072	0.027418	0.002642
704.902463	0.053545	0.027680	0.002651
704.539275	0.054629	0.027363	0.002621
704.181535	0.054941	0.027726	0.002600
703.836621	0.053775	0.027939	0.002716
703.475457	0.053826	0.028598	0.002548
703.106440	0.053017	0.028967	0.002684
702.720705	0.054640	0.029323	0.002626
702.318186	0.053128	0.029251	0.002623
701.962241	0.056253	0.029689	0.002604
701.602572	0.052412	0.029731	0.002655
701.228565	0.053062	0.030214	0.002587
700.852295	0.054470	0.030942	0.002607
700.500339	0.054090	0.031447	0.002622
700.111661	0.054758	0.032095	0.002636
699.733553	0.053371	0.032392	0.002651
699.375904	0.056355	0.032395	0.002595
699.026274	0.054168	0.033410	0.002619
698.662881	0.054799	0.033758	0.002666
698.317382	0.053648	0.034654	0.002659
697.933801	0.056745	0.035465	0.002586
697.551198	0.054112	0.035832	0.002492
697.178013	0.054821	0.037202	0.002635
696.826200	0.056040	0.038383	0.002707
696.470500	0.054583	0.039962	0.002569
696.105461	0.054689	0.041053	0.002675
695.732291	0.054482	0.042576	0.002600
695.354345	0.055307	0.044672	0.002692
694.973068	0.053384	0.046237	0.002619
694.605668	0.054186	0.048545	0.002643
694.234111	0.055573	0.050969	0.002612
693.862236	0.055151	0.053842	0.002615
693.459857	0.055106	0.056346	0.002662
693.071894	0.054611	0.059861	0.002633
692.720192	0.054488	0.063065	0.002632
692.350270	0.056254	0.066544	0.002669
691.975141	0.054656	0.070070	0.002636
691.619044	0.054177	0.072593	0.002606
691.254076	0.054770	0.076288	0.002672
690.878640	0.055021	0.079115	0.002560
690.484310	0.056698	0.080900	0.002620
690.140274	0.053937	0.082364	0.002664
689.770208	0.056339	0.082648	0.002555
689.395008	0.056436	0.082316	0.002683
688.980042	0.054491	0.080006	0.002648
688.550743	0.054922	0.078031	0.002588
688.120692	0.055995	0.074669	0.002661
687.692898	0.055948	0.070263	0.002664
687.321316	0.055298	0.066604	0.002643
686.928069	0.054454	0.062630	0.002621
686.553800	0.055030	0.059108	0.002609
686.167141	0.055048	0.055919	0.002648
685.815826	0.053967	0.052359	0.002625
685.438502	0.053986	0.048910	0.002686
685.049411	0.054360	0.046408	0.002659
684.683548	0.054908	0.044356	0.002570
684.318288	0.054975	0.041708	0.002643
683.957078	0.054936	0.040321	0.002666
683.591491	0.053574	0.037552	0.002574
683.212107	0.055268	0.035862	0.002610
682.822126	0.054033	0.034149	0.002669
682.430459	0.055190	0.032642	0.002643
682.066483	0.054589	0.031273	0.002610
681.702480	0.055389	0.029803	0.002646
681.323479	0.053990	0.028274	0.002573
680.930288	0.056023	0.027335	0.002666
680.560546	0.055469	0.026197	0.002638
680.203679	0.054895	0.025191	0.002686
679.821947	0.054613	0.024110	0.002614
679.439614	0.053453	0.023249	0.002714
679.061290	0.055427	0.022944	0.002615
678.704585	0.055591	0.021880	0.002646
678.347710	0.055502	0.021165	0.002638
677.971486	0.053004	0.020668	0.002621
677.623609	0.055131	0.019811	0.002634
677.276986	0.054792	0.018855	0.002573
676.907482	0.055776	0.018743	0.002792
676.523179	0.054657	0.017896	0.002577
676.122803	0.055182	0.017411	0.002709
675.746293	0.054676	0.016781	0.002600
675.390507	0.054104	0.016405	0.002638
675.003075	0.055385	0.016102	0.002561
674.611765	0.054062	0.015351	0.002607
674.232439	0.056684	0.014877	0.002653
673.856200	0.054703	0.014658	0.002509
673.496996	0.054230	0.014403	0.002702
673.127466	0.056332	0.013755	0.002633
672.739939	0.054338	0.013652	0.002644
672.364292	0.054615	0.012923	0.002561
672.017202	0.054370	0.012704	0.002626
671.633169	0.056903	0.012057	0.002673
671.256075	0.054643	0.012003	0.002588
670.863706	0.056771	0.011525	0.002641
670.440093	0.055281	0.011215	0.002525
670.073170	0.056105	0.010894	0.002605
669.699783	0.054870	0.010775	0.002598
669.345609	0.054493	0.010624	0.002587
668.958317	0.054460	0.010297	0.002651
668.559140	0.054450	0.009835	0.002652
668.195075	0.055570	0.010061	0.002581
667.824720	0.055677	0.009451	0.002645
667.437371	0.055757	0.009017	0.002581
667.034535	0.054174	0.008543	0.002669
666.688895	0.054119	0.008409	0.002596
666.306757	0.055139	0.007733	0.002703
665.931331	0.053730	0.007453	0.002616
665.540745	0.054603	0.007501	0.002534
665.141886	0.054777	0.007337	0.002596
664.770341	0.053678	0.007292	0.002679
664.389230	0.053704	0.006869	0.002576
664.008122	0.055151	0.006552	0.002624
663.664057	0.055915	0.006419	0.002646
663.289957	0.056427	0.006254	0.002571
662.920141	0.054927	0.005739	0.002577
662.536884	0.056402	0.005742	0.002635
662.178786	0.056063	0.005414	0.002602
661.784972	0.055980	0.005258	0.002640
661.425056	0.055670	0.005322	0.002625
661.050505	0.055325	0.004959	0.002587
660.640114	0.055352	0.004417	0.002551
660.220412	0.054555	0.004706	0.002655
659.871388	0.055239	0.004128	0.002673
659.510861	0.055607	0.003975	0.002509
659.141747	0.056758	0.003921	0.002685
658.794301	0.055780	0.003650	0.002601
658.409425	0.054782	0.003561	0.002588
658.031859	0.058040	0.003589	0.002584
657.667298	0.055320	0.002775	0.002602
657.255664	0.056936	0.003363	0.002615
656.852256	0.054289	0.003341	0.002684
656.459669	0.055413	0.002863	0.002633
656.116301	0.056698	0.002486	0.002642
655.736318	0.057719	0.003270	0.002605
655.372349	0.057577	0.002296	0.002547
654.981348	0.055941	0.002701	0.002627
654.616118	0.055849	0.002421	0.002627
654.238142	0.057419	0.002036	0.002625
653.854404	0.055777	0.002170	0.002573
653.489816	0.054683	0.001810	0.002607
653.094285	0.055908	0.002223	0.002681
652.725956	0.054722	0.002570	0.002639
652.345863	0.055682	0.002460	0.002683
651.957003	0.056079	0.002954	0.002592
651.568555	0.056688	0.002190	0.002655
651.215999	0.055820	0.002446	0.002650
650.848571	0.055287	0.002702	0.002599
650.494863	0.056002	0.002719	0.002646
650.115577	0.057276	0.002866	0.002657
649.766298	0.057340	0.003009	0.002634
649.400848	0.055736	0.003584	0.002665
649.010566	0.056579	0.004211	0.002603
648.631421	0.057385	0.004483	0.002551
648.270481	0.057079	0.005224	0.002693
647.925433	0.055691	0.005263	0.002629
647.566177	0.056631	0.005910	0.002699
647.189083	0.055458	0.006370	0.002605
646.837999	0.056198	0.006863	0.002613
646.469712	0.056921	0.008101	0.002619
646.099167	0.057623	0.008398	0.002629
645.760062	0.058216	0.009497	0.002663
645.361708	0.054566	0.009999	0.002712
644.977030	0.056761	0.010786	0.002678
644.617333	0.055978	0.011350	0.002692
644.247738	0.057556	0.012210	0.002696
643.873303	0.057339	0.012695	0.002615
643.489943	0.055353	0.013454	0.002660
643.127856	0.056140	0.013814	0.002749
642.753145	0.057573	0.013875	0.002701
642.374324	0.058194	0.013977	0.002733
641.989630	0.056134	0.013875	0.002705
641.615782	0.056877	0.012714	0.002729
641.241315	0.057516	0.011384	0.002742
640.909279	0.057786	0.010824	0.002637
640.522833	0.057925	0.008040	0.002666
640.133276	0.057297	0.005633	0.002646
639.758107	0.058279	0.003613	0.002654
639.401412	0.057343	0.001653	0.002597
639.036847	0.057818	0.000583	0.002644
638.661310	0.057198	0.000503	0.002658
638.289283	0.059044	0.001884	0.002649
637.912207	0.056483	0.005456	0.002656
637.555676	0.057569	0.008868	0.002624
637.203966	0.054309	0.012840	0.002635
637.572985	0.058084	0.010346	0.002638
637.930922	0.057240	0.006576	0.002650
638.298959	0.059321	0.003433	0.002578
638.641512	0.057507	0.001157	0.002678
639.048143	0.058153	0.000397	0.002636
639.425357	0.059696	0.001142	0.002576
639.793567	0.057280	0.003472	0.002634
640.148920	0.056382	0.005167	0.002650
640.529714	0.058352	0.007515	0.002648
640.908850	0.056990	0.009771	0.002686
641.259330	0.057226	0.010969	0.002768
641.637883	0.059452	0.012303	0.002668
642.013648	0.058656	0.013293	0.002656
642.369472	0.058313	0.013439	0.002628
642.745503	0.058468	0.014131	0.002649
643.122980	0.058695	0.013979	0.002558
643.496855	0.056737	0.013595	0.002632
643.864772	0.058577	0.013303	0.002558
644.247466	0.055968	0.012666	0.002588
644.632255	0.056939	0.011757	0.002686
645.025848	0.057634	0.011203	0.002559
645.388113	0.057890	0.009813	0.002619
645.754617	0.058844	0.009665	0.002614
646.104655	0.058930	0.008663	0.002622
646.473827	0.057748	0.008304	0.002677
646.835463	0.055811	0.007292	0.002652
647.193255	0.055437	0.006779	0.002711
647.539816	0.058667	0.006198	0.002620
647.919898	0.057002	0.005533	0.002641
648.288011	0.054792	0.005107	0.002661
648.633010	0.056030	0.004523	0.002589
648.995947	0.058144	0.004347	0.002654
649.361454	0.056211	0.004044	0.002643
649.729882	0.056983	0.003708	0.002712
650.075025	0.055657	0.003137	0.002673
650.429412	0.059342	0.003018	0.002585
650.805840	0.056511	0.002884	0.002607
651.196532	0.058634	0.002700	0.002658
651.565429	0.057140	0.002651	0.002612
651.930273	0.055579	0.002513	0.002674
652.299833	0.055296	0.002629	0.002602
652.707927	0.056052	0.002538	0.002628
653.098592	0.058160	0.002369	0.002591
653.476192	0.056802	0.002735	0.002578
653.828620	0.054018	0.002388	0.002550
654.213030	0.056283	0.002789	0.002638
654.607454	0.057505	0.002406	0.002621
655.014204	0.058114	0.002739	0.002637
655.387982	0.057816	0.002695	0.002615
655.764347	0.055755	0.002897	0.002702
656.156467	0.054810	0.003090	0.002682
656.516347	0.056769	0.003119	0.002623
656.904287	0.055255	0.003211	0.002564
657.268015	0.058026	0.003206	0.002590
657.611110	0.055251	0.003440	0.002634
657.987358	0.056291	0.003587	0.002599
658.356193	0.057636	0.003617	0.002669
658.708445	0.055336	0.003598	0.002580
659.063255	0.056983	0.004483	0.002605
659.450133	0.055450	0.003669	0.002607
659.827958	0.056903	0.004412	0.002634
660.211427	0.054660	0.004708	0.002650
660.571154	0.057751	0.004413	0.002672
660.939479	0.056115	0.004870	0.002583
661.311733	0.054071	0.005167	0.002550
661.720056	0.055033	0.005573	0.002583
662.091779	0.056952	0.005655	0.002551
662.462301	0.054954	0.005682	0.002637
662.845060	0.055822	0.005723	0.002573
663.239517	0.057367	0.006288	0.002537
663.649181	0.054947	0.006657	0.002612
664.044240	0.056741	0.006542	0.002654
664.443033	0.054081	0.006869	0.002633
664.809431	0.055303	0.007246	0.002651
665.196361	0.056590	0.007306	0.002612
665.606136	0.056148	0.007755	0.002646
666.017914	0.057312	0.007610	0.002537
666.440435	0.054748	0.008182	0.002628
666.808650	0.054894	0.008373	0.002550
667.161571	0.056798	0.008259	0.002596
667.524839	0.055833	0.008777	0.002631
667.895793	0.055708	0.009062	0.002566
668.279135	0.056285	0.009866	0.002624
668.657624	0.054041	0.009490	0.002598
669.043509	0.054582	0.009953	0.002660
669.415216	0.055541	0.010476	0.002525
669.785640	0.053945	0.010563	0.002658
670.169995	0.055575	0.011476	0.002595
670.537916	0.055601	0.011036	0.002690
670.891265	0.055659	0.011572	0.002623
671.291365	0.057417	0.012037	0.002623
671.668802	0.055511	0.012145	0.002582
672.033986	0.055982	0.012837	0.002730
672.392884	0.055450	0.012543	0.002640
672.774146	0.055628	0.013424	0.002569
673.158193	0.053246	0.013873	0.002650
673.553013	0.055168	0.014234	0.002696
673.928699	0.054397	0.014065	0.002631
674.276336	0.055046	0.014892	0.002584
674.668510	0.055987	0.015332	0.002579
675.058894	0.056075	0.015819	0.002576
675.428546	0.055495	0.016410	0.002598
675.848764	0.055548	0.016656	0.002633
676.196131	0.056454	0.017695	0.002578
676.570784	0.055435	0.018216	0.002673
676.948629	0.056012	0.018738	0.002586
677.371740	0.055375	0.019406	0.002593
677.788708	0.055574	0.020154	0.002555
678.143752	0.055808	0.020548	0.002575
678.510909	0.055813	0.021406	0.002580
678.881626	0.056166	0.021733	0.002640
679.241749	0.056142	0.023084	0.002573
679.598283	0.054275	0.023641	0.002686
679.992000	0.056233	0.024381	0.002561
680.375435	0.055918	0.025243	0.002608
680.756454	0.053431	0.026940	0.002658
681.140669	0.055793	0.027489	0.002646
681.498615	0.056345	0.028649	0.002586
681.875606	0.054486	0.030046	0.002660
682.235692	0.057274	0.031148	0.002595
682.590952	0.055577	0.033027	0.002676
682.965022	0.053912	0.033883	0.002606
683.315477	0.054093	0.035870	0.002610
683.676407	0.056943	0.037467	0.002571
684.032788	0.055830	0.039598	0.002556
684.416257	0.055756	0.041647	0.002652
684.775955	0.055386	0.043350	0.002621
685.157619	0.055036	0.045930	0.002615
685.519014	0.055690	0.049241	0.002633
685.895815	0.055683	0.051798	0.002695
686.268334	0.056175	0.055814	0.002584
686.651282	0.054367	0.059138	0.002615
687.015719	0.055900	0.063030	0.002698
687.380515	0.054467	0.066556	0.002603
687.771142	0.054792	0.069898	0.002570
688.134566	0.055833	0.073611	0.002611
688.534267	0.056024	0.076515	0.002667
688.933240	0.056367	0.080009	0.002572
689.318731	0.053330	0.081922	0.002612
689.692401	0.055408	0.082584	0.002714
690.042082	0.056259	0.082908	0.002593
690.410475	0.054266	0.082472	0.002673
690.792538	0.053958	0.081031	0.002722
691.152550	0.054885	0.078211	0.002680
691.535596	0.053917	0.075801	0.002635
691.930645	0.055949	0.072521	0.002587
692.329623	0.054521	0.068096	0.002625
692.737597	0.056713	0.064394	0.002628
693.103188	0.056742	0.061556	0.002599
693.462023	0.055798	0.057671	0.002611
693.841546	0.054524	0.054867	0.002625
694.214053	0.054200	0.052571	0.002599
694.593948	0.057341	0.049822	0.002601
694.969106	0.055246	0.047208	0.002572
695.365729	0.054636	0.045514	0.002543
695.745678	0.053754	0.043376	0.002643
696.114269	0.054214	0.042101	0.002588
696.499221	0.055985	0.040583	0.002680
696.846213	0.055449	0.039452	0.002553
697.226371	0.054859	0.038438	0.002566
697.625140	0.055381	0.037150	0.002620
698.027170	0.056512	0.036007	0.002687
698.411211	0.054957	0.034842	0.002624
698.758704	0.055237	0.034563	0.002603
699.129278	0.053905	0.033218	0.002583
699.498379	0.055885	0.033083	0.002675
699.866497	0.054916	0.031696	0.002648
700.241458	0.054114	0.031826	0.002665
700.601240	0.054045	0.031518	0.002565
700.980447	0.054013	0.030895	0.002612
701.332275	0.054589	0.030449	0.002614
701.696602	0.054151	0.030517	0.002556
702.041377	0.054677	0.030015	0.002560
702.414124	0.053892	0.029160	0.002581
702.784157	0.054696	0.029245	0.002620
703.150771	0.053914	0.029235	0.002537
703.510724	0.056356	0.028836	0.002579
703.883245	0.056092	0.027967	0.002627
704.245042	0.054767	0.028480	0.002560
704.609062	0.055540	0.027747	0.002601
704.973680	0.055442	0.027361	0.002627
705.336387	0.054339	0.027848	0.002622
705.735815	0.054505	0.027135	0.002595
706.132347	0.054241	0.027129	0.002655
706.540176	0.053734	0.027051	0.002613
706.890620	0.055243	0.027242	0.002504
707.274990	0.055171	0.026691	0.002566
707.652968	0.053246	0.026753	0.002586
708.031209	0.054301	0.025860	0.002689
708.416035	0.055814	0.026777	0.002645
708.784216	0.053837	0.026092	0.002605
709.181102	0.055534	0.026063	0.002568
709.578121	0.054330	0.026161	0.002598
709.962909	0.054749	0.026057	0.002646
710.363060	0.054715	0.025635	0.002630
710.712979	0.054340	0.025805	0.002621
711.085842	0.055040	0.025929	0.002595
711.479708	0.053969	0.025738	0.002654
711.875819	0.053109	0.025872	0.002649
712.228352	0.053363	0.025900	0.002587
712.617283	0.055741	0.025192	0.002673
712.996086	0.056705	0.025743	0.002564
713.368386	0.053624	0.025842	0.002623
713.759971	0.054669	0.026027	0.002561
714.120505	0.054383	0.025877	0.002608
714.514529	0.054127	0.026027	0.002747
714.868350	0.053568	0.025059	0.002629
715.217967	0.054667	0.025924	0.002664
715.579864	0.057931	0.024729	0.002592
715.970721	0.052354	0.025722	0.002648
716.361301	0.054434	0.025570	0.002546
716.750896	0.052634	0.024944	0.002600
717.143255	0.055053	0.025279	0.002598
717.490050	0.054611	0.024820	0.002510
717.859859	0.054123	0.024864	0.002631
718.236120	0.053540	0.025754	0.002632
718.614394	0.052189	0.024806	0.002594
718.983260	0.054353	0.025140	0.002527
719.361725	0.054984	0.024893	0.002658
719.729658	0.054225	0.025512	0.002697
720.130140	0.052880	0.025656	0.002702
720.529427	0.054066	0.025487	0.002617
720.888043	0.054088	0.024531	0.002638
721.264367	0.053738	0.025473	0.002549
721.627912	0.054227	0.025138	0.002546
722.010228	0.054042	0.025432	0.002624
722.393460	0.054464	0.025176	0.002649
722.750992	0.053698	0.025207	0.002600
723.112493	0.054065	0.025181	0.002584
723.484694	0.055491	0.025255	0.002606
723.838740	0.054067	0.024571	0.002623
724.228680	0.054047	0.025179	0.002571
724.599534	0.052977	0.025365	0.002616
724.985296	0.053711	0.024900	0.002618
725.349571	0.053857	0.025415	0.002616
725.714635	0.054548	0.024724	0.002684
726.063326	0.054485	0.025150	0.002606
726.425038	0.053874	0.025239	0.002566
726.790430	0.053973	0.025505	0.002619
727.148080	0.053864	0.025357	0.002535
727.526586	0.054548	0.025653	0.002610
727.913990	0.053181	0.025628	0.002617
728.320999	0.053202	0.025081	0.002626
728.723788	0.053462	0.026013	0.002606
729.135232	0.052499	0.024785	0.002567
729.495938	0.054490	0.025084	0.002603
729.875483	0.054488	0.024910	0.002701
730.249049	0.053077	0.025197	0.002660
730.625188	0.054841	0.025716	0.002691
730.997625	0.052284	0.025622	0.002567
731.396033	0.053426	0.025361	0.002621
731.749042	0.054427	0.025193	0.002589
732.115746	0.053499	0.025803	0.002616
732.482114	0.054181	0.025524	0.002627
732.843369	0.053464	0.025601	0.002591
733.222893	0.054352	0.025495	0.002549
733.578516	0.051912	0.026116	0.002593
733.972314	0.053866	0.025091	0.002542
734.386325	0.052660	0.025026	0.002747
734.750115	0.053547	0.025421	0.002615
735.150353	0.052848	0.025494	0.002616
735.529662	0.053258	0.025421	0.002621
735.898693	0.053359	0.025144	0.002618
736.268897	0.053697	0.026151	0.002543
736.627332	0.052973	0.025295	0.002565
737.008460	0.054065	0.025469	0.002668
737.381250	0.053648	0.025399	0.002642
737.761380	0.052206	0.025299	0.002593
738.118625	0.054220	0.025175	0.002638
738.484381	0.052489	0.025179	0.002629
738.852345	0.053772	0.025110	0.002641
739.245197	0.053192	0.024895	0.002663
739.621327	0.052740	0.025608	0.002595
739.997297	0.052477	0.025391	0.002574
740.386150	0.053161	0.025569	0.002603
740.769305	0.052789	0.025766	0.002552
741.133503	0.052824	0.025178	0.002596
741.505105	0.054643	0.025699	0.002706
741.868362	0.052616	0.025382	0.002693
742.253078	0.054518	0.025245	0.002688
742.632973	0.054063	0.025297	0.002649
743.012331	0.052781	0.025613	0.002725
743.384661	0.053066	0.025596	0.002677
743.782500	0.053440	0.025560	0.002584
744.184091	0.054921	0.025951	0.002615
744.545468	0.052476	0.025132	0.002598
744.890298	0.053466	0.026015	0.002553
745.241087	0.053463	0.025354	0.002682
745.583810	0.053939	0.025589	0.002650
745.943800	0.053228	0.025921	0.002704
746.284906	0.054125	0.025355	0.002619
746.627287	0.053913	0.025588	0.002640
746.962396	0.054721	0.026054	0.002630
747.329219	0.054237	0.025717	0.002616
747.682315	0.054672	0.025327	0.002653
748.013538	0.053274	0.025663	0.002625
748.379997	0.053260	0.025003	0.002574
748.740800	0.052814	0.025522	0.002609
749.115996	0.053274	0.024789	0.002693
749.492208	0.052513	0.025016	0.002634
749.846238	0.053647	0.025348	0.002659
750.227818	0.053956	0.025161	0.002684
750.590611	0.052745	0.025062	0.002597
750.946638	0.053614	0.025324	0.002591
751.314819	0.054576	0.025264	0.002643
751.697064	0.052368	0.025413	0.002688
752.054053	0.051968	0.025124	0.002550
752.429637	0.053541	0.025133	0.002651
752.796108	0.052368	0.025368	0.002568
753.179751	0.053541	0.025571	0.002664
753.547617	0.054131	0.025019	0.002683
753.898404	0.055147	0.024313	0.002682
754.252084	0.052203	0.024864	0.002615
754.611668	0.051984	0.025045	0.002621
754.964760	0.054127	0.025636	0.002657
755.328057	0.053649	0.025319	0.002640
755.680798	0.054364	0.025662	0.002583
756.035752	0.052559	0.024422	0.002688
756.393340	0.054319	0.025701	0.002614
756.748487	0.052727	0.024711	0.002769
757.095851	0.053307	0.024711	0.002605
757.469584	0.053437	0.025419	0.002547
757.820510	0.053643	0.024707	0.002602
758.182097	0.052287	0.024029	0.002578
758.530106	0.052097	0.025265	0.002611
758.889440	0.052863	0.024387	0.002573
759.286763	0.053549	0.025245	0.002604
759.638795	0.053150	0.024282	0.002672
760.014871	0.054305	0.024586	0.002650
760.391306	0.053626	0.024501	0.002728
760.762450	0.052811	0.024565	0.002602
761.127983	0.054322	0.024367	0.002601
761.492830	0.054323	0.025203	0.002553
761.848729	0.053467	0.024707	0.002519
762.199976	0.052735	0.024694	0.002543
762.570868	0.052406	0.024503	0.002630
762.971291	0.051879	0.024332	0.002732
763.395436	0.052207	0.024625	0.002600
763.820831	0.053606	0.024304	0.002570
764.214425	0.052493	0.024826	0.002631
764.568030	0.052731	0.024393	0.002619
764.951910	0.053953	0.024803	0.002622
765.288865	0.054116	0.024405	0.002613
765.646732	0.052756	0.024826	0.002638
766.028419	0.053079	0.024556	0.002595
766.383585	0.053372	0.024290	0.002745
766.739340	0.054225	0.024463	0.002602
767.084655	0.055056	0.024340	0.002583
767.444286	0.052553	0.025017	0.002724
767.789213	0.053407	0.024287	0.002584
768.163186	0.053648	0.024517	0.002608
768.534298	0.053890	0.024110	0.002661
768.913505	0.051081	0.023625	0.002583
769.291715	0.053990	0.023996	0.002684
769.689528	0.052569	0.024369	0.002671
770.048535	0.053077	0.023525	0.002650
770.421572	0.052110	0.024314	0.002667
770.797468	0.053723	0.024303	0.002570
771.169397	0.052672	0.023280	0.002663
771.521191	0.053672	0.024177	0.002709
771.878306	0.053272	0.024598	0.002677
772.265091	0.052791	0.023062	0.002625
772.677955	0.054455	0.023491	0.002643
773.029643	0.053899	0.023580	0.002555
773.394227	0.052298	0.024385	0.002616
773.767037	0.053572	0.024026	0.002637
774.138980	0.053817	0.024261	0.002613
774.515004	0.051661	0.023702	0.002601
774.889575	0.053241	0.023483	0.002619
775.251692	0.053529	0.023304	0.002680
775.624196	0.052703	0.023789	0.002639
776.010646	0.053763	0.022557	0.002604
776.388001	0.051640	0.022766	0.002620
776.746787	0.053725	0.023801	0.002636
777.107168	0.053272	0.024114	0.002563
777.474716	0.053977	0.023503	0.002562
777.848110	0.051742	0.023788	0.002665
778.221612	0.053216	0.023271	0.002700
778.594318	0.052043	0.023200	0.002687
778.984648	0.052977	0.023814	0.002723
779.359688	0.054195	0.023356	0.002641
779.738662	0.052322	0.022064	0.002765
780.094394	0.051940	0.023159	0.002732
780.478982	0.053234	0.022913	0.002593
780.845783	0.052650	0.023739	0.002617
781.212800	0.052618	0.022110	0.002570
781.588579	0.053628	0.023390	0.002698
781.973735	0.051570	0.022844	0.002677
782.343270	0.053264	0.022811	0.002651
782.711380	0.053355	0.022536	0.002609
783.091838	0.053487	0.022700	0.002595
783.482872	0.053824	0.022795	0.002687
783.859047	0.053171	0.022752	0.002590
784.247216	0.052699	0.022279	0.002706
784.619926	0.053264	0.022420	0.002751
785.011778	0.052207	0.022435	0.002643
785.384031	0.052328	0.022711	0.002622
785.749828	0.052695	0.022373	0.002620
786.114059	0.053613	0.022071	0.002718
786.502881	0.054018	0.022412	0.002636
786.903941	0.050565	0.022994	0.002700
787.264463	0.053730	0.021961	0.002734
787.633589	0.053844	0.022828	0.002600
787.993948	0.052928	0.021149	0.002645
788.385339	0.052227	0.021619	0.002683
788.769325	0.052559	0.022428	0.002654
789.156508	0.053320	0.021583	0.002600
789.560356	0.051334	0.022372	0.002633
789.933981	0.052770	0.021406	0.002690
790.291442	0.053787	0.022533	0.002705
790.662574	0.053750	0.022607	0.002639
791.045594	0.052009	0.022755	0.002585
791.432292	0.052655	0.021254	0.002656
791.820454	0.053424	0.021376	0.002655
792.182860	0.053133	0.021577	0.002532
792.563442	0.053212	0.022008	0.002638
792.939013	0.052334	0.021432	0.002703
793.287438	0.053173	0.021675	0.002649
793.659000	0.053073	0.021770	0.002703
794.028659	0.052592	0.021635	0.002647
794.403613	0.052801	0.021845	0.002602
794.766412	0.052760	0.021477	0.002625
795.136429	0.054131	0.021772	0.002618
795.495129	0.051420	0.021223	0.002698
795.856089	0.052549	0.021760	0.002599
796.233175	0.052723	0.020708	0.002655
796.613818	0.052044	0.021600	0.002646
796.990458	0.053442	0.022080	0.002588
797.375238	0.052807	0.021924	0.002704
797.774837	0.053107	0.020828	0.002592
798.144449	0.053531	0.020386	0.002682
798.523324	0.052626	0.021273	0.002630
798.883415	0.052437	0.020471	0.002588
799.264106	0.053950	0.021072	0.002633
799.630149	0.053389	0.022397	0.002694
799.985576	0.052150	0.020982	0.002589
