800.676983	0.068485	0.025535	0.002726
801.452220	0.069033	0.025112	0.002769
802.182659	0.067800	0.024932	0.002573
802.913970	0.069182	0.024993	0.002727
803.610795	0.066911	0.024638	0.002607
804.348032	0.067192	0.024580	0.002685
805.116810	0.068155	0.023536	0.002637
805.850365	0.068260	0.023613	0.002688
806.623254	0.069072	0.023378	0.002586
807.340025	0.067368	0.023368	0.002692
808.077163	0.068814	0.022707	0.002649
808.783213	0.069187	0.023266	0.002603
809.504384	0.068477	0.022699	0.002566
810.256735	0.066673	0.022722	0.002654
810.987789	0.067586	0.022028	0.002615
811.707173	0.068304	0.022371	0.002598
812.377757	0.067852	0.022486	0.002630
813.112336	0.068107	0.022712	0.002647
813.850613	0.067017	0.022844	0.002669
814.594603	0.068045	0.022194	0.002618
815.287961	0.068366	0.022459	0.002584
816.001189	0.065990	0.021602	0.002649
816.731130	0.068558	0.022028	0.002735
817.459418	0.067279	0.021772	0.002531
818.169122	0.066381	0.022095	0.002598
818.903030	0.066743	0.021910	0.002611
819.677191	0.068226	0.021923	0.002607
820.409564	0.068959	0.021927	0.002572
821.197985	0.067862	0.022212	0.002592
821.928789	0.068876	0.022111	0.002601
822.616837	0.069247	0.022266	0.002594
823.332778	0.067717	0.022400	0.002639
824.064880	0.068276	0.022371	0.002588
824.781713	0.067942	0.022438	0.002618
825.556400	0.066804	0.023052	0.002638
826.271712	0.067987	0.023046	0.002663
826.989694	0.068484	0.023498	0.002602
827.741663	0.067761	0.023557	0.002684
828.481043	0.068630	0.023776	0.002671
829.262690	0.069115	0.024256	0.002682
829.998145	0.068516	0.024848	0.002612
830.792083	0.069102	0.025160	0.002661
831.591080	0.068739	0.026987	0.002661
832.290140	0.069581	0.028343	0.002568
833.079998	0.067544	0.030340	0.002582
833.853937	0.068310	0.033324	0.002612
834.555323	0.066297	0.036443	0.002609
835.267878	0.067853	0.040908	0.002552
836.035230	0.069744	0.044994	0.002649
836.749798	0.067671	0.049237	0.002620
837.521951	0.068444	0.052226	0.002523
838.221011	0.068625	0.053863	0.002575
838.946404	0.067919	0.052740	0.002616
839.675492	0.067067	0.047786	0.002571
840.393694	0.065898	0.040709	0.002683
841.082491	0.066133	0.031499	0.002703
841.799652	0.066829	0.021954	0.002724
842.550032	0.068536	0.014449	0.002694
843.293848	0.069523	0.017528	0.002680
843.990639	0.068363	0.023652	0.002604
844.717322	0.066774	0.028361	0.002591
845.471919	0.069213	0.030417	0.002658
846.268059	0.067660	0.031828	0.002682
846.990657	0.068365	0.031499	0.002639
847.732554	0.069250	0.030592	0.002588
848.504405	0.067919	0.028870	0.002628
849.280293	0.068558	0.026972	0.002526
850.082021	0.068257	0.025432	0.002558
850.802480	0.068008	0.024090	0.002658
851.521328	0.069606	0.023189	0.002649
852.300678	0.069237	0.021945	0.002675
853.059240	0.068523	0.021314	0.002611
853.780307	0.068083	0.020088	0.002564
854.472697	0.069868	0.020048	0.002656
855.195174	0.067158	0.019481	0.002615
855.950537	0.068495	0.018453	0.002635
856.681251	0.066615	0.018071	0.002571
857.461479	0.068658	0.017543	0.002520
858.216262	0.067182	0.017258	0.002682
858.909523	0.067528	0.016630	0.002580
859.665035	0.068994	0.016686	0.002521
860.403645	0.069514	0.016816	0.002661
861.129472	0.068307	0.016606	0.002703
861.864616	0.068517	0.016505	0.002637
862.621167	0.068534	0.016323	0.002631
863.414524	0.069117	0.015681	0.002558
864.188212	0.067911	0.015939	0.002619
864.932521	0.069603	0.015880	0.002618
865.729826	0.068781	0.015933	0.002627
866.462829	0.067886	0.016045	0.002615
867.177791	0.068598	0.015886	0.002590
867.894701	0.068079	0.016156	0.002564
868.665638	0.069202	0.016150	0.002628
869.358900	0.067915	0.016236	0.002699
870.117713	0.068071	0.016352	0.002735
870.850502	0.067056	0.015917	0.002665
871.600569	0.068305	0.016241	0.002632
872.278852	0.067676	0.016105	0.002620
873.021184	0.067741	0.016702	0.002656
873.741582	0.068125	0.016707	0.002623
874.453559	0.066765	0.016752	0.002615
875.195397	0.069052	0.016811	0.002579
875.876084	0.068535	0.016960	0.002649
876.586666	0.067508	0.017013	0.002590
877.326884	0.067540	0.017087	0.002582
878.084477	0.069360	0.017452	0.002711
878.793714	0.067941	0.017199	0.002586
879.515120	0.068236	0.017281	0.002641
880.248319	0.069774	0.018133	0.002593
881.023595	0.068414	0.017919	0.002647
881.789714	0.066271	0.018376	0.002677
882.500130	0.067093	0.018362	0.002618
883.225332	0.067436	0.018379	0.002646
883.986759	0.068601	0.018436	0.002669
884.722804	0.067108	0.018731	0.002614
885.440313	0.067951	0.018793	0.002656
886.184006	0.075461	0.018699	0.002657
886.931164	0.067104	0.019168	0.002683
887.642045	0.070021	0.018506	0.002629
888.425082	0.070520	0.018985	0.002616
889.114705	0.068250	0.018612	0.002571
889.857623	0.068762	0.019226	0.002684
890.623534	0.069013	0.019559	0.002704
891.401615	0.067681	0.019635	0.002580
892.113043	0.067394	0.019943	0.002693
892.913168	0.069674	0.019771	0.002702
893.683053	0.068625	0.019971	0.002612
894.453606	0.069087	0.019926	0.002601
895.158663	0.066955	0.020283	0.002551
895.910594	0.067762	0.020214	0.002632
896.619018	0.068143	0.021080	0.002672
897.308480	0.068036	0.021879	0.002656
898.056131	0.069235	0.022072	0.002652
898.843373	0.068442	0.023655	0.002616
899.556981	0.069800	0.024971	0.002638
900.336741	0.071201	0.027036	0.002603
901.135924	0.068058	0.027107	0.002660
901.881322	0.068310	0.026949	0.002712
902.599048	0.069456	0.025489	0.002682
903.325337	0.070590	0.022585	0.002613
904.006880	0.068939	0.022958	0.002657
904.736481	0.070437	0.028881	0.002696
905.499526	0.069982	0.037808	0.002677
906.236542	0.068417	0.048219	0.002800
906.990809	0.068683	0.058498	0.002770
907.767066	0.069348	0.069251	0.002731
908.537401	0.070692	0.077601	0.002830
909.308581	0.070306	0.083136	0.002634
910.065160	0.069202	0.084218	0.002578
910.819119	0.069412	0.082699	0.002614
911.560814	0.067883	0.078421	0.002679
912.284609	0.068454	0.073825	0.002666
912.992855	0.070333	0.069136	0.002683
913.764507	0.069872	0.065387	0.002651
914.471734	0.068817	0.061399	0.002762
915.257038	0.065769	0.057780	0.002702
916.022991	0.065940	0.055177	0.002699
916.777192	0.068643	0.053056	0.002641
917.516857	0.068391	0.051329	0.002680
918.252660	0.069915	0.049682	0.002636
918.975681	0.067638	0.047933	0.002563
919.699378	0.069014	0.046720	0.002594
920.425260	0.070082	0.045687	0.002670
921.173369	0.068554	0.044345	0.002662
921.948067	0.070373	0.043728	0.002659
922.699371	0.068892	0.042358	0.002615
923.415256	0.069073	0.042065	0.002624
924.174795	0.068833	0.041384	0.002593
924.888046	0.068747	0.041327	0.002626
925.615274	0.068981	0.040964	0.002712
926.350332	0.069570	0.040540	0.002677
927.064580	0.070215	0.039953	0.002649
927.795793	0.070924	0.040088	0.002659
928.561945	0.069663	0.039765	0.002697
929.332890	0.068323	0.039260	0.002697
930.070947	0.071876	0.039114	0.002616
930.837819	0.067632	0.039158	0.002660
931.579247	0.070526	0.039250	0.002627
932.370840	0.068607	0.039324	0.002612
933.103119	0.070126	0.039221	0.002614
933.850350	0.068579	0.039402	0.002735
934.583032	0.068216	0.039511	0.002635
935.314730	0.068239	0.039615	0.002632
936.066886	0.069978	0.039627	0.002694
936.812409	0.072446	0.039992	0.002719
937.520570	0.072594	0.040622	0.002681
938.239137	0.069784	0.040935	0.002629
938.992257	0.068869	0.041198	0.002735
939.734188	0.071175	0.041742	0.002696
940.507155	0.068116	0.042609	0.002779
941.302069	0.068833	0.043194	0.002656
942.054972	0.068836	0.044125	0.002679
942.791370	0.069237	0.045057	0.002650
943.547620	0.069651	0.046549	0.002659
944.242392	0.068260	0.047739	0.002721
945.004963	0.069291	0.049373	0.002667
945.751092	0.072665	0.050855	0.002642
946.498676	0.068047	0.053493	0.002769
947.250300	0.069639	0.055731	0.002579
947.982619	0.072312	0.058128	0.002697
948.738996	0.069854	0.060835	0.002744
949.522632	0.068288	0.062999	0.002713
950.234076	0.070241	0.063467	0.002669
950.972344	0.071175	0.061837	0.002663
951.665462	0.069929	0.058285	0.002647
952.433186	0.067628	0.051570	0.002791
953.212209	0.069199	0.043385	0.002785
953.953798	0.066969	0.035468	0.002686
954.667996	0.070935	0.029464	0.002705
955.452148	0.070381	0.029132	0.002677
956.200837	0.067544	0.032620	0.002739
956.967258	0.072042	0.037344	0.002654
957.680662	0.071378	0.040519	0.002700
958.443609	0.068869	0.041990	0.002696
959.238903	0.070214	0.042015	0.002650
959.940234	0.068542	0.041724	0.002695
960.692426	0.072236	0.039660	0.002725
961.365025	0.070748	0.038938	0.002697
962.095431	0.072029	0.037199	0.002670
962.822791	0.070421	0.035653	0.002707
962.588085	0.067991	0.034950	0.002613
961.862524	0.071709	0.036791	0.002696
961.135794	0.071618	0.039079	0.002661
960.377256	0.072534	0.039863	0.002675
959.562783	0.071873	0.041463	0.002662
958.790286	0.071061	0.042259	0.002705
958.058225	0.071498	0.042484	0.002744
957.256631	0.071793	0.039889	0.002789
956.456272	0.072035	0.036045	0.002731
955.704471	0.071632	0.031464	0.002704
954.886483	0.069811	0.028350	0.002748
954.224638	0.074287	0.030736	0.002640
953.513251	0.071336	0.037382	0.002669
952.769149	0.071385	0.045052	0.002781
952.047529	0.072090	0.052744	0.002763
951.301284	0.068595	0.058015	0.002717
950.572192	0.070270	0.062448	0.002679
949.860848	0.070320	0.063832	0.002683
949.123703	0.071017	0.062855	0.002582
948.343628	0.069665	0.060817	0.002646
947.605912	0.071656	0.057965	0.002636
946.857202	0.069007	0.055228	0.002574
946.082054	0.072885	0.053267	0.002688
945.253034	0.070016	0.050778	0.002639
944.489571	0.070336	0.048883	0.002723
943.773164	0.070560	0.047671	0.002638
943.032782	0.070137	0.046291	0.002690
942.212092	0.074503	0.044613	0.002675
941.461603	0.072175	0.043901	0.002698
940.712392	0.072036	0.043194	0.002694
939.975512	0.067966	0.042362	0.002663
939.281085	0.069364	0.041671	0.002746
938.488647	0.070134	0.040937	0.002658
937.722036	0.069992	0.040783	0.002681
936.989107	0.068505	0.040609	0.002652
936.248938	0.069322	0.040009	0.002674
935.499333	0.066892	0.040083	0.002624
934.708289	0.073117	0.039448	0.002660
933.931608	0.070742	0.039453	0.002686
933.220679	0.070821	0.039347	0.002638
932.434988	0.070195	0.039343	0.002763
931.629294	0.069430	0.039261	0.002753
930.858888	0.070201	0.039157	0.002690
930.116854	0.068903	0.039113	0.002646
929.385071	0.069575	0.039311	0.002659
928.657000	0.072360	0.039909	0.002641
927.929607	0.070618	0.040178	0.002696
927.165102	0.068925	0.040260	0.002643
926.418052	0.069346	0.040604	0.002564
925.606657	0.068913	0.040719	0.002722
924.812617	0.067173	0.041094	0.002635
924.005690	0.068071	0.041568	0.002654
923.184443	0.068984	0.042416	0.002689
922.501207	0.068611	0.042763	0.002639
921.738678	0.068561	0.043560	0.002738
921.009975	0.068338	0.044407	0.002570
920.295489	0.070021	0.045330	0.002625
919.551558	0.070207	0.046687	0.002680
918.787717	0.069093	0.047997	0.002621
918.102360	0.069043	0.049609	0.002646
917.358425	0.068260	0.050997	0.002688
916.631113	0.067953	0.052389	0.002638
915.844439	0.068971	0.054817	0.002700
915.159605	0.069029	0.057743	0.002590
914.381488	0.067528	0.060553	0.002669
913.644420	0.070368	0.064289	0.002647
912.878829	0.068527	0.068362	0.002690
912.073966	0.067994	0.073324	0.002764
911.357670	0.072126	0.078040	0.002736
910.615535	0.068140	0.082414	0.002669
909.832338	0.069400	0.084233	0.002706
909.065876	0.071192	0.083394	0.002661
908.334819	0.070365	0.078398	0.002679
907.577148	0.068210	0.070599	0.002734
906.812995	0.069335	0.060730	0.002786
906.054173	0.070897	0.049867	0.002772
905.292946	0.070601	0.039291	0.002677
904.575027	0.069165	0.029928	0.002650
903.824859	0.069032	0.023625	0.002616
903.029081	0.066489	0.022642	0.002605
902.235892	0.069804	0.025640	0.002681
901.452881	0.068845	0.026969	0.002740
900.759974	0.069195	0.027265	0.002578
900.026526	0.070078	0.026339	0.002588
899.253055	0.069848	0.025129	0.002624
898.505528	0.068150	0.023706	0.002610
897.783992	0.070451	0.022208	0.002614
897.061575	0.070130	0.021416	0.002611
896.364260	0.069261	0.020263	0.002651
895.605661	0.068998	0.020366	0.002640
894.860624	0.070124	0.020193	0.002586
894.085886	0.067636	0.019736	0.002646
893.340418	0.068934	0.019755	0.002675
892.607669	0.068011	0.019704	0.002668
891.859126	0.068583	0.019836	0.002673
891.091745	0.069666	0.019548	0.002680
890.325946	0.068425	0.019188	0.002559
889.621052	0.068973	0.019480	0.002584
888.872004	0.067431	0.019314	0.002603
888.142783	0.069129	0.019260	0.002582
887.397516	0.067161	0.018992	0.002601
886.666376	0.070637	0.018950	0.002581
885.888654	0.068091	0.018625	0.002683
885.126056	0.069492	0.018044	0.002640
884.343300	0.070610	0.018676	0.002620
883.643882	0.067840	0.018715	0.002677
882.904238	0.070183	0.018353	0.002645
882.152148	0.068039	0.018210	0.002632
881.413677	0.068769	0.018330	0.002642
880.673770	0.068910	0.018523	0.002595
879.919250	0.068567	0.018182	0.002648
879.116342	0.068073	0.017690	0.002643
878.258997	0.068433	0.017556	0.002683
877.380524	0.068041	0.017155	0.002712
876.531980	0.066623	0.017092	0.002641
875.726835	0.069699	0.017501	0.002644
875.015695	0.067724	0.016878	0.002658
874.261072	0.068377	0.016340	0.002573
873.559273	0.070299	0.016654	0.002653
872.840785	0.068383	0.016732	0.002577
872.062136	0.067939	0.016493	0.002584
871.317781	0.069078	0.016302	0.002665
870.591379	0.069532	0.016127	0.002614
869.850843	0.068528	0.016210	0.002572
869.070539	0.067238	0.016197	0.002593
868.331562	0.068367	0.015665	0.002707
867.581267	0.068708	0.015910	0.002693
866.804273	0.069294	0.016036	0.002661
866.065525	0.068217	0.015799	0.002575
865.327735	0.069741	0.016024	0.002592
864.619572	0.066593	0.015834	0.002600
863.892123	0.066984	0.016130	0.002604
863.147253	0.068287	0.016140	0.002714
862.434523	0.069434	0.016000	0.002569
861.688582	0.067719	0.016083	0.002592
860.919805	0.066134	0.016424	0.002648
860.092938	0.068389	0.016543	0.002666
859.306006	0.067818	0.016675	0.002633
858.526127	0.069590	0.016990	0.002633
857.778168	0.069323	0.016865	0.002681
857.016502	0.068381	0.018072	0.002647
856.278612	0.068935	0.018137	0.002590
855.552702	0.067351	0.018837	0.002592
854.830374	0.068033	0.019433	0.002659
854.086037	0.068626	0.019641	0.002630
853.319281	0.068271	0.020579	0.002652
852.547942	0.067934	0.021375	0.002658
851.796346	0.069346	0.022119	0.002609
851.022283	0.068622	0.023362	0.002624
850.302396	0.067673	0.024660	0.002646
849.567842	0.068510	0.026191	0.002558
848.878363	0.067930	0.027147	0.002686
848.117401	0.067191	0.028879	0.002559
847.366490	0.068940	0.030862	0.002604
846.588437	0.066133	0.031391	0.002621
845.862892	0.068713	0.032431	0.002585
845.128953	0.068958	0.031043	0.002558
844.334862	0.068747	0.027898	0.002635
843.556319	0.069078	0.022569	0.002638
842.810834	0.068688	0.016377	0.002675
842.091401	0.068837	0.015146	0.002718
841.359183	0.067813	0.023511	0.002644
840.603438	0.067815	0.034157	0.002700
839.869855	0.067503	0.043199	0.002685
839.179816	0.067887	0.049254	0.002613
838.441482	0.066845	0.053556	0.002650
837.681337	0.068870	0.053988	0.002654
836.922001	0.068000	0.051480	0.002625
836.146997	0.069486	0.047464	0.002659
835.416537	0.067686	0.043460	0.002603
834.637935	0.069232	0.039196	0.002634
833.872018	0.068885	0.035285	0.002793
833.067379	0.067911	0.031955	0.002529
832.291733	0.068933	0.029012	0.002649
831.581543	0.066907	0.027490	0.002603
830.825482	0.068330	0.025422	0.002596
830.030849	0.067959	0.025072	0.002636
829.327354	0.070116	0.024326	0.002585
828.564132	0.068299	0.023762	0.002644
827.818554	0.069022	0.023940	0.002672
827.105494	0.068855	0.022900	0.002571
826.341242	0.067337	0.022709	0.002650
825.608669	0.069654	0.022975	0.002590
824.865990	0.067314	0.022596	0.002716
824.118720	0.068704	0.022466	0.002617
823.394451	0.067636	0.022472	0.002604
822.647265	0.068044	0.022106	0.002597
821.969205	0.068797	0.022085	0.002604
821.218368	0.068362	0.022052	0.002608
820.452208	0.069523	0.022248	0.002625
819.668560	0.067989	0.021862	0.002669
818.857094	0.066122	0.021843	0.002690
818.153974	0.067336	0.021807	0.002615
817.389633	0.067911	0.021908	0.002651
816.603501	0.067479	0.021578	0.002589
815.832390	0.067616	0.021985	0.002611
815.126903	0.068222	0.022305	0.002647
814.351664	0.067921	0.022127	0.002648
813.583729	0.068364	0.022171	0.002587
812.818705	0.067935	0.022369	0.002637
812.100112	0.068664	0.022547	0.002607
811.440964	0.068049	0.022758	0.002621
810.606250	0.069089	0.022654	0.002675
809.838089	0.067066	0.023089	0.002705
809.061132	0.067637	0.022804	0.002617
808.303649	0.066687	0.023043	0.002688
807.619526	0.066543	0.023107	0.002654
806.926826	0.067908	0.023188	0.002699
806.161069	0.068947	0.023611	0.002627
805.404071	0.068228	0.023460	0.002610
804.680332	0.068186	0.023591	0.002620
803.952361	0.068940	0.024258	0.002579
803.140643	0.067362	0.024542	0.002611
802.336505	0.068048	0.024835	0.002652
801.614337	0.067584	0.024895	0.002553
800.869299	0.076516	0.025044	0.002706
800.129100	0.069207	0.025991	0.002611
799.416390	0.069133	0.026280	0.002626
798.694468	0.067994	0.026258	0.002640
797.939929	0.068759	0.026609	0.002653
797.185515	0.067698	0.027081	0.002615
796.433781	0.068923	0.027704	0.002615
795.680097	0.067472	0.028378	0.002652
794.907280	0.066416	0.029681	0.002589
794.159950	0.067987	0.030093	0.002654
793.364034	0.068375	0.030792	0.002603
792.564752	0.069579	0.032421	0.002599
791.752304	0.068714	0.033002	0.002605
791.023229	0.068893	0.034268	0.002641
790.254673	0.065152	0.036381	0.002567
789.505447	0.068405	0.037577	0.002570
788.783606	0.068745	0.039188	0.002580
788.014952	0.068311	0.041080	0.002620
787.301871	0.067684	0.043024	0.002600
786.551150	0.067452	0.046478	0.002622
785.829618	0.068569	0.048688	0.002603
785.086066	0.067876	0.052781	0.002546
784.350119	0.068495	0.056750	0.002555
783.600709	0.066888	0.060354	0.002561
782.801740	0.068314	0.067033	0.002670
781.997297	0.066582	0.071689	0.002604
781.270752	0.067308	0.075105	0.002679
780.542875	0.068527	0.076451	0.002630
779.813729	0.068591	0.074263	0.002571
779.086549	0.069132	0.067880	0.002681
778.308299	0.068325	0.056356	0.002846
777.545548	0.069768	0.042799	0.002834
776.823927	0.070050	0.028105	0.002784
776.044128	0.068841	0.013553	0.002741
775.289700	0.067788	0.008978	0.002679
774.566444	0.067150	0.016067	0.002675
773.885837	0.067656	0.021979	0.002589
773.131484	0.066799	0.023918	0.002666
772.400334	0.068824	0.023796	0.002760
771.628883	0.068975	0.021714	0.002680
770.869140	0.069221	0.018086	0.002590
770.155857	0.069392	0.014395	0.002574
769.394513	0.067952	0.011351	0.002623
768.665994	0.068523	0.009167	0.002615
767.905141	0.067558	0.008079	0.002549
767.164906	0.069078	0.006927	0.002625
766.394703	0.068330	0.006648	0.002572
765.599201	0.067638	0.006762	0.002615
764.818063	0.068153	0.006318	0.002618
764.032276	0.068729	0.006979	0.002673
763.280177	0.069209	0.006654	0.002733
762.499087	0.068905	0.006672	0.002551
761.733064	0.066997	0.006488	0.002696
760.957892	0.068693	0.006296	0.002636
760.208523	0.067364	0.006316	0.002627
759.504589	0.066014	0.006225	0.002613
758.727892	0.068187	0.005963	0.002626
757.965909	0.069342	0.005688	0.002619
757.227168	0.067736	0.005932	0.002632
756.513912	0.068197	0.005528	0.002583
755.794014	0.068185	0.005508	0.002692
755.032699	0.068758	0.005031	0.002586
754.295092	0.068517	0.004879	0.002561
753.551829	0.067219	0.004468	0.002584
752.804914	0.067487	0.004953	0.002638
752.047348	0.067401	0.004699	0.002588
751.293655	0.066923	0.004513	0.002631
750.497244	0.069525	0.004028	0.002609
749.752431	0.068473	0.004199	0.002651
749.039026	0.068808	0.004085	0.002582
748.332801	0.068312	0.004184	0.002600
747.564246	0.065403	0.003780	0.002584
746.829875	0.068506	0.003290	0.002523
746.092785	0.067874	0.003805	0.002649
745.357720	0.068924	0.003947	0.002580
744.588026	0.066268	0.003662	0.002591
743.855849	0.068111	0.003465	0.002600
743.155890	0.067674	0.003417	0.002708
742.411904	0.068109	0.003399	0.002623
741.683862	0.070113	0.002790	0.002590
740.932178	0.067665	0.002286	0.002615
740.190696	0.067814	0.002925	0.002690
739.484158	0.068891	0.003106	0.002592
738.726881	0.069261	0.002518	0.002594
737.981647	0.067995	0.002873	0.002547
737.226724	0.068073	0.002815	0.002702
736.490334	0.068456	0.003046	0.002601
735.754686	0.066126	0.002794	0.002559
735.021239	0.068042	0.002736	0.002592
734.240312	0.069154	0.002407	0.002534
733.473532	0.068557	0.002925	0.002603
732.774792	0.070292	0.002421	0.002639
732.016210	0.068475	0.002495	0.002629
731.268566	0.068782	0.002429	0.002640
730.515295	0.067763	0.002415	0.002584
729.827908	0.068448	0.002351	0.002623
729.071914	0.068989	0.002402	0.002582
728.264815	0.068176	0.002148	0.002625
727.531522	0.068248	0.002514	0.002606
726.714764	0.069416	0.001976	0.002594
726.025478	0.069355	0.002760	0.002627
725.260778	0.068054	0.002075	0.002502
724.523461	0.068748	0.002500	0.002523
723.756614	0.070521	0.002502	0.002545
723.029312	0.069212	0.002713	0.002612
722.238952	0.067039	0.003052	0.002571
721.449833	0.067897	0.002851	0.002633
720.667943	0.068419	0.002719	0.002609
719.905520	0.067518	0.003257	0.002654
719.183778	0.070040	0.003659	0.002662
718.461878	0.068318	0.003757	0.002617
717.743106	0.069378	0.004879	0.002576
716.953505	0.068933	0.004931	0.002576
716.242025	0.068948	0.005380	0.002601
715.449336	0.069161	0.006131	0.002620
714.674447	0.069319	0.006585	0.002530
713.927835	0.068089	0.007036	0.002636
713.182912	0.070408	0.007924	0.002520
712.486859	0.068438	0.008801	0.002702
711.754729	0.068950	0.009288	0.002654
711.036745	0.070987	0.009268	0.002662
710.304707	0.069297	0.008764	0.002677
709.521847	0.069287	0.006412	0.002609
708.759748	0.069268	0.003088	0.002591
708.032651	0.067856	0.002182	0.002579
707.302226	0.069248	0.006776	0.002611
706.567163	0.068314	0.013407	0.002516
705.880065	0.067595	0.019588	0.002679
705.092318	0.068622	0.025379	0.002685
704.339983	0.069837	0.027134	0.002671
703.598145	0.067300	0.026910	0.002671
702.831522	0.069745	0.024156	0.002636
702.118391	0.071667	0.020352	0.002625
701.381462	0.069738	0.016964	0.002657
700.655154	0.069791	0.013280	0.002629
699.883809	0.071197	0.010616	0.002595
699.168951	0.069226	0.008468	0.002522
698.408465	0.068199	0.007570	0.002628
697.671016	0.068981	0.006886	0.002659
696.931098	0.069654	0.006175	0.002608
696.185292	0.069752	0.006420	0.002635
695.461225	0.072194	0.006219	0.002567
694.715676	0.069409	0.007036	0.002571
693.932049	0.070914	0.006701	0.002616
693.184614	0.068973	0.007130	0.002630
692.441483	0.071079	0.006607	0.002642
691.703412	0.071297	0.006534	0.002635
690.925701	0.069621	0.006659	0.002656
690.197672	0.066013	0.006158	0.002637
689.433835	0.069395	0.006332	0.002550
688.743089	0.070154	0.006000	0.002594
687.960100	0.070609	0.006205	0.002692
687.188203	0.068507	0.006018	0.002656
686.440929	0.068936	0.006304	0.002626
685.707063	0.070370	0.006306	0.002698
684.907180	0.068936	0.006476	0.002634
684.150477	0.067913	0.006555	0.002642
683.420964	0.068330	0.006661	0.002583
682.630527	0.068776	0.006475	0.002585
681.897135	0.068196	0.006589	0.002609
681.175563	0.070031	0.006956	0.002633
680.424550	0.069784	0.006587	0.002636
679.655742	0.067677	0.007075	0.002639
678.905961	0.070490	0.006680	0.002628
678.221852	0.067889	0.006712	0.002671
677.460453	0.070852	0.006671	0.002540
676.684560	0.069549	0.007334	0.002543
675.932829	0.067069	0.006975	0.002576
675.199118	0.069947	0.007270	0.002587
674.487616	0.068599	0.007256	0.002649
673.749401	0.070343	0.007332	0.002611
672.969890	0.071320	0.007072	0.002661
672.199448	0.070552	0.007384	0.002677
671.488621	0.069694	0.007944	0.002635
670.718355	0.067364	0.007563	0.002645
669.958625	0.069154	0.007735	0.002554
669.192664	0.070437	0.008069	0.002619
668.499712	0.069097	0.008059	0.002575
667.717381	0.068891	0.008198	0.002595
666.979683	0.068854	0.008017	0.002626
666.153676	0.070526	0.008319	0.002619
665.309783	0.071644	0.008403	0.002589
664.591402	0.069400	0.008496	0.002632
663.845054	0.068543	0.009171	0.002543
663.066537	0.068831	0.009142	0.002624
662.335547	0.067848	0.009105	0.002540
661.625879	0.069690	0.009047	0.002562
660.903445	0.069301	0.009461	0.002554
660.193362	0.068863	0.009371	0.002578
659.466210	0.072922	0.009812	0.002611
658.704921	0.070996	0.010038	0.002535
657.967983	0.069914	0.010041	0.002556
657.232065	0.072079	0.010362	0.002625
656.531173	0.069182	0.010776	0.002683
655.770228	0.070858	0.010718	0.002623
654.983287	0.071680	0.011370	0.002664
654.264125	0.069341	0.011419	0.002551
653.431626	0.070565	0.011903	0.002670
652.647351	0.070342	0.012328	0.002680
651.840835	0.070282	0.012588	0.002693
651.124148	0.071037	0.013383	0.002734
650.409904	0.072445	0.013789	0.002601
649.656000	0.070748	0.014450	0.002670
648.920248	0.072191	0.015067	0.002572
648.196017	0.069992	0.015778	0.002604
647.507156	0.071683	0.016250	0.002685
646.777599	0.070984	0.017363	0.002609
646.039958	0.070717	0.018385	0.002710
645.281594	0.071871	0.019809	0.002648
644.574644	0.070619	0.020832	0.002701
643.816448	0.069820	0.022974	0.002641
643.087815	0.075808	0.024218	0.002684
642.338597	0.072054	0.026272	0.002608
641.556607	0.071673	0.028289	0.002586
640.842596	0.070328	0.030166	0.002640
640.112356	0.071959	0.031266	0.002595
639.370144	0.073326	0.031012	0.002768
638.636087	0.067821	0.028794	0.002640
637.925305	0.072337	0.025033	0.002528
637.253000	0.061067	0.019513	0.002641
637.944382	0.072624	0.023074	0.002647
638.699939	0.071169	0.027640	0.002650
639.440349	0.072878	0.030928	0.002596
640.148537	0.072054	0.031711	0.002602
640.910053	0.071886	0.031189	0.002665
641.656082	0.071606	0.029128	0.002548
642.379951	0.070649	0.027183	0.002593
643.135258	0.071583	0.025627	0.002586
643.842827	0.070381	0.023367	0.002628
644.595277	0.073383	0.021439	0.002651
645.305934	0.070931	0.020496	0.002639
646.114608	0.069929	0.019054	0.002591
646.820197	0.071477	0.017466	0.002643
647.571676	0.070950	0.016944	0.002639
648.314103	0.068735	0.016083	0.002689
649.046884	0.072492	0.015010	0.002618
649.852588	0.071923	0.014953	0.002636
650.582496	0.071531	0.013372	0.002690
651.308947	0.070808	0.013266	0.002513
652.052601	0.071112	0.012708	0.002677
652.809749	0.073290	0.012477	0.002698
653.559648	0.073489	0.012277	0.002681
654.329559	0.070550	0.011795	0.002667
655.129654	0.073373	0.011389	0.002515
655.890842	0.072807	0.010807	0.002621
656.672038	0.070606	0.010689	0.002565
657.403032	0.069629	0.010395	0.002617
658.171438	0.070716	0.010066	0.002631
658.910446	0.070961	0.010110	0.002662
659.620796	0.072885	0.009783	0.002584
660.371261	0.070878	0.009049	0.002628
661.078882	0.069561	0.009057	0.002649
661.808928	0.071550	0.009040	0.002589
662.563882	0.072482	0.009133	0.002603
663.320103	0.069899	0.008985	0.002639
664.065012	0.072450	0.009071	0.002603
664.843731	0.070942	0.008210	0.002669
665.548126	0.073444	0.008530	0.002593
666.289705	0.069752	0.008126	0.002564
667.050353	0.068017	0.008156	0.002667
667.755321	0.071471	0.008182	0.002561
668.469163	0.070618	0.008022	0.002610
669.197836	0.069574	0.008056	0.002652
669.930579	0.069978	0.008056	0.002644
670.671077	0.071734	0.007372	0.002563
671.376163	0.070649	0.007392	0.002624
672.105915	0.070395	0.007463	0.002636
672.835944	0.071950	0.008118	0.002667
673.587343	0.070046	0.007188	0.002631
674.305909	0.070665	0.007116	0.002624
675.078262	0.069484	0.007134	0.002664
675.833218	0.069614	0.007202	0.002620
676.575155	0.068743	0.006995	0.002626
677.335551	0.070362	0.006905	0.002679
678.155627	0.070745	0.007121	0.002655
678.925504	0.071357	0.006720	0.002600
679.685782	0.070311	0.006835	0.002530
680.441064	0.070236	0.006504	0.002613
681.210251	0.069700	0.006843	0.002646
681.957168	0.070900	0.006536	0.002547
682.731849	0.068990	0.006403	0.002653
683.478787	0.070820	0.006722	0.002605
684.203374	0.071744	0.006539	0.002603
684.906897	0.069274	0.006333	0.002611
685.613444	0.071192	0.006451	0.002630
686.364163	0.070086	0.006970	0.002608
687.133684	0.070062	0.006347	0.002622
687.826154	0.070021	0.006256	0.002571
688.605488	0.069263	0.006272	0.002625
689.375016	0.069003	0.006465	0.002640
690.147843	0.069701	0.005998	0.002597
690.883092	0.068475	0.006195	0.002640
691.602039	0.071247	0.006269	0.002610
692.339873	0.070513	0.006813	0.002643
693.086776	0.070600	0.006945	0.002687
693.861472	0.068783	0.006359	0.002661
694.589257	0.070453	0.006631	0.002602
695.328333	0.069771	0.006681	0.002651
696.088927	0.068623	0.006631	0.002584
696.823621	0.070991	0.006320	0.002598
697.593561	0.070228	0.006488	0.002703
698.317755	0.068223	0.006485	0.002629
699.081835	0.069452	0.007751	0.002621
699.907453	0.070157	0.009638	0.002608
700.659294	0.069838	0.012467	0.002657
701.385544	0.071819	0.015314	0.002638
702.120775	0.069944	0.019127	0.002637
702.895481	0.070718	0.022522	0.002651
703.668841	0.070395	0.026223	0.002658
704.439487	0.070887	0.027101	0.002646
705.144819	0.068757	0.025789	0.002631
705.867945	0.068280	0.022684	0.002657
706.587234	0.069329	0.016305	0.002626
707.328972	0.069563	0.009538	0.002618
708.043615	0.068306	0.003664	0.002626
708.732932	0.068787	0.002163	0.002542
709.444563	0.069303	0.004933	0.002557
710.193331	0.070017	0.007562	0.002642
710.968938	0.070635	0.009138	0.002600
711.706040	0.069423	0.009342	0.002515
712.477456	0.068691	0.009369	0.002587
713.235046	0.068942	0.008175	0.002596
714.025159	0.069827	0.007487	0.002580
714.794184	0.069663	0.006537	0.002646
715.520962	0.073694	0.006411	0.002556
716.242470	0.069440	0.005484	0.002611
716.963945	0.069953	0.005245	0.002591
717.654790	0.068988	0.004190	0.002651
718.403553	0.068483	0.004046	0.002657
719.172891	0.069990	0.003691	0.002646
719.894868	0.069652	0.003374	0.002627
720.648638	0.068293	0.003477	0.002610
721.394641	0.068746	0.003197	0.002623
722.107632	0.069371	0.002761	0.002616
722.835581	0.066181	0.002854	0.002627
723.569477	0.071381	0.002426	0.002592
724.329319	0.069566	0.002720	0.002609
725.071021	0.069646	0.001968	0.002604
725.771877	0.069224	0.002806	0.002704
726.511737	0.070102	0.002039	0.002685
727.263975	0.070451	0.002015	0.002646
728.055677	0.069741	0.002172	0.002627
728.797976	0.069618	0.002435	0.002629
729.544376	0.067866	0.002499	0.002580
730.302280	0.068487	0.002227	0.002633
731.071827	0.068020	0.002328	0.002670
731.835757	0.069042	0.001892	0.002610
732.566025	0.068611	0.002510	0.002583
733.317252	0.068600	0.002086	0.002722
734.046178	0.069298	0.002158	0.002610
734.809711	0.069184	0.002689	0.002601
735.551502	0.068024	0.002655	0.002654
736.280034	0.068959	0.002388	0.002568
737.070187	0.067999	0.002460	0.002585
737.887915	0.068039	0.002563	0.002565
738.619800	0.070451	0.002666	0.002659
739.366128	0.067816	0.003072	0.002634
740.105297	0.068641	0.003019	0.002642
740.866608	0.067533	0.003124	0.002691
741.681956	0.069624	0.003348	0.002557
742.433744	0.069298	0.003407	0.002598
743.157836	0.067344	0.003465	0.002548
743.895022	0.068175	0.002716	0.002563
744.652037	0.068695	0.003509	0.002597
745.445279	0.068431	0.003686	0.002649
746.179606	0.068439	0.003670	0.002605
746.910193	0.068007	0.003859	0.002648
747.641005	0.069252	0.003949	0.002642
748.403306	0.069288	0.004133	0.002555
749.175570	0.068370	0.004230	0.002527
749.928057	0.068700	0.004225	0.002675
750.717146	0.067622	0.004151	0.002604
751.541539	0.067657	0.004072	0.002577
752.332909	0.069310	0.004520	0.002572
753.046013	0.068393	0.004497	0.002549
753.832089	0.069185	0.004705	0.002621
754.572857	0.068087	0.005567	0.002661
755.283321	0.068122	0.005004	0.002693
756.067048	0.069441	0.004998	0.002558
756.787067	0.068551	0.005672	0.002641
757.515393	0.068171	0.005497	0.002598
758.264639	0.066913	0.005838	0.002605
759.040430	0.069550	0.006202	0.002604
759.769229	0.069088	0.006165	0.002611
760.549396	0.067104	0.006251	0.002584
761.324049	0.068062	0.006253	0.002594
762.151088	0.066304	0.006749	0.002609
762.910022	0.067295	0.006492	0.002582
763.597969	0.067961	0.006292	0.002584
764.342267	0.067679	0.006690	0.002533
765.115031	0.068185	0.006769	0.002627
765.870721	0.069170	0.006713	0.002671
766.607441	0.069224	0.006682	0.002679
767.394776	0.067934	0.007039	0.002582
768.136465	0.069535	0.007919	0.002567
768.866911	0.067704	0.008720	0.002706
769.597892	0.069507	0.011029	0.002599
770.360934	0.067416	0.014025	0.002566
771.153019	0.068524	0.017886	0.002635
771.946257	0.068895	0.021114	0.002671
772.761726	0.068304	0.023922	0.002628
773.580966	0.068348	0.023504	0.002623
774.260930	0.068126	0.020925	0.002613
775.028690	0.067431	0.014952	0.002759
775.796198	0.067709	0.007604	0.002598
776.569286	0.068744	0.017235	0.002771
777.330413	0.070177	0.031880	0.002710
778.032021	0.070092	0.045226	0.002758
778.744078	0.070001	0.057735	0.002710
779.445853	0.069508	0.067793	0.002668
780.181466	0.068287	0.074019	0.002576
780.949366	0.068038	0.075881	0.002624
781.717216	0.069429	0.073643	0.002625
782.485297	0.069644	0.069943	0.002543
783.176612	0.068262	0.065209	0.002682
783.875546	0.069332	0.060922	0.002662
784.558119	0.067599	0.056434	0.002693
785.255738	0.068310	0.052765	0.002554
785.971778	0.068085	0.049773	0.002641
786.730083	0.066660	0.046100	0.002639
787.454710	0.067094	0.043977	0.002742
788.173838	0.068775	0.041785	0.002624
788.860786	0.068457	0.039703	0.002541
789.530683	0.068033	0.037639	0.002653
790.229678	0.065898	0.036399	0.002641
790.954524	0.068635	0.034813	0.002649
791.677446	0.068443	0.033662	0.002595
792.469179	0.069172	0.032634	0.002659
793.241697	0.067622	0.031737	0.002710
793.981468	0.068502	0.030674	0.002584
794.686065	0.069108	0.029701	0.002612
795.429337	0.068950	0.028857	0.002631
796.197616	0.067068	0.028548	0.002573
796.963186	0.067751	0.027739	0.002614
797.658070	0.067701	0.027408	0.002643
798.422057	0.069061	0.026450	0.002589
799.143116	0.066932	0.025987	0.002589
799.867040	0.067600	0.025884	0.002653
