800.431284	0.051241	0.025234	0.002567
800.824193	0.052990	0.025309	0.002596
801.217241	0.052442	0.025460	0.002682
801.579175	0.053115	0.025479	0.002565
801.948069	0.053169	0.024989	0.002604
802.305375	0.053137	0.024755	0.002586
802.669437	0.054282	0.024510	0.002613
803.044748	0.051042	0.024542	0.002639
803.402021	0.052562	0.023935	0.002535
803.774755	0.051918	0.024476	0.002587
804.137502	0.052271	0.023743	0.002626
804.499394	0.053093	0.024385	0.002590
804.876133	0.054010	0.023804	0.002680
805.269786	0.053616	0.023668	0.002618
805.624282	0.052008	0.023717	0.002671
806.020799	0.053476	0.023839	0.002757
806.358051	0.053306	0.022849	0.002686
806.713020	0.052297	0.022786	0.002609
807.067363	0.051182	0.023636	0.002619
807.463304	0.053570	0.023153	0.002624
807.827985	0.052801	0.022847	0.002627
808.206024	0.054000	0.023245	0.002645
808.606075	0.051427	0.022805	0.002485
808.997127	0.053936	0.022929	0.002679
809.352676	0.053646	0.022914	0.002521
809.717220	0.052220	0.022497	0.002547
810.082164	0.052299	0.022774	0.002696
810.471689	0.053680	0.022443	0.002615
810.850553	0.053529	0.022217	0.002578
811.231373	0.052720	0.022975	0.002633
811.564802	0.048439	0.022284	0.002610
811.933566	0.051703	0.022932	0.002670
812.312372	0.054404	0.021822	0.002629
812.659064	0.051988	0.022099	0.002545
813.043788	0.052569	0.022122	0.002682
813.394894	0.051996	0.021922	0.002658
813.757779	0.053225	0.022202	0.002624
814.145858	0.052018	0.021870	0.002653
814.525640	0.052144	0.022201	0.002678
814.899677	0.052964	0.021838	0.002635
815.280831	0.051647	0.022401	0.002609
815.625123	0.052287	0.021581	0.002651
815.986536	0.053142	0.022371	0.002665
816.364150	0.052809	0.022007	0.002701
816.754947	0.053260	0.021976	0.002548
817.137909	0.053654	0.021915	0.002574
817.506065	0.052254	0.022037	0.002602
817.866102	0.052661	0.022049	0.002593
818.247052	0.053507	0.021972	0.002646
818.634946	0.052345	0.022037	0.002719
818.998403	0.053309	0.021881	0.002661
819.365373	0.051489	0.021719	0.002587
819.743623	0.052118	0.022238	0.002519
820.132876	0.052663	0.022286	0.002585
820.512150	0.053193	0.021840	0.002570
820.884547	0.052683	0.022091	0.002639
821.261867	0.053112	0.022125	0.002543
821.656845	0.052755	0.022403	0.002626
822.026975	0.053022	0.022505	0.002609
822.370911	0.053406	0.022488	0.002619
822.745120	0.052265	0.021922	0.002665
823.103641	0.052378	0.022497	0.002559
823.478214	0.053294	0.022573	0.002692
823.878207	0.052571	0.022488	0.002666
824.263855	0.053734	0.022615	0.002696
824.660653	0.053020	0.022976	0.002597
825.027364	0.052953	0.022762	0.002640
825.401189	0.052578	0.022775	0.002611
825.782616	0.052672	0.022841	0.002630
826.147002	0.053401	0.023480	0.002643
826.512045	0.053261	0.022959	0.002584
826.879799	0.051202	0.023180	0.002662
827.257423	0.054228	0.023032	0.002658
827.631040	0.052360	0.023581	0.002616
828.011256	0.052478	0.023704	0.002669
828.375930	0.053412	0.024091	0.002638
828.773809	0.053427	0.024211	0.002639
829.134000	0.053312	0.023922	0.002593
829.498935	0.052282	0.024019	0.002662
829.885180	0.052769	0.024848	0.002718
830.247530	0.052114	0.024913	0.002653
830.637425	0.054055	0.025423	0.002689
831.010121	0.051775	0.026123	0.002554
831.377076	0.053029	0.026618	0.002669
831.747696	0.053465	0.026394	0.002713
832.131919	0.052319	0.027863	0.002645
832.509633	0.052720	0.029035	0.002635
832.887730	0.053534	0.029688	0.002566
833.232628	0.053646	0.030894	0.002579
833.616108	0.051949	0.032645	0.002627
833.981332	0.052357	0.034179	0.002661
834.361895	0.052263	0.036673	0.002592
834.727015	0.052409	0.038062	0.002586
835.109893	0.054515	0.040239	0.002607
835.492168	0.053547	0.042447	0.002651
835.915661	0.053125	0.044763	0.002670
836.311055	0.052019	0.046665	0.002613
836.659419	0.052931	0.048723	0.002641
837.038964	0.052927	0.050480	0.002631
837.403892	0.052742	0.052099	0.002609
837.784142	0.051674	0.052507	0.002621
838.141008	0.052838	0.053077	0.002689
838.504224	0.052714	0.052734	0.002739
838.882818	0.052799	0.051820	0.002602
839.246131	0.051858	0.049976	0.002714
839.604709	0.053051	0.047532	0.002642
839.980855	0.051539	0.044034	0.002645
840.366594	0.052517	0.039693	0.002684
840.740151	0.053259	0.034912	0.002657
841.101310	0.052297	0.030280	0.002657
841.466748	0.052608	0.025258	0.002569
841.836723	0.052490	0.020850	0.002766
842.195298	0.051753	0.016549	0.002625
842.570572	0.053422	0.014214	0.002608
842.938023	0.052680	0.015800	0.002602
843.301858	0.052817	0.018729	0.002618
843.677768	0.052799	0.021841	0.002663
844.046241	0.053104	0.024530	0.002657
844.416873	0.053401	0.027012	0.002606
844.780135	0.052247	0.029221	0.002605
845.139360	0.052714	0.030362	0.002596
845.501310	0.053805	0.031285	0.002653
845.880015	0.053685	0.031468	0.002599
846.231884	0.052938	0.031827	0.002587
846.588007	0.051997	0.031701	0.002657
846.954074	0.052553	0.031576	0.002560
847.333970	0.053191	0.030711	0.002583
847.696220	0.053737	0.030160	0.002606
848.064786	0.053456	0.029489	0.002514
848.421655	0.053031	0.029284	0.002641
848.785880	0.052256	0.028049	0.002624
849.135131	0.051657	0.027597	0.002630
849.496340	0.052510	0.026590	0.002626
849.853428	0.052396	0.026068	0.002596
850.229681	0.051848	0.025324	0.002766
850.613881	0.053189	0.024870	0.002693
850.965879	0.053564	0.023737	0.002628
851.354143	0.052868	0.022900	0.002587
851.737477	0.053949	0.022742	0.002752
852.110140	0.054235	0.022383	0.002621
852.470549	0.054143	0.021812	0.002715
852.849670	0.052075	0.020933	0.002609
853.246910	0.053074	0.020983	0.002645
853.646229	0.053414	0.020712	0.002678
854.043072	0.052623	0.019715	0.002577
854.378024	0.053160	0.019730	0.002620
854.742092	0.052355	0.019702	0.002590
855.105368	0.055040	0.019274	0.002643
855.463261	0.052187	0.018740	0.002709
855.833443	0.053313	0.018472	0.002572
856.189371	0.053192	0.018567	0.002679
856.578605	0.052669	0.017969	0.002615
856.924411	0.052704	0.018142	0.002656
857.314754	0.053140	0.017764	0.002690
857.706074	0.052477	0.017864	0.002669
858.090792	0.052338	0.017637	0.002658
858.478543	0.053342	0.016981	0.002609
858.863817	0.051720	0.017172	0.002539
859.254899	0.053187	0.017063	0.002653
859.639092	0.052275	0.017067	0.002622
860.009412	0.053400	0.016920	0.002684
860.399062	0.051655	0.016443	0.002693
860.767442	0.053392	0.016570	0.002641
861.135885	0.053951	0.016581	0.002705
861.507420	0.049840	0.016626	0.002572
861.914165	0.053260	0.016593	0.002605
862.302543	0.052860	0.016305	0.002573
862.677180	0.053495	0.016153	0.002684
863.053287	0.053013	0.016290	0.002632
863.421482	0.053244	0.016387	0.002700
863.784111	0.053596	0.016159	0.002575
864.165765	0.053279	0.016557	0.002567
864.551200	0.051478	0.016153	0.002618
864.892873	0.053971	0.016204	0.002638
865.271495	0.052833	0.015967	0.002606
865.655112	0.053586	0.016245	0.002679
866.032289	0.053951	0.015963	0.002534
866.400502	0.053088	0.016778	0.002583
866.762276	0.053824	0.016144	0.002626
867.148021	0.054140	0.016180	0.002692
867.530855	0.052560	0.016235	0.002669
867.899282	0.052129	0.015957	0.002594
868.269086	0.054530	0.016310	0.002545
868.644403	0.052714	0.016416	0.002676
869.004244	0.052666	0.016180	0.002587
869.376872	0.053988	0.016219	0.002614
869.771908	0.052243	0.016523	0.002597
870.120734	0.053117	0.016476	0.002658
870.499783	0.054313	0.016522	0.002618
870.855924	0.053129	0.016650	0.002556
871.184806	0.054390	0.016422	0.002689
871.558083	0.053023	0.016606	0.002680
871.914191	0.051821	0.016886	0.002668
872.277303	0.053261	0.016853	0.002610
872.654225	0.051575	0.016742	0.002608
873.060669	0.054334	0.017039	0.002639
873.407841	0.053423	0.016598	0.002556
873.791273	0.051608	0.017026	0.002651
874.166192	0.052114	0.016930	0.002600
874.554251	0.053327	0.017144	0.002602
874.972252	0.052528	0.017179	0.002552
875.335378	0.053587	0.017256	0.002627
875.681672	0.052448	0.017512	0.002540
876.064452	0.053337	0.017269	0.002567
876.442141	0.053055	0.017312	0.002662
876.789502	0.053818	0.017339	0.002579
877.164967	0.052941	0.017387	0.002675
877.554218	0.053464	0.017306	0.002696
877.954603	0.054066	0.017540	0.002631
878.331306	0.055020	0.017505	0.002605
878.687047	0.053483	0.017886	0.002716
879.082066	0.053604	0.018162	0.002579
879.445322	0.054207	0.018154	0.002651
879.834079	0.052762	0.018297	0.002658
880.185208	0.053311	0.018032	0.002620
880.563198	0.052635	0.018386	0.002598
880.947673	0.053507	0.018540	0.002607
881.314525	0.053153	0.018307	0.002615
881.675772	0.053394	0.018387	0.002664
882.045538	0.052990	0.018476	0.002617
882.420420	0.052557	0.018672	0.002564
882.781673	0.053584	0.018805	0.002638
883.138622	0.054108	0.018726	0.002678
883.523075	0.053051	0.018574	0.002672
883.890067	0.054049	0.018854	0.002603
884.296710	0.052557	0.018742	0.002601
884.661231	0.052120	0.019234	0.002691
885.045194	0.054136	0.019038	0.002699
885.390876	0.051589	0.019036	0.002604
885.755850	0.053174	0.018918	0.002587
886.152017	0.057533	0.019288	0.002612
886.547844	0.052462	0.019068	0.002722
886.909647	0.053140	0.019194	0.002668
887.317896	0.053670	0.019645	0.002645
887.687303	0.054642	0.018824	0.002618
888.065931	0.053518	0.019476	0.002625
888.439051	0.054171	0.019362	0.002641
888.788554	0.052840	0.019247	0.002672
889.169440	0.054619	0.019089	0.002623
889.535738	0.053016	0.019347	0.002599
889.906901	0.053074	0.019699	0.002578
890.293868	0.054104	0.019623	0.002624
890.660341	0.054042	0.019536	0.002673
891.028739	0.054038	0.019915	0.002663
891.403611	0.053132	0.019947	0.002647
891.797543	0.054707	0.020067	0.002595
892.162919	0.052746	0.019625	0.002642
892.558246	0.053898	0.019794	0.002616
892.932550	0.053700	0.020110	0.002624
893.294636	0.054895	0.019972	0.002671
893.656814	0.053240	0.020179	0.002668
894.023355	0.052766	0.020246	0.002686
894.409737	0.054579	0.020489	0.002666
894.822067	0.053931	0.020359	0.002596
895.223691	0.054619	0.020495	0.002625
895.604179	0.051475	0.020445	0.002638
895.990658	0.055631	0.020858	0.002586
896.370236	0.051858	0.020653	0.002744
896.739631	0.053339	0.020725	0.002587
897.094808	0.054222	0.021754	0.002606
897.458897	0.053682	0.022069	0.002609
897.838691	0.055136	0.022413	0.002646
898.207199	0.054155	0.023035	0.002604
898.582124	0.053530	0.023750	0.002776
898.976751	0.053642	0.024289	0.002630
899.339729	0.053486	0.025012	0.002649
899.699505	0.054302	0.025646	0.002613
900.081923	0.053449	0.026709	0.002628
900.451020	0.054559	0.026983	0.002597
900.825063	0.053849	0.027351	0.002675
901.176249	0.052065	0.027556	0.002618
901.576751	0.053657	0.027590	0.002714
901.958945	0.053813	0.027151	0.002728
902.320163	0.052416	0.026535	0.002800
902.695507	0.053518	0.025282	0.002668
903.065922	0.054378	0.023397	0.002661
903.434936	0.054009	0.022595	0.002712
903.807945	0.054442	0.022921	0.002649
904.184117	0.053144	0.024535	0.002639
904.566570	0.054222	0.027844	0.002619
904.944222	0.054873	0.031631	0.002639
905.306718	0.053449	0.036463	0.002602
905.688630	0.054019	0.041413	0.002643
906.042617	0.055079	0.046341	0.002625
906.427752	0.052739	0.051664	0.002606
906.819927	0.054132	0.057754	0.002747
907.201669	0.053391	0.062640	0.002692
907.601502	0.052951	0.067956	0.002657
907.968671	0.053905	0.072407	0.002678
908.358203	0.054006	0.076571	0.002682
908.730651	0.053486	0.079741	0.002630
909.102568	0.054270	0.082242	0.002537
909.465572	0.054480	0.083588	0.002644
909.833438	0.052848	0.083882	0.002609
910.208514	0.053378	0.083770	0.002640
910.576352	0.053299	0.082659	0.002686
910.956417	0.052869	0.081544	0.002671
911.330143	0.054004	0.079311	0.002630
911.696954	0.054846	0.076637	0.002627
912.077920	0.054216	0.074645	0.002646
912.437511	0.053040	0.072241	0.002603
912.819721	0.055017	0.069716	0.002693
913.184437	0.051597	0.068056	0.002580
913.535341	0.052559	0.065441	0.002613
913.922105	0.053767	0.063502	0.002628
914.298062	0.054911	0.061738	0.002623
914.660282	0.053635	0.059713	0.002668
915.074596	0.052397	0.058523	0.002645
915.490561	0.053772	0.056705	0.002582
915.907954	0.053055	0.055178	0.002619
916.339460	0.054345	0.053826	0.002534
916.737148	0.055103	0.052826	0.002674
917.102818	0.054244	0.051828	0.002503
917.476236	0.053235	0.051119	0.002698
917.847461	0.052982	0.050271	0.002674
918.192636	0.053693	0.049096	0.002626
918.598383	0.052084	0.048673	0.002635
919.007764	0.052539	0.048081	0.002699
919.373117	0.054832	0.047099	0.002662
919.764617	0.054621	0.046544	0.002659
920.123375	0.053884	0.045845	0.002627
920.479088	0.054364	0.045097	0.002682
920.853938	0.055318	0.045098	0.002594
921.214746	0.053975	0.044619	0.002573
921.568306	0.055491	0.044435	0.002689
921.954621	0.053126	0.043760	0.002607
922.342357	0.053523	0.043248	0.002672
922.735985	0.053584	0.042638	0.002599
923.113615	0.054846	0.042745	0.002751
923.484708	0.053392	0.042185	0.002663
923.855583	0.055851	0.041899	0.002677
924.248725	0.054729	0.041706	0.002656
924.619316	0.054246	0.041723	0.002653
924.999383	0.054059	0.041418	0.002649
925.390303	0.054960	0.040833	0.002721
925.760178	0.054932	0.040879	0.002651
926.136429	0.055133	0.040780	0.002577
926.539158	0.054859	0.040419	0.002715
926.899636	0.055310	0.040342	0.002748
927.282396	0.055329	0.040184	0.002632
927.650462	0.053299	0.039714	0.002675
928.038952	0.055457	0.039326	0.002678
928.406055	0.053890	0.039537	0.002646
928.771243	0.054061	0.040239	0.002704
929.152377	0.054782	0.039481	0.002647
929.510210	0.055398	0.039392	0.002621
929.871441	0.053308	0.039429	0.002578
930.236179	0.055864	0.039470	0.002676
930.596518	0.056008	0.039459	0.002689
930.987339	0.054343	0.039525	0.002636
931.357634	0.055468	0.039560	0.002684
931.705837	0.055528	0.039623	0.002664
932.083248	0.056253	0.039557	0.002747
932.457576	0.055135	0.039561	0.002691
932.816492	0.053553	0.039542	0.002652
933.201693	0.056273	0.039661	0.002656
933.561515	0.054094	0.039658	0.002793
933.936474	0.056849	0.039769	0.002699
934.336617	0.054836	0.039687	0.002717
934.690547	0.055288	0.039727	0.002743
935.069125	0.052614	0.039896	0.002733
935.432861	0.056941	0.039916	0.002792
935.798915	0.054127	0.039887	0.002783
936.178226	0.053805	0.039932	0.002681
936.542229	0.054229	0.039975	0.002694
936.928463	0.055423	0.040029	0.002661
937.268161	0.055533	0.040451	0.002619
937.642771	0.052815	0.040512	0.002761
938.012008	0.055200	0.040798	0.002558
938.376080	0.056320	0.041410	0.002760
938.738660	0.055205	0.040993	0.002730
939.091039	0.055986	0.041920	0.002720
939.448654	0.054883	0.042031	0.002696
939.813101	0.054428	0.042120	0.002714
940.211165	0.054455	0.042216	0.002648
940.562775	0.054904	0.042883	0.002657
940.938656	0.055990	0.043287	0.002702
941.322234	0.056744	0.043564	0.002732
941.694866	0.055169	0.043683	0.002654
942.056772	0.054399	0.044651	0.002687
942.415244	0.053550	0.044750	0.002663
942.780587	0.054624	0.045311	0.002681
943.172986	0.053387	0.046422	0.002730
943.561048	0.056756	0.046727	0.002678
943.933649	0.056790	0.047231	0.002691
944.307075	0.054046	0.048202	0.002706
944.666224	0.056826	0.048664	0.002700
945.070790	0.055942	0.049455	0.002654
945.431803	0.057130	0.050352	0.002703
945.788743	0.055266	0.051139	0.002723
946.162569	0.055385	0.052832	0.002661
946.542557	0.054869	0.054139	0.002622
946.919851	0.057048	0.055273	0.002646
947.282224	0.056016	0.056316	0.002724
947.657638	0.055213	0.057197	0.002673
948.036844	0.055460	0.058939	0.002655
948.444646	0.054747	0.060234	0.002728
948.841269	0.055814	0.061621	0.002738
949.211999	0.054139	0.062386	0.002674
949.587056	0.054998	0.063451	0.002676
949.977379	0.055140	0.063514	0.002691
950.378698	0.054071	0.063628	0.002658
950.758388	0.055952	0.062551	0.002670
951.104560	0.053912	0.061260	0.002698
951.475553	0.054764	0.058855	0.002762
951.872038	0.057264	0.056209	0.002639
952.273157	0.057964	0.053017	0.002744
952.610694	0.055404	0.049115	0.002691
952.971257	0.054936	0.045971	0.002714
953.322699	0.055899	0.041733	0.002709
953.729026	0.056292	0.037468	0.002628
954.128183	0.055090	0.033454	0.002660
954.478372	0.057697	0.030578	0.002705
954.855115	0.056238	0.028960	0.002622
955.232629	0.055796	0.028743	0.002687
955.616341	0.057184	0.030193	0.002729
955.965341	0.054081	0.032015	0.002601
956.322621	0.055817	0.033922	0.002679
956.714000	0.054811	0.036418	0.002679
957.092234	0.055550	0.038636	0.002649
957.469986	0.055193	0.040001	0.002627
957.835855	0.057578	0.041205	0.002726
958.222121	0.057007	0.041962	0.002588
958.615161	0.058033	0.042010	0.002642
959.012694	0.055651	0.042190	0.002807
959.370677	0.055385	0.042086	0.002661
959.735990	0.057242	0.041378	0.002665
960.137902	0.054887	0.040996	0.002629
960.514347	0.056910	0.040350	0.002711
960.854467	0.056120	0.039780	0.002743
961.217469	0.057516	0.038830	0.002689
961.569893	0.054035	0.038131	0.002671
961.952151	0.057158	0.037751	0.002672
962.335536	0.055994	0.036817	0.002797
962.708739	0.054934	0.036038	0.002668
963.053321	0.052904	0.035292	0.002655
962.703088	0.057948	0.035609	0.002712
962.339953	0.056081	0.036613	0.002637
961.971132	0.058620	0.037012	0.002615
961.618729	0.055578	0.038097	0.002707
961.268103	0.058646	0.038522	0.002658
960.903515	0.057371	0.039538	0.002663
960.570630	0.055884	0.039760	0.002674
960.194136	0.055721	0.041031	0.002669
959.813431	0.056746	0.041090	0.002692
959.444572	0.054606	0.042022	0.002604
959.029983	0.055552	0.042084	0.002740
958.675683	0.053906	0.042471	0.002683
958.308596	0.056473	0.041974	0.002616
957.924306	0.055080	0.041738	0.002649
957.566864	0.057320	0.041380	0.002654
957.189993	0.057380	0.039408	0.002724
956.797702	0.054377	0.037688	0.002624
956.458770	0.054450	0.036199	0.002720
956.090145	0.056473	0.033650	0.002671
955.723467	0.057268	0.031604	0.002694
955.350874	0.055724	0.029463	0.002728
954.994204	0.056260	0.028715	0.002725
954.618453	0.056046	0.028978	0.002648
954.257269	0.057332	0.031053	0.002637
953.892482	0.054998	0.034456	0.002712
953.498400	0.056647	0.038056	0.002729
953.133939	0.055744	0.042062	0.002734
952.780979	0.054883	0.045639	0.002702
952.408532	0.055921	0.049811	0.002753
952.014578	0.057269	0.053743	0.002643
951.644229	0.055500	0.056428	0.002693
951.309461	0.055088	0.058893	0.002699
950.957791	0.056466	0.061062	0.002684
950.573694	0.055170	0.062415	0.002713
950.192527	0.055105	0.063965	0.002656
949.832219	0.055784	0.063792	0.002642
949.438968	0.055180	0.063052	0.002796
949.061194	0.058067	0.062349	0.002668
948.664823	0.056305	0.061142	0.002649
948.301739	0.056676	0.059905	0.002593
947.935983	0.056294	0.059303	0.002722
947.569863	0.058814	0.057764	0.002659
947.182385	0.056514	0.056005	0.002576
946.781420	0.054731	0.054532	0.002690
946.426055	0.054091	0.053966	0.002585
946.031128	0.056396	0.052619	0.002638
945.633484	0.055180	0.051118	0.002673
945.245135	0.056582	0.050734	0.002738
944.855318	0.058107	0.049319	0.002692
944.506163	0.055275	0.048716	0.002680
944.143449	0.055540	0.048071	0.002594
943.766487	0.055917	0.047492	0.002652
943.404251	0.055708	0.046841	0.002687
943.039391	0.054371	0.046467	0.002648
942.661469	0.056829	0.045723	0.002746
942.282967	0.055039	0.044835	0.002659
941.892350	0.056115	0.043805	0.002638
941.515481	0.054963	0.043844	0.002709
941.141781	0.056187	0.043045	0.002617
940.763161	0.056243	0.042796	0.002712
940.391314	0.054621	0.042930	0.002651
940.016865	0.054284	0.042082	0.002659
939.656607	0.055499	0.042027	0.002693
939.303516	0.055917	0.041898	0.002720
938.942996	0.054635	0.041088	0.002618
938.590991	0.055458	0.041395	0.002765
938.195559	0.055652	0.040799	0.002650
937.836489	0.054805	0.041387	0.002598
937.482475	0.054236	0.040519	0.002618
937.082677	0.055368	0.040266	0.002666
936.699327	0.055703	0.039976	0.002747
936.332364	0.054698	0.039957	0.002694
935.974851	0.057704	0.039948	0.002605
935.608454	0.054648	0.039889	0.002670
935.254386	0.055720	0.039617	0.002590
934.867665	0.054088	0.039434	0.002628
934.504594	0.056897	0.039719	0.002703
934.131759	0.055189	0.039642	0.002668
933.752760	0.055229	0.039738	0.002612
933.387312	0.054716	0.039469	0.002613
933.037018	0.056351	0.039432	0.002674
932.651900	0.055994	0.039350	0.002661
932.261403	0.054189	0.039606	0.002646
931.874245	0.053923	0.039503	0.002664
931.462456	0.054312	0.039447	0.002688
931.111585	0.055128	0.039490	0.002701
930.747640	0.054842	0.039386	0.002526
930.364756	0.055642	0.039409	0.002631
929.992829	0.054558	0.039279	0.002689
929.607614	0.054984	0.039353	0.002675
929.238429	0.055638	0.039371	0.002584
928.867672	0.052791	0.039232	0.002738
928.458547	0.055508	0.039378	0.002664
928.062707	0.054108	0.039267	0.002719
927.717523	0.054158	0.039483	0.002552
927.363150	0.057498	0.039971	0.002682
926.988059	0.053703	0.040475	0.002692
926.615219	0.056837	0.040552	0.002580
926.215764	0.055911	0.040156	0.002629
925.841564	0.054885	0.040188	0.002685
925.482752	0.051591	0.040932	0.002672
925.081552	0.055556	0.040668	0.002669
924.747776	0.055676	0.041336	0.002672
924.392751	0.053049	0.041621	0.002590
924.023100	0.055982	0.041727	0.002598
923.646673	0.053307	0.042022	0.002701
923.254193	0.056352	0.042288	0.002704
922.880639	0.055215	0.042517	0.002626
922.510186	0.053355	0.043030	0.002692
922.136162	0.055208	0.043148	0.002710
921.755690	0.055145	0.043171	0.002636
921.375903	0.054438	0.044299	0.002660
921.016486	0.054826	0.044436	0.002559
920.646142	0.053689	0.044676	0.002572
920.261447	0.055335	0.045385	0.002654
919.904744	0.054469	0.045780	0.002673
919.529368	0.055214	0.046688	0.002646
919.162779	0.054515	0.046510	0.002736
918.792251	0.055309	0.047154	0.002667
918.416413	0.054712	0.048387	0.002609
918.093593	0.055140	0.048716	0.002658
917.731163	0.053594	0.049650	0.002639
917.365542	0.053928	0.050489	0.002677
916.984482	0.052689	0.051810	0.002689
916.600837	0.054466	0.052745	0.002645
916.214223	0.055030	0.053678	0.002670
915.833809	0.055074	0.054700	0.002627
915.462487	0.055951	0.055874	0.002637
915.107410	0.054830	0.057004	0.002605
914.716562	0.053482	0.058658	0.002631
914.335759	0.056199	0.060094	0.002669
913.995478	0.053146	0.061977	0.002651
913.642699	0.055120	0.063638	0.002736
913.271046	0.054352	0.065664	0.002587
912.896918	0.055467	0.067965	0.002641
912.545000	0.053124	0.070236	0.002576
912.168976	0.054567	0.072493	0.002664
911.792592	0.054811	0.074689	0.002707
911.420562	0.053576	0.077222	0.002679
911.050918	0.052738	0.079361	0.002619
910.703981	0.054996	0.081007	0.002629
910.314498	0.054219	0.083382	0.002657
909.904091	0.055913	0.082995	0.002581
909.524335	0.053199	0.083197	0.002607
909.172357	0.053164	0.082415	0.002591
908.786946	0.055153	0.080814	0.002628
908.407169	0.053656	0.077644	0.002648
908.033090	0.055138	0.073957	0.002673
907.653966	0.054984	0.070236	0.002625
907.286195	0.054635	0.065440	0.002640
906.911956	0.055184	0.060775	0.002638
906.543303	0.056022	0.055603	0.002589
906.165625	0.054636	0.049968	0.002713
905.791119	0.054185	0.045022	0.002731
905.418268	0.053390	0.039997	0.002608
905.029807	0.054924	0.034675	0.002652
904.609827	0.054080	0.029827	0.002594
904.225773	0.054955	0.025811	0.002661
903.872744	0.053849	0.023060	0.002589
903.502983	0.053253	0.022292	0.002676
903.104219	0.054751	0.022777	0.002658
902.719746	0.053742	0.023884	0.002646
902.346824	0.054212	0.025481	0.002684
901.966570	0.054208	0.026453	0.002622
901.584765	0.055393	0.027061	0.002632
901.219290	0.055499	0.027342	0.002683
900.835485	0.053228	0.027047	0.002610
900.470405	0.054071	0.027069	0.002625
900.100055	0.054673	0.026485	0.002635
899.732981	0.055369	0.026160	0.002651
899.340224	0.055379	0.025170	0.002590
898.955417	0.052993	0.024762	0.002699
898.605177	0.053698	0.023422	0.002686
898.228290	0.054221	0.023369	0.002626
897.860521	0.055097	0.022912	0.002684
897.484680	0.054424	0.022147	0.002650
897.113041	0.052971	0.021835	0.002631
896.769328	0.055060	0.021587	0.002620
896.392757	0.054643	0.020908	0.002723
896.033350	0.053770	0.020308	0.002660
895.659553	0.054914	0.020757	0.002603
895.286454	0.053531	0.020371	0.002544
894.915683	0.054092	0.020372	0.002668
894.525369	0.053899	0.020189	0.002675
894.123723	0.052533	0.020169	0.002595
893.774797	0.053358	0.020109	0.002565
893.401046	0.053372	0.019990	0.002627
893.014547	0.054574	0.019828	0.002592
892.616494	0.052790	0.020017	0.002624
892.208625	0.054835	0.019897	0.002594
891.856106	0.054372	0.019735	0.002635
891.492098	0.052385	0.019626	0.002622
891.126855	0.055460	0.019246	0.002684
890.767287	0.053175	0.019454	0.002666
890.377613	0.054178	0.019271	0.002592
890.015285	0.052354	0.019601	0.002654
889.626163	0.054677	0.019526	0.002637
889.237072	0.052770	0.019463	0.002606
888.839310	0.053926	0.018982	0.002686
888.478768	0.053520	0.019200	0.002595
888.124539	0.053656	0.019567	0.002656
887.745465	0.054258	0.018994	0.002652
887.372602	0.054607	0.019159	0.002641
886.983479	0.053316	0.018912	0.002658
886.626219	0.053874	0.019290	0.002709
886.245296	0.054271	0.018597	0.002618
885.842820	0.051983	0.018612	0.002627
885.440876	0.053722	0.018499	0.002634
885.063929	0.054241	0.018367	0.002602
884.698393	0.053238	0.018900	0.002619
884.319232	0.051724	0.018568	0.002627
883.930953	0.054280	0.018836	0.002646
883.542507	0.053186	0.018745	0.002536
883.168065	0.052360	0.018543	0.002716
882.806712	0.051965	0.018493	0.002650
882.423954	0.053850	0.018676	0.002597
882.025390	0.053581	0.018292	0.002647
881.664070	0.054415	0.018267	0.002649
881.303472	0.052371	0.018391	0.002661
880.941305	0.053925	0.018157	0.002613
880.557416	0.052316	0.018111	0.002608
880.159315	0.053774	0.017798	0.002600
879.788449	0.055241	0.017636	0.002673
879.406685	0.053449	0.017631	0.002591
879.014829	0.052221	0.018281	0.002545
878.593793	0.051857	0.017573	0.002630
878.234471	0.052262	0.017468	0.002569
877.850349	0.053323	0.017618	0.002662
877.482644	0.052147	0.017435	0.002626
877.077256	0.053191	0.017068	0.002694
876.677507	0.052697	0.017617	0.002770
876.325806	0.053157	0.017204	0.002621
875.936938	0.053690	0.017524	0.002588
875.543523	0.053934	0.017149	0.002614
875.191252	0.054017	0.017070	0.002651
874.831592	0.052820	0.017038	0.002680
874.472258	0.051982	0.017009	0.002569
874.137313	0.053788	0.016714	0.002676
873.758462	0.053969	0.016594	0.002719
873.375705	0.053610	0.016537	0.002638
873.011234	0.052940	0.016617	0.002623
872.632968	0.052649	0.016483	0.002658
872.253919	0.053576	0.016777	0.002624
871.876430	0.054746	0.016476	0.002677
871.499696	0.053171	0.016256	0.002669
871.130726	0.052809	0.016607	0.002578
870.768984	0.053081	0.016557	0.002583
870.384488	0.053460	0.016619	0.002734
869.983679	0.054198	0.016595	0.002633
869.627688	0.053729	0.016553	0.002581
869.233445	0.052441	0.015705	0.002565
868.848778	0.053312	0.016594	0.002658
868.454351	0.053950	0.016364	0.002605
868.098226	0.053074	0.016405	0.002575
867.730840	0.054366	0.016306	0.002709
867.363728	0.054028	0.016115	0.002664
866.992431	0.052515	0.016188	0.002579
866.635265	0.053328	0.016115	0.002607
866.246088	0.052933	0.016248	0.002554
865.906231	0.054399	0.016185	0.002702
865.513071	0.053849	0.016176	0.002607
865.140635	0.053804	0.016127	0.002569
864.764165	0.053289	0.016263	0.002654
864.416886	0.052705	0.016138	0.002708
864.054948	0.053186	0.015967	0.002589
863.672283	0.053509	0.016122	0.002624
863.290790	0.052813	0.015910	0.002589
862.886572	0.052543	0.016302	0.002639
862.532113	0.053193	0.015947	0.002682
862.164519	0.053056	0.016510	0.002626
861.795127	0.054270	0.016028	0.002629
861.430884	0.054605	0.016227	0.002579
861.052896	0.052582	0.016032	0.002660
860.668717	0.054845	0.016611	0.002641
860.281230	0.053336	0.016679	0.002639
859.940958	0.054564	0.016382	0.002653
859.587297	0.054141	0.016943	0.002633
859.219209	0.054021	0.016940	0.002616
858.860690	0.053138	0.016909	0.002649
858.499697	0.051741	0.016963	0.002634
858.112808	0.052870	0.017684	0.002611
857.762883	0.053726	0.016874	0.002664
857.382271	0.052749	0.018178	0.002645
856.987428	0.053675	0.018282	0.002551
856.607914	0.052248	0.018366	0.002720
856.230405	0.053737	0.017954	0.002581
855.865542	0.054284	0.018428	0.002668
855.504440	0.052443	0.018900	0.002607
855.119281	0.052441	0.018998	0.002630
854.731635	0.052911	0.019668	0.002583
854.343223	0.052381	0.019644	0.002607
853.976405	0.052620	0.019692	0.002605
853.600821	0.054589	0.020152	0.002656
853.211502	0.053228	0.020898	0.002628
852.828038	0.051472	0.021199	0.002629
852.467707	0.053769	0.021229	0.002605
852.100065	0.053047	0.021639	0.002669
851.736093	0.053234	0.022577	0.002574
851.350349	0.051650	0.023215	0.002641
850.953185	0.052552	0.023454	0.002551
850.591597	0.051415	0.024673	0.002598
850.181662	0.052927	0.024802	0.002622
849.825534	0.052042	0.025760	0.002593
849.445549	0.053331	0.026374	0.002572
849.079802	0.053674	0.026910	0.002558
848.727042	0.052871	0.027711	0.002631
848.347755	0.052452	0.029013	0.002607
847.959619	0.053120	0.029455	0.002617
847.553705	0.051631	0.030103	0.002530
847.208457	0.053055	0.030803	0.002618
846.829823	0.052285	0.031632	0.002582
846.440352	0.054060	0.031449	0.002593
846.050954	0.052923	0.031701	0.002567
845.688270	0.053157	0.031750	0.002626
845.327221	0.052287	0.031145	0.002624
844.954284	0.054656	0.030417	0.002595
844.559999	0.051425	0.028682	0.002629
844.158477	0.053887	0.026968	0.002565
843.782622	0.053119	0.023879	0.002738
843.379105	0.054046	0.020302	0.002760
842.984146	0.053009	0.017550	0.002678
842.618395	0.052907	0.014540	0.002680
842.243077	0.053858	0.014841	0.002656
841.891722	0.052895	0.017767	0.002641
841.522057	0.053628	0.022109	0.002569
841.160949	0.051887	0.027441	0.002610
840.787218	0.052434	0.031737	0.002567
840.428659	0.052431	0.037039	0.002658
840.069949	0.053466	0.041570	0.002612
839.707803	0.052630	0.045318	0.002581
839.336336	0.052897	0.048105	0.002620
838.962892	0.053816	0.050997	0.002705
838.599049	0.052541	0.052212	0.002657
838.224422	0.053135	0.053239	0.002623
837.821743	0.053433	0.052955	0.002598
837.453468	0.052388	0.052241	0.002625
837.088753	0.051912	0.051554	0.002647
836.738185	0.054048	0.049898	0.002631
836.369821	0.052767	0.047713	0.002577
835.972522	0.052935	0.045936	0.002659
835.592605	0.054223	0.043895	0.002675
835.185085	0.051832	0.041594	0.002710
834.764265	0.052932	0.039224	0.002658
834.331927	0.052825	0.036524	0.002618
833.979271	0.053350	0.035638	0.002616
833.603041	0.053019	0.033169	0.002597
833.229326	0.053728	0.031618	0.002647
832.840256	0.052113	0.030331	0.002707
832.410859	0.052953	0.029112	0.002624
831.999972	0.053419	0.027595	0.002593
831.599271	0.052272	0.026636	0.002646
831.209960	0.053539	0.025952	0.002576
830.852393	0.054297	0.025758	0.002579
830.471280	0.053365	0.025449	0.002564
830.054494	0.054613	0.024717	0.002577
829.653261	0.053102	0.024488	0.002633
829.229649	0.051978	0.024092	0.002544
828.833821	0.052990	0.024544	0.002548
828.468795	0.052074	0.024204	0.002671
828.038370	0.054363	0.024097	0.002568
827.615794	0.052725	0.023663	0.002654
827.186094	0.053783	0.023256	0.002659
826.770060	0.052440	0.023420	0.002589
826.347287	0.053069	0.023083	0.002574
825.992945	0.052474	0.023396	0.002583
825.617276	0.053559	0.023462	0.002645
825.237077	0.053081	0.023419	0.002618
824.832390	0.052841	0.022837	0.002649
824.402490	0.052301	0.022543	0.002590
823.961984	0.052627	0.023017	0.002654
823.613434	0.052914	0.022576	0.002683
823.240274	0.054036	0.022481	0.002639
822.837709	0.051257	0.022380	0.002574
822.438951	0.053448	0.022351	0.002583
822.040303	0.052046	0.022515	0.002665
821.633904	0.053384	0.022297	0.002600
821.221395	0.053104	0.022152	0.002727
820.853427	0.051423	0.022270	0.002656
820.465089	0.054214	0.021828	0.002615
820.044633	0.051611	0.022172	0.002555
819.634437	0.052519	0.022139	0.002616
819.193224	0.052736	0.022099	0.002581
818.758080	0.053225	0.022175	0.002575
818.382432	0.052503	0.022005	0.002646
817.979791	0.051775	0.021964	0.002637
817.559651	0.053041	0.021507	0.002724
817.156418	0.053334	0.021864	0.002762
816.727467	0.050904	0.022017	0.002602
816.335215	0.053748	0.021817	0.002656
815.973202	0.052562	0.021941	0.002620
815.597150	0.052793	0.022127	0.002603
815.191948	0.051544	0.021886	0.002557
814.750808	0.052288	0.022393	0.002646
814.326010	0.054273	0.022603	0.002625
813.918142	0.052400	0.022434	0.002666
813.564024	0.051980	0.022891	0.002593
813.145326	0.051519	0.021844	0.002644
812.721867	0.051353	0.022414	0.002472
812.314650	0.053773	0.022421	0.002608
811.939980	0.052100	0.022635	0.002687
811.588684	0.053651	0.022405	0.002617
811.267812	0.053087	0.022539	0.002578
810.894532	0.052979	0.022365	0.002655
810.504420	0.051973	0.022033	0.002692
810.110216	0.053142	0.022913	0.002591
809.755283	0.051577	0.022886	0.002600
809.355141	0.053270	0.022864	0.002639
808.977219	0.052813	0.022797	0.002628
808.597072	0.051352	0.023000	0.002582
808.232263	0.052994	0.023408	0.002564
807.873950	0.053035	0.022987	0.002621
807.490768	0.052455	0.023622	0.002708
807.087555	0.052128	0.023434	0.002577
806.677679	0.053701	0.022774	0.002677
806.327576	0.053665	0.023419	0.002613
805.953242	0.053001	0.023429	0.002571
805.549873	0.054270	0.023856	0.002634
805.167121	0.052248	0.023736	0.002565
804.802588	0.052617	0.023684	0.002632
804.432670	0.052820	0.024398	0.002610
804.064610	0.053239	0.024790	0.002580
803.686517	0.053074	0.024564	0.002592
803.337022	0.053813	0.024005	0.002713
802.976678	0.053582	0.025026	0.002623
802.592409	0.052109	0.025195	0.002576
802.228421	0.052568	0.025170	0.002694
801.837477	0.052527	0.025150	0.002564
801.445677	0.053149	0.025113	0.002663
801.049469	0.053034	0.025068	0.002680
800.645356	0.052394	0.025737	0.002651
800.280396	0.053684	0.026219	0.002618
799.884372	0.052237	0.026273	0.002514
799.530172	0.053160	0.026288	0.002606
799.162187	0.053141	0.026242	0.002593
798.788466	0.052938	0.026661	0.002639
798.405759	0.052855	0.026592	0.002574
798.049005	0.054015	0.027219	0.002605
797.687361	0.053373	0.027120	0.002667
797.302813	0.052516	0.027202	0.002602
796.914727	0.052236	0.028322	0.002671
796.548286	0.052133	0.027869	0.002672
796.181122	0.053741	0.028736	0.002650
795.826792	0.053328	0.028819	0.002552
795.450230	0.053287	0.028776	0.002585
795.078294	0.052224	0.029145	0.002667
794.686832	0.053691	0.029955	0.002643
794.320075	0.052976	0.029885	0.002586
793.940980	0.052685	0.030429	0.002631
793.544943	0.051889	0.030863	0.002640
793.159134	0.052898	0.031080	0.002555
792.787166	0.053434	0.031683	0.002612
792.428367	0.053356	0.032838	0.002668
792.064027	0.052890	0.032988	0.002605
791.690579	0.053436	0.033283	0.002613
791.300151	0.052789	0.034033	0.002681
790.949259	0.052790	0.034776	0.002610
790.586797	0.052014	0.035390	0.002703
790.226317	0.051632	0.036679	0.002599
789.848594	0.052339	0.037186	0.002652
789.478949	0.053084	0.037876	0.002701
789.110533	0.053064	0.038892	0.002693
788.753501	0.053239	0.039741	0.002619
788.388062	0.053073	0.039924	0.002576
788.024708	0.052116	0.041320	0.002643
787.646347	0.053752	0.042142	0.002664
787.287580	0.051806	0.043669	0.002574
786.894265	0.052177	0.045080	0.002534
786.515934	0.053057	0.046682	0.002621
786.146471	0.052273	0.048580	0.002607
785.780129	0.053427	0.050048	0.002671
785.405634	0.052300	0.051652	0.002589
785.023601	0.052308	0.053068	0.002748
784.682839	0.052604	0.055239	0.002678
784.287258	0.053050	0.057393	0.002569
783.936586	0.052629	0.058794	0.002696
783.571130	0.053475	0.061387	0.002596
783.185806	0.051567	0.063993	0.002601
782.818791	0.052639	0.067167	0.002640
782.478464	0.053471	0.069674	0.002670
782.118048	0.053643	0.071381	0.002533
781.748918	0.053359	0.073383	0.002611
781.366254	0.052677	0.075227	0.002628
780.984520	0.053779	0.075980	0.002637
780.590336	0.052223	0.076288	0.002598
780.221117	0.053736	0.075714	0.002628
779.845086	0.053782	0.074279	0.002653
779.474598	0.053326	0.071324	0.002536
779.102380	0.053870	0.067088	0.002641
778.725536	0.053943	0.061392	0.002742
778.317583	0.053623	0.055242	0.002603
777.897705	0.053970	0.047884	0.002773
777.520364	0.053812	0.040867	0.002668
777.145952	0.053588	0.032815	0.002796
776.758337	0.054041	0.025798	0.002645
776.366600	0.052654	0.018278	0.002664
775.990658	0.054547	0.011462	0.002697
775.597933	0.053625	0.008005	0.002587
775.249939	0.053055	0.009178	0.002584
774.868097	0.053105	0.013701	0.002594
774.520753	0.051801	0.017195	0.002557
774.136995	0.053795	0.020837	0.002577
773.776764	0.054290	0.022678	0.002658
773.402536	0.052458	0.023822	0.002671
773.043413	0.052958	0.024126	0.002630
772.664612	0.054413	0.024295	0.002607
772.287238	0.053068	0.023707	0.002646
771.930554	0.053171	0.022320	0.002628
771.567210	0.052550	0.020842	0.002603
771.190698	0.053079	0.019456	0.002644
770.819002	0.053519	0.017548	0.002621
770.440584	0.053021	0.015870	0.002565
770.080946	0.054611	0.014289	0.002627
769.718978	0.053176	0.012701	0.002687
769.337290	0.052137	0.011331	0.002621
768.954010	0.054246	0.009686	0.002709
768.584916	0.052878	0.008383	0.002590
768.199470	0.052125	0.007773	0.002626
767.808982	0.052994	0.007987	0.002642
767.428264	0.053906	0.007280	0.002632
767.051599	0.054338	0.006979	0.002693
766.665382	0.052505	0.007172	0.002553
766.276852	0.054213	0.007069	0.002594
765.872048	0.052855	0.006540	0.002610
765.475716	0.053608	0.007148	0.002608
765.128828	0.053678	0.007183	0.002603
764.762351	0.053347	0.006858	0.002614
764.374868	0.053402	0.006981	0.002544
763.984227	0.052068	0.007004	0.002647
763.589973	0.052543	0.007027	0.002592
763.225007	0.052615	0.006947	0.002669
762.866756	0.052916	0.007703	0.002496
762.473331	0.054829	0.006845	0.002597
762.120694	0.053298	0.006968	0.002603
761.764842	0.053447	0.006744	0.002609
761.382718	0.052935	0.006946	0.002608
760.982006	0.052394	0.006636	0.002531
760.610003	0.053041	0.006623	0.002675
760.222279	0.054151	0.006517	0.002645
759.862058	0.052841	0.006516	0.002593
759.487514	0.052310	0.006387	0.002533
759.092150	0.054616	0.006375	0.002649
758.703731	0.053815	0.006438	0.002539
758.325002	0.052773	0.006285	0.002635
757.971506	0.053918	0.006368	0.002640
757.602792	0.052313	0.006325	0.002574
757.231849	0.052512	0.005619	0.002661
756.842311	0.052037	0.006094	0.002609
756.478274	0.052464	0.005645	0.002653
756.103781	0.054281	0.005314	0.002644
755.726285	0.052104	0.006139	0.002581
755.350399	0.052513	0.005143	0.002566
754.963390	0.053525	0.005662	0.002622
754.607559	0.053575	0.005705	0.002613
754.249849	0.052627	0.004976	0.002587
753.877231	0.053289	0.004859	0.002649
753.495822	0.053642	0.004864	0.002696
753.144488	0.053691	0.004824	0.002611
752.799505	0.051798	0.004917	0.002678
752.424371	0.053898	0.005052	0.002664
752.067177	0.052950	0.004845	0.002607
751.693945	0.052330	0.004973	0.002614
751.314611	0.054623	0.004522	0.002629
750.941425	0.053620	0.004515	0.002583
750.576055	0.053164	0.004532	0.002581
750.181217	0.053520	0.004488	0.002551
749.818302	0.052817	0.004462	0.002647
749.456702	0.052579	0.004577	0.002601
749.083115	0.053657	0.004493	0.002603
748.707762	0.052364	0.004137	0.002598
748.314626	0.052586	0.004229	0.002593
747.955754	0.052704	0.004635	0.002587
747.598339	0.054151	0.004188	0.002585
747.248381	0.052398	0.004158	0.002547
746.868943	0.053091	0.004325	0.002713
746.461861	0.052234	0.003968	0.002579
746.071291	0.052343	0.003606	0.002628
745.653515	0.054357	0.003864	0.002573
745.288550	0.054469	0.003718	0.002643
744.904549	0.054976	0.003914	0.002626
744.531870	0.052501	0.003921	0.002628
744.158644	0.053891	0.003847	0.002580
743.791430	0.053763	0.003783	0.002620
743.416767	0.052297	0.003717	0.002674
743.042178	0.055102	0.003704	0.002652
742.707113	0.054009	0.003599	0.002615
742.325400	0.051931	0.003358	0.002703
741.941609	0.053007	0.003532	0.002568
741.548588	0.053468	0.003550	0.002526
741.208497	0.051501	0.003223	0.002637
740.822282	0.052180	0.003558	0.002647
740.453793	0.054143	0.003399	0.002568
740.091934	0.052982	0.003215	0.002598
739.709485	0.053260	0.003018	0.002704
739.335386	0.053939	0.003336	0.002574
738.953241	0.053386	0.003226	0.002526
738.568600	0.053733	0.003315	0.002622
738.160726	0.053813	0.003182	0.002641
737.796448	0.052530	0.003320	0.002550
737.453219	0.054179	0.003193	0.002635
737.096920	0.054112	0.002713	0.002567
736.733880	0.054175	0.002586	0.002655
736.367903	0.053994	0.003155	0.002632
736.014760	0.052430	0.002433	0.002600
735.643341	0.053328	0.003005	0.002686
735.277399	0.053993	0.003004	0.002663
734.909894	0.053387	0.003002	0.002603
734.502609	0.054244	0.003041	0.002542
734.138371	0.051756	0.002758	0.002619
733.754388	0.053720	0.003232	0.002547
733.371531	0.052388	0.002891	0.002662
732.996432	0.052111	0.002349	0.002608
732.654748	0.053543	0.002691	0.002533
732.277527	0.052728	0.002782	0.002643
731.883786	0.054351	0.002805	0.002725
731.506890	0.053096	0.002983	0.002561
731.133643	0.053465	0.002658	0.002552
730.770606	0.053090	0.002688	0.002640
730.384007	0.054914	0.002534	0.002633
730.007786	0.053650	0.002401	0.002646
729.640795	0.053015	0.002305	0.002665
729.253754	0.053090	0.002740	0.002703
728.879320	0.053481	0.002440	0.002582
728.505750	0.054069	0.002351	0.002687
728.122905	0.054325	0.002340	0.002580
727.759678	0.053343	0.002384	0.002595
727.384816	0.054873	0.002378	0.002620
726.993098	0.053435	0.002520	0.002618
726.603328	0.055534	0.002303	0.002588
726.240566	0.052407	0.002497	0.002616
725.868991	0.052667	0.002293	0.002633
725.489143	0.053768	0.002744	0.002619
725.138380	0.054438	0.002408	0.002604
724.786374	0.052775	0.002744	0.002624
724.403425	0.054099	0.003002	0.002597
724.020602	0.054516	0.003033	0.002662
723.659622	0.054002	0.002743	0.002548
723.276740	0.054212	0.002509	0.002644
722.891679	0.052275	0.002966	0.002609
722.528375	0.054024	0.003063	0.002574
722.173372	0.052614	0.002865	0.002527
721.790451	0.055035	0.003146	0.002564
721.423030	0.051699	0.003331	0.002608
721.038582	0.053815	0.003230	0.002608
720.635802	0.053623	0.003055	0.002543
720.286961	0.053279	0.003371	0.002634
719.921292	0.053948	0.003385	0.002517
719.550324	0.054932	0.003457	0.002631
719.198059	0.053737	0.003871	0.002669
718.831508	0.053416	0.003914	0.002614
718.459627	0.054469	0.003901	0.002578
718.108042	0.054005	0.003901	0.002530
717.746242	0.053307	0.004070	0.002629
717.375270	0.053419	0.004487	0.002624
717.031321	0.053115	0.005090	0.002614
716.655729	0.054753	0.005534	0.002703
716.276821	0.053839	0.005354	0.002619
715.898108	0.053701	0.006128	0.002550
715.522922	0.056439	0.006474	0.002557
715.149705	0.053194	0.006267	0.002630
714.773229	0.055115	0.006805	0.002554
714.409664	0.055104	0.007081	0.002673
714.016203	0.053736	0.007424	0.002615
713.656283	0.053996	0.008296	0.002510
713.285925	0.053969	0.008135	0.002586
712.921581	0.053477	0.008404	0.002602
712.558250	0.053637	0.009122	0.002601
712.168941	0.056315	0.009431	0.002620
711.835716	0.056006	0.009571	0.002650
711.468233	0.054043	0.009555	0.002694
711.101316	0.055752	0.009729	0.002550
710.726514	0.054826	0.009189	0.002560
710.374288	0.054101	0.009199	0.002624
710.011430	0.054625	0.007673	0.002602
709.646423	0.054949	0.006696	0.002572
709.255042	0.053630	0.005423	0.002561
708.885538	0.052853	0.003144	0.002630
708.514964	0.054582	0.002245	0.002687
708.148349	0.056955	0.002728	0.002571
707.776505	0.053643	0.004725	0.002652
707.392818	0.054320	0.007539	0.002612
707.027571	0.054581	0.010430	0.002662
706.660106	0.054828	0.014127	0.002589
706.313757	0.054319	0.017259	0.002551
705.922299	0.054259	0.021137	0.002672
705.551725	0.055776	0.023456	0.002700
705.193680	0.053968	0.025553	0.002628
704.857064	0.055078	0.026868	0.002604
704.481786	0.055197	0.027780	0.002708
704.096152	0.054306	0.028323	0.002636
703.693379	0.055276	0.027147	0.002576
703.340472	0.054794	0.026471	0.002514
702.958265	0.055639	0.024741	0.002678
702.570503	0.054149	0.023219	0.002583
702.194090	0.056197	0.021316	0.002650
701.839423	0.054905	0.019161	0.002636
701.471805	0.055906	0.017414	0.002627
701.082975	0.054698	0.015426	0.002611
700.689788	0.056402	0.013865	0.002502
700.316480	0.053791	0.012699	0.002534
699.956620	0.055547	0.010901	0.002562
699.563974	0.055339	0.009148	0.002591
699.177058	0.052964	0.009052	0.002612
698.793974	0.056217	0.008041	0.002676
698.434382	0.056134	0.007494	0.002685
698.045422	0.054518	0.007099	0.002680
697.663836	0.056257	0.006964	0.002558
697.286731	0.055635	0.006835	0.002616
696.914205	0.055449	0.007012	0.002682
696.541655	0.055044	0.006766	0.002707
696.147723	0.054805	0.006638	0.002550
695.768821	0.056490	0.007127	0.002663
695.415726	0.054408	0.007043	0.002644
695.049958	0.054378	0.007076	0.002604
694.684346	0.055151	0.006978	0.002700
694.315633	0.054478	0.007130	0.002673
693.926740	0.054100	0.006700	0.002646
693.549900	0.054732	0.006891	0.002595
693.172764	0.053870	0.006694	0.002599
692.778927	0.055158	0.007242	0.002581
692.388669	0.053691	0.006709	0.002633
692.040693	0.055416	0.006744	0.002615
691.683720	0.055694	0.006989	0.002677
691.314844	0.056869	0.006858	0.002580
690.945152	0.055552	0.006904	0.002695
690.584766	0.054698	0.006519	0.002575
690.222783	0.053338	0.006681	0.002643
689.863270	0.054182	0.006576	0.002620
689.489524	0.054222	0.006802	0.002646
689.105221	0.055521	0.006385	0.002564
688.725638	0.056303	0.006597	0.002550
688.343867	0.055117	0.006780	0.002646
687.971352	0.054966	0.006800	0.002632
687.599796	0.055882	0.006334	0.002621
687.230205	0.054803	0.006589	0.002565
686.834424	0.056614	0.007146	0.002620
686.442585	0.053709	0.007322	0.002587
686.086130	0.053824	0.006789	0.002680
685.716860	0.055433	0.006671	0.002711
685.345710	0.054528	0.006843	0.002589
684.937303	0.054859	0.006938	0.002644
684.564768	0.053474	0.007041	0.002622
684.166932	0.056866	0.007044	0.002624
683.789505	0.056124	0.006727	0.002693
683.441255	0.054993	0.006969	0.002636
683.069443	0.054634	0.006557	0.002654
682.705791	0.055471	0.006877	0.002562
682.334172	0.054851	0.006910	0.002654
681.973038	0.054702	0.006816	0.002659
681.589743	0.055671	0.007225	0.002623
681.228887	0.056740	0.006524	0.002577
680.849463	0.054222	0.007005	0.002641
680.450772	0.055730	0.006851	0.002644
680.085041	0.055048	0.007144	0.002658
679.697771	0.056932	0.007047	0.002656
679.344074	0.055342	0.007061	0.002608
678.981827	0.054230	0.006804	0.002658
678.609142	0.054304	0.007100	0.002595
678.219542	0.054200	0.007047	0.002622
677.827966	0.056014	0.007309	0.002644
677.433219	0.055286	0.007360	0.002558
677.021014	0.057239	0.007233	0.002636
676.623562	0.055006	0.007553	0.002626
676.190016	0.055991	0.007231	0.002700
675.850905	0.054443	0.007131	0.002683
675.468671	0.055217	0.007571	0.002626
675.094585	0.054858	0.007592	0.002627
674.731097	0.055323	0.007606	0.002622
674.386158	0.054885	0.007505	0.002651
674.001315	0.056095	0.007491	0.002733
673.639725	0.056007	0.007761	0.002618
673.263560	0.054514	0.007643	0.002668
672.890461	0.055500	0.007595	0.002586
672.519576	0.055076	0.007706	0.002640
672.164329	0.055228	0.007553	0.002588
671.799166	0.053647	0.007369	0.002603
671.426593	0.055307	0.008242	0.002558
671.041265	0.056041	0.007730	0.002644
670.680655	0.053590	0.007734	0.002680
670.330712	0.054783	0.007962	0.002622
669.966778	0.055519	0.008307	0.002654
669.608009	0.054826	0.008183	0.002644
669.260042	0.055190	0.008452	0.002601
668.905866	0.053856	0.008237	0.002651
668.526578	0.058191	0.008406	0.002577
668.141852	0.055973	0.008298	0.002554
667.754093	0.055567	0.008318	0.002723
667.368909	0.055259	0.008220	0.002587
667.000273	0.055106	0.008253	0.002588
666.598104	0.055344	0.008683	0.002584
666.191568	0.056354	0.008871	0.002660
665.810302	0.056122	0.008467	0.002652
665.458491	0.056389	0.009048	0.002593
665.083917	0.055966	0.008233	0.002635
664.700969	0.057776	0.008518	0.002580
664.317897	0.053820	0.009286	0.002654
663.957756	0.055427	0.008807	0.002566
663.592359	0.056449	0.008895	0.002659
663.219457	0.054657	0.009108	0.002628
662.840340	0.056611	0.009333	0.002646
662.462127	0.056238	0.009363	0.002659
662.096908	0.055469	0.009410	0.002550
661.740026	0.056415	0.009328	0.002622
661.369005	0.054765	0.009514	0.002638
660.976223	0.054873	0.009716	0.002649
660.613490	0.055390	0.009499	0.002477
660.242750	0.054834	0.009440	0.002586
659.865119	0.055224	0.010263	0.002534
659.514197	0.056324	0.010339	0.002705
659.147812	0.058351	0.010155	0.002613
658.801631	0.055415	0.009976	0.002583
658.439724	0.054640	0.010261	0.002599
658.071494	0.057197	0.010164	0.002627
657.666297	0.055045	0.010175	0.002499
657.318731	0.055477	0.010768	0.002668
656.955033	0.056393	0.010673	0.002684
656.585389	0.056271	0.010838	0.002573
656.186540	0.054429	0.010928	0.002618
655.812035	0.056761	0.011120	0.002608
655.457226	0.056311	0.011441	0.002709
655.065353	0.056574	0.011579	0.002583
654.678782	0.059025	0.011510	0.002598
654.302346	0.054623	0.011781	0.002608
653.908863	0.055194	0.011921	0.002586
653.548740	0.056976	0.012320	0.002620
653.191277	0.055800	0.012312	0.002605
652.834640	0.056098	0.012396	0.002535
652.463966	0.058665	0.012641	0.002568
652.110941	0.056228	0.012921	0.002704
651.721878	0.056718	0.012811	0.002588
651.369557	0.057471	0.012979	0.002568
650.985328	0.056041	0.013397	0.002596
650.602069	0.056159	0.013541	0.002662
650.248354	0.058455	0.014081	0.002678
649.882704	0.055778	0.014082	0.002608
649.523302	0.057253	0.014423	0.002661
649.145572	0.055251	0.015245	0.002617
648.744695	0.055628	0.015300	0.002610
648.385217	0.058796	0.015898	0.002619
648.041888	0.054869	0.016048	0.002700
647.680599	0.057441	0.017003	0.002682
647.291591	0.055896	0.016847	0.002645
646.920172	0.056293	0.017486	0.002635
646.578853	0.058172	0.017735	0.002633
646.192157	0.056491	0.018677	0.002665
645.838615	0.056548	0.019161	0.002638
645.448995	0.059151	0.020184	0.002635
645.063217	0.057419	0.020368	0.002659
644.719867	0.057322	0.021401	0.002608
644.371458	0.056585	0.021705	0.002631
643.987137	0.057078	0.022682	0.002628
643.612546	0.054411	0.023608	0.002695
643.208538	0.058189	0.024545	0.002534
642.837991	0.056911	0.025831	0.002662
642.463364	0.055522	0.026246	0.002649
642.066345	0.057718	0.027366	0.002638
641.658056	0.057209	0.028576	0.002620
641.307787	0.056829	0.029747	0.002716
640.955351	0.059028	0.030204	0.002646
640.565636	0.056009	0.031037	0.002615
640.203811	0.057875	0.031426	0.002615
639.818779	0.055823	0.031790	0.002616
639.450312	0.058529	0.031048	0.002653
639.075236	0.056532	0.030318	0.002625
638.693252	0.056658	0.028854	0.002582
638.298166	0.056958	0.026842	0.002651
637.944466	0.056489	0.024140	0.002579
637.577185	0.056473	0.022250	0.002667
637.221053	0.052193	0.019304	0.002650
637.563054	0.058755	0.020645	0.002727
637.943660	0.057869	0.023520	0.002605
638.308541	0.057180	0.025701	0.002608
638.681867	0.060089	0.028219	0.002633
639.076148	0.059021	0.029516	0.002667
639.462779	0.059825	0.031300	0.002657
639.838989	0.055840	0.031773	0.002607
640.183072	0.056515	0.031550	0.002633
640.555241	0.056227	0.031370	0.002711
640.940356	0.056862	0.030929	0.002596
641.292666	0.056923	0.029901	0.002677
641.638391	0.058477	0.028738	0.002608
642.010153	0.058070	0.028253	0.002606
642.376795	0.058604	0.027291	0.002609
642.744301	0.057243	0.026269	0.002685
643.135675	0.058178	0.025393	0.002582
643.511058	0.057972	0.024442	0.002619
643.904869	0.056838	0.023314	0.002577
644.301914	0.057359	0.022593	0.002666
644.701206	0.058459	0.021181	0.002691
645.100822	0.057096	0.020517	0.002631
645.431988	0.056323	0.019871	0.002664
645.809080	0.057588	0.019600	0.002654
646.200712	0.056076	0.019037	0.002641
646.579971	0.057310	0.018327	0.002530
646.926472	0.057301	0.017720	0.002595
647.293719	0.059009	0.017628	0.002668
647.652674	0.057439	0.016741	0.002583
648.015300	0.056607	0.016444	0.002644
648.359457	0.057946	0.015949	0.002598
648.730231	0.057555	0.015620	0.002684
649.114731	0.056895	0.015720	0.002679
649.490395	0.057698	0.014948	0.002607
649.867985	0.056099	0.014467	0.002696
650.243585	0.057097	0.013726	0.002673
650.602598	0.056168	0.013824	0.002625
650.957892	0.056688	0.013612	0.002735
651.342218	0.056566	0.013647	0.002601
651.711528	0.056722	0.012957	0.002632
652.076236	0.055070	0.013048	0.002655
652.472351	0.057169	0.012757	0.002652
652.827496	0.058300	0.012726	0.002527
653.206883	0.058142	0.012537	0.002531
653.604643	0.056956	0.012591	0.002595
653.972031	0.056075	0.011608	0.002627
654.383536	0.058242	0.011530	0.002648
654.749970	0.057299	0.011585	0.002635
655.116726	0.057630	0.011674	0.002667
655.476717	0.058105	0.011526	0.002698
655.853437	0.055539	0.010695	0.002625
656.222692	0.054466	0.010745	0.002552
656.583672	0.056409	0.010640	0.002656
656.960324	0.055935	0.010477	0.002629
657.342659	0.057863	0.011013	0.002619
657.703262	0.057562	0.010351	0.002558
658.067698	0.057467	0.010232	0.002606
658.432321	0.056889	0.010252	0.002596
658.799868	0.057946	0.010283	0.002609
659.170752	0.058469	0.010154	0.002684
659.541426	0.056821	0.009991	0.002696
659.928271	0.056988	0.009739	0.002583
660.312731	0.055566	0.009959	0.002617
660.681930	0.054710	0.009856	0.002653
661.069700	0.058001	0.009520	0.002569
661.429776	0.056013	0.009294	0.002644
661.829122	0.057985	0.009466	0.002666
662.194955	0.057115	0.009435	0.002606
662.566765	0.054426	0.009370	0.002703
662.915862	0.059516	0.008785	0.002689
663.276607	0.055414	0.009421	0.002551
663.681669	0.056508	0.009129	0.002679
664.049174	0.056420	0.009358	0.002667
664.417023	0.052496	0.008675	0.002585
664.828932	0.057036	0.008960	0.002651
665.197894	0.055334	0.008621	0.002589
665.582567	0.056401	0.008347	0.002539
665.946209	0.055441	0.008456	0.002573
666.308738	0.054858	0.008379	0.002653
666.678464	0.054963	0.008502	0.002586
667.040435	0.056189	0.008333	0.002556
667.399861	0.057017	0.008454	0.002566
667.782321	0.055353	0.008667	0.002693
668.159656	0.056101	0.008313	0.002581
668.544991	0.057803	0.008298	0.002582
668.944914	0.054928	0.008296	0.002614
669.309598	0.055651	0.008195	0.002640
669.668074	0.054666	0.007936	0.002640
670.040936	0.056091	0.008086	0.002586
670.404706	0.054434	0.007921	0.002682
670.799240	0.055360	0.007646	0.002604
671.152347	0.054727	0.008113	0.002600
671.528028	0.056394	0.008300	0.002514
671.873420	0.057406	0.007737	0.002564
672.237091	0.055449	0.007434	0.002655
672.610919	0.055021	0.007392	0.002661
672.984355	0.055913	0.007344	0.002642
673.368718	0.055151	0.007465	0.002553
673.727845	0.054867	0.007463	0.002664
674.095422	0.054987	0.007738	0.002671
674.443932	0.054272	0.007440	0.002567
674.799562	0.055784	0.007446	0.002620
675.179419	0.055112	0.007498	0.002519
675.568634	0.054786	0.007501	0.002592
675.930940	0.054398	0.007166	0.002652
676.309962	0.056566	0.007119	0.002617
676.676341	0.055961	0.007603	0.002584
677.060094	0.054685	0.006910	0.002628
677.449280	0.056225	0.007107	0.002659
677.823409	0.053553	0.006925	0.002564
678.204541	0.056521	0.006990	0.002602
678.565372	0.056612	0.007112	0.002638
678.950251	0.054606	0.006996	0.002618
679.323958	0.053311	0.006677	0.002542
679.688443	0.057584	0.006902	0.002583
680.071624	0.054271	0.006932	0.002641
680.472119	0.057601	0.006862	0.002565
680.842889	0.056955	0.007185	0.002628
681.204098	0.053200	0.006725	0.002534
681.574847	0.056864	0.006767	0.002632
681.961830	0.055015	0.007075	0.002597
682.321471	0.054050	0.006885	0.002674
682.710454	0.055234	0.006712	0.002653
683.072564	0.055770	0.006858	0.002648
683.453462	0.056764	0.007003	0.002666
683.830577	0.056250	0.006792	0.002637
684.211069	0.056189	0.006653	0.002606
684.587368	0.054836	0.006928	0.002599
684.962496	0.055098	0.006606	0.002644
685.357498	0.055841	0.006750	0.002692
685.740626	0.056383	0.006563	0.002617
686.113830	0.054781	0.006500	0.002637
686.476206	0.054878	0.006581	0.002647
686.845371	0.056312	0.006417	0.002591
687.231654	0.053908	0.006397	0.002579
687.606211	0.055562	0.006304	0.002650
687.989174	0.055229	0.006233	0.002576
688.355685	0.053981	0.006229	0.002536
688.724367	0.054746	0.006317	0.002599
689.092462	0.057363	0.006871	0.002628
689.483507	0.053147	0.006544	0.002630
689.846448	0.056127	0.006969	0.002636
690.211475	0.053607	0.006885	0.002651
690.591120	0.054214	0.006775	0.002663
690.931296	0.057238	0.006440	0.002652
691.290177	0.055904	0.006629	0.002664
691.681508	0.055177	0.006866	0.002650
692.052519	0.056871	0.006730	0.002612
692.439629	0.056078	0.006702	0.002621
692.816083	0.055746	0.006879	0.002557
693.178192	0.054934	0.006832	0.002595
693.557691	0.054879	0.006780	0.002657
693.927049	0.055541	0.007447	0.002634
694.300160	0.055800	0.007045	0.002670
694.667843	0.055184	0.006850	0.002702
695.044563	0.053722	0.006796	0.002544
695.406253	0.055661	0.006807	0.002586
695.752310	0.055688	0.006557	0.002610
696.120759	0.056246	0.006728	0.002590
696.480706	0.055424	0.006681	0.002552
696.832010	0.054831	0.006677	0.002536
697.205094	0.056732	0.006323	0.002647
697.586608	0.056562	0.006711	0.002611
697.965300	0.056115	0.006865	0.002521
698.322155	0.054071	0.007168	0.002643
698.698403	0.054922	0.007562	0.002655
699.070760	0.053407	0.008368	0.002596
699.457757	0.055023	0.008900	0.002642
699.827416	0.056099	0.009970	0.002677
700.199716	0.054203	0.011079	0.002537
700.551321	0.055437	0.012383	0.002622
700.946419	0.054009	0.013762	0.002632
701.303063	0.055137	0.015777	0.002618
701.684915	0.056419	0.017228	0.002610
702.058624	0.055988	0.019342	0.002553
702.450940	0.054679	0.021586	0.002651
702.854269	0.056949	0.023921	0.002683
703.227314	0.054773	0.025265	0.002582
703.604857	0.055200	0.026071	0.002565
703.977073	0.055617	0.027121	0.002601
704.352137	0.053998	0.027484	0.002623
704.741174	0.055547	0.027181	0.002565
705.088215	0.054566	0.026300	0.002597
705.432546	0.053976	0.024731	0.002571
705.804304	0.052970	0.022779	0.002645
706.182471	0.054942	0.019597	0.002645
706.562128	0.054170	0.016147	0.002559
706.904097	0.053403	0.013396	0.002617
707.247436	0.055034	0.009579	0.002697
707.621368	0.055553	0.006456	0.002560
708.006744	0.055042	0.003717	0.002597
708.382984	0.055390	0.002941	0.002735
708.762841	0.054422	0.002686	0.002617
709.137967	0.054453	0.003500	0.002632
709.487872	0.056174	0.005316	0.002586
709.882191	0.053195	0.006542	0.002620
710.240876	0.053247	0.008320	0.002612
710.598118	0.053236	0.008577	0.002634
710.982715	0.055240	0.009366	0.002598
711.353684	0.055167	0.009657	0.002682
711.688946	0.054704	0.009894	0.002572
712.051794	0.053162	0.010229	0.002516
712.393202	0.055667	0.009522	0.002600
712.784407	0.054337	0.009015	0.002600
713.176710	0.053936	0.008623	0.002683
713.525495	0.055662	0.007949	0.002693
713.901652	0.053792	0.007847	0.002640
714.273987	0.054532	0.007000	0.002575
714.682743	0.052595	0.007012	0.002550
715.027885	0.052197	0.006797	0.002587
715.400588	0.055928	0.006552	0.002629
715.784388	0.057056	0.005798	0.002582
716.169736	0.053777	0.005726	0.002605
716.569539	0.054613	0.005553	0.002541
716.931365	0.054758	0.005502	0.002588
717.306089	0.053223	0.004379	0.002598
717.713776	0.053175	0.004112	0.002655
718.104041	0.053748	0.003798	0.002538
718.450306	0.054947	0.004114	0.002602
718.818954	0.053608	0.004474	0.002590
719.199951	0.053489	0.003574	0.002666
719.594473	0.054709	0.003313	0.002662
719.975753	0.053507	0.003389	0.002597
720.325934	0.055780	0.003528	0.002660
720.711813	0.054624	0.003602	0.002610
721.102356	0.053678	0.002888	0.002559
721.491752	0.055107	0.002888	0.002582
721.867796	0.054797	0.002849	0.002592
722.212587	0.053362	0.003009	0.002563
722.584139	0.054850	0.002946	0.002532
722.932125	0.052613	0.002948	0.002590
723.304732	0.053058	0.002713	0.002620
723.665443	0.053610	0.002906	0.002551
724.031998	0.055544	0.002801	0.002564
724.404391	0.052221	0.001909	0.002580
724.788143	0.055093	0.002824	0.002644
725.159525	0.054863	0.002887	0.002654
725.514063	0.054449	0.002144	0.002598
725.866295	0.054405	0.002287	0.002671
726.230363	0.051150	0.002757	0.002614
726.599640	0.055690	0.002528	0.002587
726.954049	0.054103	0.002475	0.002685
727.350655	0.053573	0.002499	0.002651
727.745574	0.054104	0.002240	0.002594
728.144053	0.054672	0.002384	0.002681
728.534916	0.053805	0.002554	0.002617
728.886830	0.050976	0.002349	0.002637
729.270348	0.055080	0.002526	0.002640
729.677092	0.052666	0.002449	0.002581
730.077557	0.055208	0.002638	0.002614
730.425854	0.053788	0.002676	0.002703
730.816783	0.053513	0.002600	0.002608
731.177300	0.054390	0.002479	0.002556
731.557444	0.053030	0.002643	0.002637
731.911116	0.053027	0.002199	0.002667
732.282968	0.053281	0.002531	0.002602
732.659302	0.053774	0.002567	0.002688
733.036805	0.054028	0.002791	0.002601
733.410733	0.054884	0.002791	0.002551
733.767154	0.053017	0.002173	0.002663
734.141109	0.054240	0.002901	0.002673
734.539802	0.053383	0.002873	0.002667
734.936701	0.051381	0.002505	0.002693
735.332920	0.054524	0.002586	0.002596
735.693944	0.053543	0.002539	0.002729
736.083992	0.053536	0.003017	0.002594
736.454682	0.052889	0.002750	0.002649
736.851624	0.053211	0.002312	0.002603
737.191896	0.054548	0.002947	0.002713
737.575958	0.053847	0.002611	0.002645
737.946002	0.054469	0.003184	0.002567
738.307696	0.054869	0.003121	0.002515
738.678282	0.054229	0.002760	0.002591
739.063583	0.052324	0.003096	0.002616
739.448859	0.054421	0.003011	0.002614
739.840896	0.052526	0.002687	0.002662
740.258779	0.053477	0.003331	0.002633
740.615313	0.052685	0.003455	0.002657
740.969610	0.053967	0.002942	0.002692
741.363098	0.054266	0.003530	0.002653
741.726384	0.053480	0.003378	0.002595
742.110784	0.053955	0.003350	0.002704
742.473148	0.053561	0.003304	0.002580
742.861787	0.052503	0.003272	0.002662
743.235140	0.052929	0.003565	0.002601
743.607835	0.053111	0.003732	0.002611
744.013997	0.053886	0.003974	0.002615
744.370381	0.053970	0.003563	0.002656
744.761714	0.053165	0.003436	0.002626
745.129098	0.053811	0.003588	0.002648
745.500077	0.054324	0.003895	0.002629
745.861367	0.051534	0.003934	0.002555
746.228306	0.052664	0.003824	0.002596
746.606246	0.053970	0.004048	0.002601
746.967732	0.053681	0.003905	0.002534
747.327447	0.053654	0.004143	0.002594
747.680927	0.052289	0.004040	0.002682
748.041157	0.052721	0.004356	0.002619
748.406190	0.056135	0.004256	0.002652
748.776206	0.052917	0.004477	0.002614
749.135171	0.054135	0.004255	0.002625
749.517350	0.053771	0.004579	0.002637
749.894047	0.054424	0.004482	0.002617
750.280733	0.054896	0.004111	0.002597
750.645898	0.051404	0.004439	0.002638
751.035424	0.052288	0.004469	0.002583
751.390078	0.054752	0.004544	0.002608
751.752224	0.053335	0.004890	0.002622
752.115727	0.053429	0.004815	0.002582
752.478027	0.054162	0.004862	0.002640
752.855385	0.053842	0.004886	0.002616
753.225052	0.052862	0.004763	0.002541
753.589090	0.054895	0.005031	0.002607
753.974550	0.054666	0.004826	0.002599
754.317365	0.054212	0.005739	0.002547
754.691068	0.051476	0.005261	0.002655
755.068287	0.054518	0.006034	0.002607
755.440544	0.053600	0.005589	0.002578
755.840271	0.053282	0.005677	0.002590
756.236175	0.053713	0.005844	0.002614
756.631983	0.051556	0.005784	0.002608
756.977084	0.054856	0.005308	0.002611
757.347435	0.054409	0.005210	0.002610
757.709739	0.053329	0.006051	0.002621
758.087025	0.053242	0.005925	0.002596
758.453725	0.052725	0.005782	0.002531
758.830503	0.052210	0.006011	0.002648
759.238469	0.053803	0.006204	0.002585
759.603336	0.051421	0.006195	0.002650
759.954174	0.053936	0.006010	0.002608
760.324548	0.054423	0.006511	0.002728
760.684147	0.053475	0.006484	0.002543
761.045751	0.053294	0.006774	0.002643
761.410507	0.052744	0.006595	0.002595
761.787303	0.055233	0.006631	0.002613
762.193634	0.051675	0.006795	0.002578
762.558835	0.052625	0.006945	0.002655
762.916253	0.053418	0.007035	0.002611
763.276581	0.052842	0.007481	0.002620
763.657030	0.052260	0.007247	0.002519
764.036294	0.054243	0.006835	0.002515
764.410263	0.052102	0.007089	0.002569
764.829816	0.055202	0.006998	0.002585
765.193875	0.052017	0.007002	0.002574
765.567224	0.053524	0.006784	0.002638
765.934739	0.053610	0.006815	0.002632
766.314529	0.052775	0.006982	0.002574
766.667162	0.053529	0.006632	0.002738
767.071345	0.055119	0.007012	0.002582
767.458513	0.054606	0.007633	0.002632
767.812992	0.053726	0.007521	0.002696
768.172119	0.053981	0.007621	0.002687
768.548316	0.052104	0.008597	0.002608
768.912295	0.052773	0.008916	0.002634
769.284608	0.054368	0.010280	0.002596
769.635820	0.053204	0.011783	0.002498
770.010793	0.053593	0.012966	0.002675
770.402372	0.054131	0.014700	0.002630
770.768620	0.054463	0.016184	0.002661
771.129748	0.053211	0.017807	0.002758
771.467422	0.053861	0.019610	0.002596
771.824390	0.052744	0.021017	0.002662
772.195008	0.053892	0.022469	0.002677
772.551915	0.052715	0.023620	0.002582
772.915238	0.053753	0.024788	0.002641
773.277890	0.052840	0.024019	0.002534
773.638582	0.052340	0.023736	0.002659
774.008931	0.054269	0.022417	0.002544
774.396692	0.052575	0.019465	0.002573
774.738355	0.052327	0.016589	0.002582
775.103914	0.052622	0.012591	0.002703
775.473839	0.052711	0.008959	0.002724
775.846839	0.053526	0.008838	0.002557
776.204249	0.052172	0.013169	0.002643
776.593826	0.052644	0.019299	0.002644
776.991140	0.053320	0.027096	0.002576
777.378523	0.054732	0.034828	0.002712
777.765088	0.052096	0.042035	0.002606
778.112337	0.052625	0.048248	0.002695
778.481759	0.053397	0.054897	0.002662
778.854257	0.053680	0.060762	0.002684
779.245697	0.053898	0.066131	0.002605
779.610201	0.051088	0.070582	0.002582
779.985742	0.052672	0.073655	0.002652
780.378767	0.051989	0.075026	0.002667
780.780200	0.052764	0.075968	0.002633
781.163432	0.053013	0.075130	0.002577
781.528676	0.052713	0.074267	0.002691
781.893813	0.053675	0.072759	0.002641
782.283694	0.051945	0.070511	0.002641
782.681649	0.051923	0.068714	0.002628
783.072140	0.053616	0.065845	0.002540
783.439956	0.053159	0.063082	0.002659
783.827549	0.052776	0.060338	0.002555
784.182159	0.052573	0.058732	0.002585
784.571940	0.053746	0.055897	0.002594
784.931962	0.051838	0.053974	0.002580
785.311013	0.052665	0.051905	0.002522
785.721680	0.053736	0.050460	0.002626
786.145279	0.053133	0.048565	0.002587
786.559222	0.052509	0.046701	0.002606
786.983618	0.053371	0.045176	0.002533
787.401152	0.051528	0.044080	0.002629
787.817533	0.053089	0.042227	0.002658
788.211326	0.053883	0.041880	0.002553
788.637309	0.052977	0.039918	0.002632
789.022368	0.052934	0.039028	0.002670
789.373171	0.052305	0.038011	0.002615
789.740671	0.053012	0.037590	0.002575
790.129682	0.053856	0.037032	0.002587
790.484717	0.052113	0.035622	0.002666
790.865030	0.052861	0.035216	0.002600
791.233811	0.052532	0.034495	0.002582
791.623733	0.053175	0.033716	0.002614
792.024659	0.053262	0.033285	0.002625
792.376278	0.053356	0.032617	0.002530
792.740516	0.053549	0.032730	0.002551
793.104683	0.052611	0.032467	0.002722
793.497931	0.052467	0.030796	0.002649
793.864340	0.053204	0.030252	0.002578
794.249357	0.053108	0.030165	0.002577
794.616930	0.053845	0.029886	0.002618
795.012830	0.053337	0.029454	0.002594
795.424345	0.053304	0.028949	0.002560
795.771902	0.052314	0.028724	0.002564
796.140529	0.052531	0.028426	0.002675
796.527272	0.052325	0.027851	0.002690
796.935604	0.053506	0.027482	0.002644
797.289946	0.052664	0.027580	0.002599
797.660697	0.052980	0.026678	0.002572
798.026370	0.054163	0.027200	0.002634
798.401922	0.052853	0.026572	0.002551
798.805024	0.053146	0.026626	0.002606
799.165228	0.053292	0.026127	0.002561
799.545107	0.052967	0.026159	0.002583
799.922659	0.054128	0.026060	0.002549
