800.417412	0.078000	0.169449	0.004607
801.011814	0.077327	0.190234	0.003334
801.567789	0.078930	0.226842	0.005478
802.130585	0.078705	0.254888	0.005794
802.688052	0.079161	0.251389	0.010571
803.246603	0.078866	0.266687	0.009388
803.842724	0.077832	0.279036	0.011108
804.395435	0.077789	0.269404	0.009210
804.986799	0.078780	0.254483	0.008553
805.589585	0.080422	0.213604	0.005626
806.170687	0.080002	0.146167	0.006978
806.778652	0.079828	0.068424	0.006527
807.392408	0.078457	0.003017	0.007492
807.960496	0.079937	-0.053047	0.013520
808.493540	0.078676	-0.114424	0.004323
809.069012	0.078775	-0.173466	0.004959
809.639348	0.080310	-0.258233	0.009175
810.218646	0.080655	-0.313583	0.009486
810.788446	0.079680	-0.350095	0.009174
811.620357	0.064474	-0.382211	0.004846
812.180896	0.079429	-0.397549	0.006404
812.751149	0.079445	-0.396000	0.004878
813.324253	0.079199	-0.367483	0.008783
813.937607	0.078553	-0.336814	0.007783
814.515475	0.078850	-0.296171	0.004906
815.112320	0.077963	-0.240682	0.006645
815.728775	0.078637	-0.200631	0.007753
816.288797	0.079952	-0.169197	0.004273
816.856897	0.079489	-0.108455	0.015276
817.438015	0.078800	-0.084910	0.006933
818.021353	0.078275	-0.054143	0.007411
818.617227	0.077964	-0.023755	0.004542
819.166736	0.078793	-0.001668	0.004454
819.745231	0.079567	-0.007509	0.009680
820.349379	0.080202	-0.017808	0.007763
820.964235	0.078448	-0.009172	0.012397
821.545200	0.079552	-0.016697	0.006042
822.114722	0.077860	-0.036297	0.009175
822.688477	0.078433	-0.049145	0.006046
823.279419	0.080499	-0.071310	0.008393
823.843150	0.079823	-0.066254	0.007345
824.412923	0.079543	-0.053703	0.004985
825.017235	0.079068	-0.069066	0.009025
825.599445	0.077634	-0.066665	0.008927
826.155553	0.078903	-0.071072	0.005654
826.772774	0.077883	-0.078981	0.005666
827.387107	0.079727	-0.052711	0.005067
827.975533	0.079786	-0.058038	0.006472
828.540539	0.079268	-0.047373	0.008573
829.135179	0.077348	-0.058214	0.005777
829.722268	0.078073	-0.071619	0.007020
830.319087	0.077901	-0.069195	0.008408
830.888612	0.078997	-0.055128	0.012021
831.498143	0.077691	-0.054642	0.010136
832.108027	0.080161	-0.059633	0.005080
832.656323	0.079261	-0.044101	0.004758
833.213123	0.078578	-0.046959	0.008409
833.767488	0.078798	-0.052335	0.007458
834.321877	0.078048	-0.031844	0.008767
834.876999	0.078037	-0.055599	0.008634
835.451300	0.079730	-0.046352	0.008457
836.013105	0.079234	-0.035521	0.004137
836.570207	0.079695	-0.047097	0.006666
837.155293	0.078010	-0.034036	0.006565
837.757160	0.078304	-0.033871	0.007846
838.361113	0.077709	-0.031227	0.007981
838.909987	0.079578	-0.027466	0.003802
839.475273	0.080666	-0.029403	0.004931
840.022955	0.078785	-0.011316	0.003887
840.569444	0.077493	-0.032773	0.007675
841.120335	0.078196	-0.023664	0.009986
841.681985	0.079203	-0.032060	0.013383
842.252621	0.080226	-0.023955	0.005903
842.811687	0.079507	-0.019168	0.011593
843.386777	0.078290	-0.013057	0.007777
843.973255	0.079720	-0.006154	0.011885
844.527280	0.077864	-0.012419	0.004450
845.081958	0.077621	-0.016182	0.009289
845.628732	0.079914	-0.012416	0.009813
846.200462	0.078670	-0.017913	0.004587
846.746073	0.079114	-0.007386	0.006120
847.341077	0.079102	-0.008467	0.008150
847.969637	0.078584	-0.009866	0.006610
848.566668	0.079187	-0.003099	0.008929
849.206316	0.078163	-0.011510	0.005575
849.783640	0.079410	-0.002344	0.003273
850.411451	0.079233	0.002189	0.004856
850.972825	0.079208	-0.000614	0.005240
851.521874	0.079334	-0.003115	0.006629
852.081856	0.078292	0.006433	0.005247
852.638120	0.079493	0.004797	0.003816
853.199094	0.080281	0.013141	0.009539
853.793679	0.079328	0.005091	0.004535
854.401855	0.079874	0.009277	0.011645
854.949364	0.079465	0.011260	0.006069
855.538080	0.079327	0.007964	0.007223
856.151178	0.079157	0.000554	0.006070
856.720011	0.078613	0.003767	0.003680
857.304111	0.080079	0.011600	0.009024
857.911720	0.079365	0.010622	0.007354
858.563297	0.079293	0.002997	0.008132
859.156475	0.076816	0.016893	0.005166
859.699511	0.079038	0.017051	0.016044
860.324201	0.078181	0.018245	0.005485
860.937156	0.078250	0.020629	0.012229
861.596763	0.076640	0.022277	0.008329
862.269738	0.076913	0.022021	0.004218
862.939893	0.078782	0.023314	0.005811
863.617210	0.079777	0.029310	0.003382
864.247915	0.079130	0.014988	0.006358
864.821648	0.080739	0.020669	0.007702
865.448198	0.076990	0.035287	0.006241
866.042528	0.079463	0.030380	0.007288
866.680909	0.079771	0.038657	0.008703
867.286445	0.078426	0.036149	0.005576
867.878302	0.079400	0.025562	0.004674
868.499787	0.078695	0.033630	0.008859
869.129448	0.079604	0.024315	0.007029
869.764310	0.079260	0.045228	0.009640
870.374699	0.077748	0.030139	0.004976
870.947999	0.079392	0.049557	0.007692
871.575258	0.079416	0.039940	0.008525
872.222023	0.079038	0.039739	0.004782
872.775008	0.079049	0.031799	0.005575
873.338000	0.078164	0.054228	0.007765
873.893273	0.079831	0.049957	0.005299
874.458477	0.078033	0.044778	0.008527
875.037307	0.077035	0.038390	0.006991
875.614394	0.079854	0.041942	0.005791
876.224908	0.078142	0.033378	0.004486
876.809259	0.078185	0.040049	0.008099
877.449606	0.079599	0.051271	0.011010
878.063536	0.078538	0.054733	0.007983
878.636377	0.078532	0.052037	0.011442
879.221843	0.078316	0.047893	0.005555
879.783442	0.078551	0.056693	0.007655
880.368030	0.078103	0.056940	0.008442
880.923747	0.079643	0.057462	0.009057
881.483546	0.080171	0.049472	0.006864
882.101301	0.078227	0.062090	0.009759
882.726839	0.077729	0.050018	0.007160
883.310891	0.078435	0.054624	0.006019
883.899974	0.077875	0.057236	0.005077
884.462348	0.079958	0.059154	0.006028
885.026580	0.080778	0.069541	0.009941
885.601791	0.078712	0.060052	0.006835
886.142363	0.078177	0.077362	0.006429
886.718180	0.077988	0.058928	0.014268
887.301883	0.079141	0.076173	0.004372
887.873508	0.079917	0.069897	0.005219
888.452211	0.078990	0.068703	0.004933
889.052815	0.078766	0.063268	0.007440
889.613267	0.081001	0.068314	0.009252
890.185746	0.079188	0.081353	0.005407
890.756432	0.077481	0.078824	0.009792
891.345736	0.080531	0.076956	0.006790
891.935419	0.080691	0.080495	0.008239
892.490830	0.078889	0.065397	0.009618
893.059693	0.077034	0.086595	0.008076
893.613961	0.079010	0.085310	0.003077
894.186472	0.078210	0.084166	0.014579
894.739331	0.078113	0.085911	0.013266
895.371654	0.077531	0.085566	0.006992
895.996883	0.081350	0.087556	0.004784
896.559562	0.079060	0.084614	0.006062
897.125546	0.079887	0.092950	0.007893
897.701045	0.078410	0.099784	0.002936
898.181265	0.079297	0.084984	0.007248
898.750646	0.079211	0.112553	0.006759
899.342418	0.078090	0.091284	0.004883
899.927938	0.080402	0.110285	0.003881
900.563621	0.081412	0.091456	0.006159
901.155261	0.078151	0.103931	0.008508
901.778022	0.080000	0.103321	0.006004
902.402720	0.078390	0.114606	0.005970
902.992576	0.077455	0.109556	0.009224
903.553428	0.078434	0.116501	0.003477
904.102427	0.077910	0.117909	0.011676
904.635886	0.079374	0.129118	0.005250
905.201460	0.078080	0.127287	0.006097
905.772142	0.078921	0.131988	0.008925
906.342631	0.080155	0.123684	0.008653
906.904404	0.078019	0.132533	0.005101
907.454278	0.077714	0.147846	0.005450
908.018259	0.080097	0.158062	0.004856
908.582915	0.078662	0.146409	0.004574
909.156090	0.079261	0.159886	0.007504
909.714760	0.080105	0.150890	0.006193
910.288203	0.080073	0.160502	0.004368
910.900390	0.079637	0.164773	0.006086
911.485525	0.076096	0.171107	0.010901
912.069078	0.078306	0.186082	0.006661
912.630462	0.078363	0.195902	0.005368
913.240142	0.076553	0.194809	0.005754
913.847438	0.079244	0.208243	0.005918
914.411268	0.079936	0.216792	0.006501
914.966339	0.078840	0.229202	0.007883
915.523433	0.076702	0.247956	0.004519
916.124547	0.077922	0.246837	0.007145
916.744056	0.077535	0.271922	0.005137
917.298236	0.078088	0.278264	0.006965
917.918306	0.078386	0.310081	0.005227
918.525976	0.080676	0.306583	0.005257
919.136543	0.080949	0.331880	0.005444
919.694177	0.078833	0.372855	0.003663
920.282869	0.078998	0.399350	0.010075
920.918033	0.078473	0.415302	0.007622
921.526479	0.081130	0.450055	0.005380
922.139466	0.080988	0.484436	0.006140
922.758019	0.076567	0.531563	0.005569
923.364242	0.077806	0.555010	0.005969
923.935391	0.077348	0.604345	0.009244
924.486451	0.079918	0.634721	0.005553
925.066937	0.080026	0.645029	0.008406
925.686213	0.080564	0.615792	0.006784
926.300082	0.076032	0.592626	0.007552
926.935592	0.076396	0.517361	0.003743
927.537800	0.078838	0.442152	0.019872
928.139521	0.079534	0.335333	0.019406
928.795587	0.079999	0.202037	0.006033
929.414006	0.077687	0.072659	0.009060
929.984439	0.081253	-0.029236	0.010126
930.590568	0.078465	-0.144057	0.015653
931.207587	0.077148	-0.241492	0.006219
931.785921	0.081221	-0.324642	0.015454
932.436713	0.079296	-0.380037	0.008259
933.085005	0.077068	-0.414756	0.011260
933.705384	0.079261	-0.409495	0.007034
934.253450	0.078382	-0.398337	0.003612
934.808355	0.080092	-0.372670	0.007000
935.347520	0.080626	-0.351133	0.008096
935.900548	0.077744	-0.296593	0.006826
936.440667	0.078734	-0.267999	0.005335
936.976819	0.079649	-0.217108	0.013638
937.499152	0.078356	-0.193008	0.009160
938.013841	0.078447	-0.150651	0.009664
938.537092	0.078512	-0.141030	0.004846
939.070550	0.080092	-0.094046	0.010235
939.619573	0.081404	-0.079845	0.004789
940.156116	0.079496	-0.066230	0.010109
940.691229	0.076894	-0.061481	0.006765
941.227889	0.077654	-0.048316	0.011736
941.768254	0.078673	-0.034713	0.005578
942.346313	0.082025	-0.040227	0.008608
942.910817	0.079086	-0.035399	0.004879
943.490763	0.076876	-0.019050	0.008159
944.041369	0.078057	-0.028839	0.004107
944.579757	0.078755	-0.032822	0.004283
945.142144	0.078288	-0.020046	0.004797
945.700471	0.077653	-0.019135	0.009982
946.277291	0.078256	-0.028358	0.005636
946.901252	0.078870	-0.012262	0.006756
947.523088	0.078789	-0.013904	0.004853
948.114324	0.079291	-0.016266	0.004562
948.742267	0.077847	-0.003325	0.007472
949.350000	0.077301	-0.020061	0.003422
949.973432	0.080474	-0.015023	0.005823
950.599088	0.076869	-0.024839	0.011209
951.262923	0.079761	-0.002791	0.005723
951.926109	0.080713	-0.019502	0.004992
952.526256	0.077773	-0.016650	0.006333
953.170073	0.081078	-0.015292	0.004363
953.787173	0.079086	-0.018096	0.007357
954.413710	0.078238	-0.013024	0.007975
955.018784	0.079106	-0.017994	0.004539
955.628715	0.075775	-0.021627	0.004461
956.171062	0.080729	-0.023985	0.007065
956.716972	0.079033	-0.003562	0.008143
957.349342	0.081581	-0.012831	0.006869
957.900145	0.076286	-0.021634	0.006939
958.479533	0.078990	-0.026936	0.006738
959.023299	0.078674	-0.020069	0.006868
959.576276	0.077315	-0.022632	0.008474
960.156019	0.079428	-0.024910	0.004676
960.736749	0.079211	-0.014771	0.007898
961.361255	0.076862	-0.032037	0.006882
961.933943	0.079697	-0.026339	0.004209
962.543877	0.078665	-0.012111	0.008875
963.129759	0.078694	-0.014633	0.007504
963.683753	0.080116	-0.009329	0.012186
964.512676	0.080739	-0.010729	0.008045
965.011301	0.058464	-0.017153	0.011831
964.466237	0.078047	-0.007319	0.008203
963.871937	0.081466	-0.001657	0.007430
963.254502	0.075446	0.005275	0.011415
962.703909	0.073151	-0.034499	0.005441
962.113744	0.077667	-0.012738	0.003198
961.481565	0.078262	-0.014125	0.004666
960.897321	0.077516	-0.012182	0.007950
960.277073	0.081322	-0.016161	0.005311
959.649146	0.080856	-0.022349	0.008300
959.024159	0.076462	-0.008132	0.006234
958.428899	0.079166	-0.017313	0.004116
957.898466	0.082750	-0.010694	0.005703
957.299481	0.078777	-0.002250	0.007452
956.735929	0.080455	-0.021232	0.005065
956.198498	0.078923	-0.013881	0.008809
955.613309	0.077473	-0.019846	0.007166
955.023262	0.078312	-0.013304	0.007992
954.430040	0.080533	-0.019794	0.004433
953.847384	0.080565	-0.010592	0.005408
953.294465	0.077600	-0.032342	0.004694
952.668463	0.080996	-0.017767	0.012322
952.047375	0.078227	-0.026453	0.014318
951.485442	0.077147	-0.011207	0.005485
950.916772	0.080136	-0.021326	0.005234
950.312078	0.081291	-0.015536	0.004900
949.668718	0.078256	-0.016980	0.012554
949.059630	0.078711	-0.036773	0.007496
948.517574	0.077659	-0.017042	0.007050
947.949133	0.076139	-0.017941	0.003761
947.338480	0.080531	-0.023525	0.006785
946.703376	0.078821	-0.015746	0.007537
946.108273	0.079139	-0.034027	0.007056
945.545855	0.081390	-0.024846	0.008641
944.952450	0.076734	-0.026789	0.008562
944.308264	0.080321	-0.024224	0.006688
943.706465	0.078863	-0.032202	0.009963
943.153823	0.079598	-0.043033	0.008541
942.556579	0.077992	-0.022298	0.006761
941.968300	0.079501	-0.028103	0.012426
941.367361	0.079680	-0.035792	0.009191
940.787044	0.080349	-0.037571	0.007768
940.220330	0.079213	-0.065629	0.006530
939.622669	0.078924	-0.064193	0.009611
938.980757	0.076481	-0.107734	0.011972
938.387673	0.078842	-0.127703	0.005807
937.840322	0.075808	-0.166480	0.008416
937.234527	0.081525	-0.177613	0.007870
936.630476	0.078194	-0.234147	0.006842
936.021933	0.077947	-0.277262	0.004625
935.426273	0.078444	-0.313915	0.007995
934.867735	0.079815	-0.370787	0.008320
934.259670	0.077297	-0.385003	0.004790
933.656367	0.077648	-0.410501	0.004316
933.096036	0.078361	-0.413963	0.009156
932.458993	0.078962	-0.395254	0.008920
931.894953	0.080119	-0.344549	0.006913
931.343275	0.080757	-0.287442	0.006332
930.760202	0.078567	-0.201694	0.004516
930.203226	0.080833	-0.117549	0.007438
929.623352	0.078931	0.001696	0.006377
929.044151	0.079018	0.098203	0.009861
928.470804	0.078087	0.220727	0.014548
927.862604	0.078190	0.340373	0.013181
927.245113	0.079917	0.444652	0.010787
926.713363	0.078226	0.514680	0.006700
926.090618	0.076160	0.586667	0.004648
925.429276	0.081034	0.625158	0.009301
924.838378	0.079096	0.642692	0.007052
924.273204	0.080996	0.623112	0.012139
923.685257	0.078692	0.600088	0.004367
923.075563	0.078653	0.557774	0.009496
922.430578	0.080503	0.515796	0.007684
921.865849	0.077075	0.494474	0.004314
921.297552	0.080206	0.454086	0.006334
920.692499	0.076397	0.421139	0.010529
920.048583	0.079275	0.386859	0.005875
919.458539	0.081743	0.358231	0.006480
918.881796	0.081763	0.331215	0.005091
918.299848	0.078013	0.330278	0.006737
917.710869	0.076984	0.314056	0.006643
917.104059	0.081266	0.279743	0.006769
916.503576	0.081029	0.265216	0.004322
915.927172	0.076906	0.245788	0.005201
915.326893	0.079192	0.237248	0.003805
914.702299	0.081558	0.237101	0.005407
914.053318	0.077756	0.232287	0.003596
913.468260	0.078115	0.208178	0.005815
912.873550	0.078139	0.198145	0.005757
912.258398	0.077086	0.190817	0.007980
911.638448	0.077281	0.183759	0.011012
911.040933	0.079716	0.175232	0.006712
910.500142	0.078979	0.171032	0.004247
909.905569	0.077308	0.164159	0.003510
909.265453	0.081715	0.149909	0.004317
908.696940	0.080744	0.153189	0.006165
908.072313	0.075777	0.139954	0.004912
907.480483	0.077359	0.131730	0.004884
906.899812	0.077917	0.132046	0.007532
906.306870	0.079505	0.139860	0.004863
905.679538	0.080301	0.131275	0.006189
905.052037	0.077138	0.120340	0.004496
904.475636	0.077355	0.119262	0.007897
903.819299	0.078925	0.107660	0.006926
903.224741	0.078249	0.115735	0.004167
902.660155	0.077873	0.108476	0.006802
902.090682	0.077312	0.106084	0.008212
901.514497	0.080252	0.100190	0.009045
900.938177	0.077110	0.111864	0.005556
900.324308	0.080828	0.109023	0.008570
899.717686	0.079787	0.111112	0.006230
899.079601	0.080597	0.098675	0.011024
898.498183	0.079348	0.088910	0.004310
897.913120	0.077977	0.100061	0.008314
897.312030	0.078467	0.095015	0.004303
896.668143	0.079742	0.090150	0.005314
896.095354	0.077673	0.083645	0.008091
895.527156	0.078783	0.084224	0.006236
894.906904	0.078430	0.091835	0.005756
894.280714	0.078953	0.091039	0.007071
893.662533	0.080429	0.089215	0.007074
893.057935	0.078868	0.080895	0.004687
892.476321	0.077508	0.081140	0.004324
891.892104	0.076918	0.075935	0.010942
891.293602	0.078734	0.086998	0.005716
890.625470	0.080576	0.066678	0.011002
890.062836	0.077508	0.061308	0.007751
889.475009	0.080387	0.069884	0.009423
888.885976	0.077136	0.069343	0.003281
888.277429	0.079668	0.063179	0.004024
887.666809	0.077147	0.062151	0.007159
887.085601	0.081041	0.064689	0.003265
886.480956	0.079375	0.072305	0.005965
885.850815	0.078774	0.070878	0.004428
885.251377	0.078387	0.070999	0.011397
884.687298	0.078806	0.074020	0.008573
884.115104	0.077755	0.051957	0.010813
883.514468	0.077944	0.063421	0.006471
882.912081	0.080251	0.064665	0.010329
882.333382	0.077028	0.058251	0.004208
881.751278	0.079505	0.067205	0.005368
881.132290	0.078265	0.063375	0.009076
880.519689	0.078201	0.057632	0.004325
879.911934	0.076422	0.061256	0.007174
879.282902	0.079121	0.051078	0.005453
878.718071	0.078907	0.057115	0.004577
878.097269	0.080838	0.057292	0.005532
877.493478	0.076917	0.055762	0.003655
876.845587	0.079013	0.050130	0.004987
876.250756	0.079338	0.055663	0.005833
875.683697	0.077563	0.047480	0.008086
875.070190	0.076706	0.030230	0.007289
874.410481	0.078295	0.037445	0.010508
873.851740	0.080416	0.036426	0.008400
873.284698	0.079565	0.055099	0.010355
872.680331	0.079730	0.038608	0.005287
872.056185	0.081636	0.036132	0.010500
871.462457	0.080699	0.041920	0.004150
870.837678	0.076683	0.040083	0.005632
870.245759	0.078889	0.024527	0.008154
869.646075	0.074449	0.039995	0.007010
868.997890	0.077139	0.030767	0.009070
868.373363	0.078943	0.027330	0.006189
867.818321	0.079062	0.033335	0.004573
867.242286	0.078246	0.044160	0.007288
866.619339	0.077464	0.033497	0.004773
865.997596	0.078978	0.027045	0.006762
865.418000	0.078855	0.024377	0.004504
864.843954	0.079481	0.024981	0.008880
864.229827	0.077203	0.026337	0.009464
863.625068	0.078680	0.028272	0.007713
863.046305	0.080629	0.016143	0.005791
862.417622	0.080594	0.025979	0.003833
861.848653	0.079399	0.034320	0.008990
861.262971	0.078133	0.019905	0.005733
860.731894	0.078684	0.021764	0.006263
860.128527	0.078195	0.014604	0.007060
859.569734	0.078042	0.016761	0.008009
858.964949	0.079163	0.012683	0.007948
858.333662	0.078702	0.016027	0.006281
857.739591	0.078469	0.007957	0.010436
857.106038	0.079185	0.015196	0.006035
856.488705	0.079093	0.004321	0.004391
855.874118	0.079822	-0.007516	0.004305
855.255549	0.079673	0.008367	0.005717
854.679929	0.079050	-0.002403	0.004360
854.088678	0.079090	0.018047	0.010137
853.514437	0.078494	-0.001507	0.006168
852.931182	0.079457	0.004280	0.005688
852.315850	0.077457	-0.015357	0.005858
851.762183	0.079646	0.008077	0.004288
851.174495	0.078818	0.004096	0.007252
850.583115	0.078576	-0.000855	0.005053
849.975251	0.078601	-0.003285	0.006835
849.366714	0.078362	-0.005341	0.004780
848.773744	0.078902	-0.005678	0.009379
848.208178	0.079904	-0.015149	0.010656
847.629994	0.080673	-0.013991	0.006922
847.010273	0.079102	-0.003467	0.012632
846.398818	0.079954	-0.022084	0.007268
845.831690	0.079135	-0.014505	0.004414
845.255068	0.078899	-0.022717	0.010569
844.622684	0.079180	-0.018717	0.008944
843.993119	0.080085	-0.023625	0.005379
843.383834	0.078497	-0.041257	0.007407
842.812358	0.079022	-0.018802	0.005575
842.230834	0.078645	-0.021955	0.006894
841.598038	0.078905	-0.008222	0.012839
840.952207	0.077892	-0.034681	0.005326
840.379552	0.080479	-0.021250	0.006392
839.806395	0.078577	-0.033179	0.007553
839.199958	0.078914	-0.029004	0.012097
838.535367	0.078190	-0.015754	0.007351
837.954529	0.079212	-0.026592	0.008910
837.386445	0.079098	-0.043766	0.004337
836.777441	0.079451	-0.025466	0.009877
836.152993	0.077587	-0.031369	0.011131
835.551245	0.078298	-0.048152	0.007216
834.946334	0.079110	-0.031574	0.009780
834.349096	0.077302	-0.041340	0.010109
833.717743	0.078244	-0.049441	0.005558
833.130004	0.080420	-0.041694	0.008835
832.496176	0.077994	-0.058050	0.010179
831.934482	0.079467	-0.050294	0.006456
831.332824	0.079327	-0.045358	0.007426
830.743801	0.079383	-0.055850	0.004950
830.101095	0.078719	-0.041272	0.009590
829.523830	0.079935	-0.052732	0.005965
828.927165	0.078806	-0.073203	0.006579
828.333572	0.078871	-0.066262	0.011825
827.742464	0.079046	-0.061350	0.010754
827.121673	0.079369	-0.064397	0.007278
826.529346	0.078803	-0.070553	0.008608
825.889894	0.079025	-0.062953	0.010102
825.274165	0.079401	-0.073210	0.016120
824.682785	0.079024	-0.061861	0.005989
824.068578	0.078644	-0.076560	0.006457
823.487215	0.078891	-0.067998	0.005486
822.888161	0.078377	-0.051124	0.006356
822.307236	0.078006	-0.043305	0.007268
821.719594	0.077988	-0.032019	0.003058
821.132682	0.079196	-0.033015	0.004892
820.534333	0.079144	-0.015332	0.008575
819.964772	0.078895	-0.015649	0.010517
819.367150	0.077580	-0.016046	0.009188
818.810633	0.079162	-0.014975	0.005980
818.233410	0.079054	-0.023591	0.011183
817.618718	0.078841	-0.059298	0.006339
817.048000	0.078565	-0.091216	0.010254
816.440293	0.078861	-0.131506	0.012667
815.883635	0.078194	-0.193027	0.010210
815.284704	0.078980	-0.230133	0.009458
814.692651	0.078797	-0.261804	0.006014
814.055777	0.078457	-0.303014	0.009143
813.412845	0.079336	-0.339049	0.004476
812.746621	0.078657	-0.369526	0.009356
812.174774	0.079961	-0.392583	0.004899
811.574910	0.069782	-0.396021	0.006159
810.903066	0.079888	-0.371840	0.010841
810.231997	0.079678	-0.329950	0.011781
809.597121	0.079511	-0.271797	0.006441
808.951787	0.080622	-0.202070	0.009028
808.382244	0.078905	-0.136402	0.008523
807.774346	0.078291	-0.068305	0.012328
807.163894	0.078694	0.010553	0.004575
806.530160	0.079350	0.079679	0.005357
805.867105	0.077072	0.167158	0.003490
805.280112	0.078217	0.217043	0.006669
804.639131	0.078983	0.223763	0.010319
803.974154	0.079009	0.275593	0.007405
803.283891	0.080228	0.266525	0.005374
802.590383	0.078454	0.257583	0.010340
802.011161	0.078222	0.250400	0.011059
801.352993	0.079093	0.232912	0.006486
800.709403	0.079081	0.210452	0.005458
800.073383	0.079251	0.187979	0.004462
799.382833	0.079391	0.153413	0.013902
798.739788	0.079125	0.156529	0.008569
798.161714	0.079975	0.134099	0.005315
797.572471	0.078607	0.132091	0.006960
796.924426	0.078759	0.129001	0.005086
796.264433	0.079468	0.116825	0.007191
795.623968	0.078489	0.105172	0.007178
795.032607	0.078543	0.090368	0.005933
794.365914	0.078806	0.086921	0.005352
793.725763	0.078226	0.077050	0.006695
793.051391	0.078590	0.087404	0.006624
792.410017	0.079722	0.067385	0.004304
791.842629	0.079688	0.061382	0.006084
791.259954	0.079836	0.056143	0.012964
790.631593	0.080032	0.050578	0.009993
789.999944	0.075805	0.065558	0.005821
789.357767	0.077451	0.045346	0.005476
788.726116	0.078269	0.052959	0.008664
788.151629	0.079025	0.054334	0.009593
787.491024	0.077335	0.034569	0.008704
786.827081	0.077948	0.046735	0.005415
786.185307	0.080758	0.050495	0.005547
785.538770	0.078860	0.045645	0.007598
784.947034	0.078749	0.034701	0.003511
784.357184	0.079623	0.048680	0.005083
783.793177	0.079771	0.061249	0.006323
783.230413	0.078431	0.028024	0.009139
782.651690	0.079350	0.031994	0.004747
782.036666	0.077719	0.020889	0.005460
781.439730	0.078385	0.034181	0.003613
780.792766	0.080005	0.028930	0.007453
780.201202	0.079750	0.028974	0.006933
779.579384	0.079054	0.027822	0.010357
778.961516	0.080887	0.036410	0.006089
778.339290	0.078426	0.025440	0.008439
777.762531	0.078309	0.025748	0.009104
777.189381	0.078917	0.036240	0.004211
776.551742	0.078783	0.042316	0.005660
775.943207	0.078385	0.022200	0.006339
775.389734	0.078759	0.024175	0.012777
774.835319	0.078586	0.010993	0.011376
774.260337	0.078604	0.018215	0.007312
773.647875	0.080045	0.021609	0.006805
773.028217	0.079287	0.014612	0.004960
772.460622	0.077527	0.010953	0.005712
771.882271	0.079127	0.011237	0.007277
771.302950	0.078640	0.006508	0.007671
770.674804	0.079215	0.021392	0.004587
770.071252	0.079647	0.010997	0.007263
769.507954	0.078944	0.020665	0.006969
768.903144	0.078919	0.031229	0.006004
768.277113	0.078041	0.019679	0.004843
767.675887	0.076577	0.021340	0.005650
767.032488	0.078646	0.011831	0.004780
766.428654	0.078983	0.019355	0.011118
765.825034	0.079339	0.005422	0.003668
765.186771	0.078816	0.010522	0.004075
764.597479	0.079237	6.727363E-5	0.005591
764.016985	0.079051	0.007967	0.006483
763.403836	0.079546	0.002728	0.005530
762.800040	0.079742	0.006587	0.008754
762.221739	0.079883	0.002485	0.011284
761.636157	0.078917	0.006468	0.004058
761.067971	0.078225	0.011625	0.004068
760.477750	0.078368	-0.002133	0.004951
759.870499	0.078568	0.011025	0.013298
759.245253	0.080368	0.015557	0.005695
758.681725	0.079146	0.017167	0.007377
758.050844	0.079868	0.017135	0.006045
757.407202	0.077102	0.015826	0.005760
756.827586	0.077055	0.026306	0.004681
756.260349	0.077900	0.033116	0.005853
755.668325	0.080754	0.033646	0.004484
755.038090	0.078129	0.034430	0.007869
754.456119	0.080858	0.042105	0.003608
753.909230	0.079345	0.042244	0.004907
753.340542	0.079143	0.035031	0.004858
752.747228	0.077313	0.028694	0.004298
752.153732	0.079496	0.025081	0.006631
751.528405	0.077253	0.023703	0.005984
750.881472	0.078825	0.013907	0.005810
750.315753	0.079177	0.021926	0.005574
749.715361	0.078358	0.024992	0.005724
749.062661	0.080136	0.003351	0.005136
748.422849	0.079344	-0.002498	0.008420
747.855096	0.078693	0.006219	0.004046
747.286843	0.078357	0.006959	0.010561
746.690089	0.078155	-0.003892	0.004142
746.084560	0.079326	0.007383	0.004993
745.467585	0.078321	0.006501	0.008463
744.912410	0.079805	0.004055	0.006561
744.284412	0.078401	0.010536	0.005984
743.649470	0.080640	0.005483	0.005715
743.002485	0.080320	0.014467	0.005416
742.412160	0.078705	0.003823	0.003336
741.838589	0.078662	0.005175	0.006462
741.273186	0.077753	0.016235	0.004058
740.677354	0.078788	0.010995	0.004939
740.079335	0.076960	0.010427	0.004918
739.518807	0.077850	0.001701	0.003008
738.905629	0.079718	0.018711	0.005342
738.324418	0.080834	0.020627	0.004297
737.700473	0.078243	0.006988	0.007069
737.118597	0.080312	0.008797	0.004712
736.520409	0.078272	0.002926	0.005982
735.906515	0.079490	0.012946	0.006248
735.257070	0.079986	0.017146	0.006885
734.642931	0.077464	0.018684	0.003629
734.081060	0.078544	0.012728	0.004247
733.466635	0.079820	0.021302	0.003846
732.900120	0.079537	0.015230	0.004912
732.291279	0.077684	0.009137	0.006522
731.684151	0.077356	0.020364	0.005750
731.102685	0.078040	0.010076	0.010268
730.481115	0.079134	0.017895	0.006085
729.886150	0.078305	0.007053	0.004622
729.254487	0.077453	0.021243	0.003008
728.661013	0.078515	0.019928	0.005873
728.086881	0.078074	0.013394	0.006609
727.502441	0.079956	0.017241	0.006509
726.879481	0.078737	0.011670	0.004686
726.233573	0.079673	0.015443	0.004244
725.653843	0.079436	0.008142	0.007416
725.059233	0.078966	0.016542	0.004821
724.426048	0.078367	0.023247	0.004700
723.838120	0.080615	0.015869	0.008721
723.197841	0.079400	0.029783	0.005806
722.617236	0.079947	0.026287	0.005531
722.042542	0.079087	0.026979	0.008546
721.448185	0.077799	0.021179	0.004053
720.791625	0.078240	0.026297	0.009239
720.188396	0.077485	0.036602	0.004420
719.600184	0.078987	0.029074	0.004670
718.962331	0.078556	0.038274	0.003466
718.367584	0.078355	0.032041	0.004184
717.707740	0.078310	0.029577	0.006203
717.130099	0.078455	0.035228	0.003953
716.525295	0.081593	0.033492	0.004314
715.946502	0.079863	0.041079	0.005970
715.346849	0.080790	0.038511	0.003791
714.717604	0.078152	0.045134	0.005033
714.145301	0.079446	0.041648	0.005931
713.583599	0.079204	0.043015	0.004907
713.013115	0.078633	0.044463	0.004780
712.388469	0.080515	0.054192	0.003453
711.776542	0.081315	0.065250	0.004253
711.200384	0.078021	0.063880	0.008965
710.611483	0.077710	0.070589	0.006785
710.015119	0.078878	0.058252	0.003533
709.425853	0.079189	0.068465	0.004776
708.818090	0.080062	0.059474	0.003377
708.243269	0.080207	0.061663	0.003956
707.681512	0.079104	0.055902	0.005178
707.080337	0.080081	0.034133	0.003854
706.468685	0.078078	0.013055	0.003523
705.862195	0.079425	-0.003541	0.008155
705.297812	0.079261	-0.029805	0.003307
704.707515	0.079714	-0.043199	0.004834
704.078709	0.076615	-0.066448	0.010800
703.486181	0.081984	-0.088192	0.005879
702.852526	0.081290	-0.083110	0.005613
702.287303	0.078836	-0.079699	0.004802
701.661980	0.079450	-0.063457	0.005543
701.015914	0.080314	-0.036101	0.008374
700.400535	0.079044	0.003835	0.007868
699.817573	0.079889	0.045949	0.007874
699.252387	0.080072	0.097364	0.006485
698.696452	0.078215	0.134762	0.007681
698.092395	0.080903	0.167705	0.005392
697.452716	0.079534	0.192007	0.006821
696.911256	0.077233	0.210561	0.003893
696.351577	0.080089	0.202618	0.003381
695.798762	0.078545	0.192435	0.003807
695.219760	0.078973	0.169283	0.004753
694.593054	0.079839	0.149591	0.005537
694.015617	0.080262	0.110358	0.007819
693.420049	0.078777	0.075893	0.004850
692.854157	0.080401	0.039684	0.007459
692.237164	0.079352	0.005855	0.003614
691.653385	0.079004	-0.025267	0.005849
691.022582	0.079713	-0.053456	0.003134
690.429779	0.078540	-0.077510	0.003543
689.794830	0.077771	-0.091610	0.002925
689.197830	0.080242	-0.096743	0.004213
688.616527	0.078536	-0.090169	0.003513
688.016032	0.078979	-0.087763	0.004815
687.390794	0.077110	-0.074908	0.005539
686.764429	0.077251	-0.063777	0.004513
686.141605	0.075802	-0.053892	0.004106
685.590487	0.080116	-0.038630	0.006416
684.982425	0.078462	-0.025295	0.003603
684.378663	0.077869	-0.021712	0.005690
683.726903	0.079136	-0.014038	0.004019
683.098445	0.079832	-0.004132	0.003495
682.511577	0.079307	-0.003088	0.003871
681.889167	0.078008	-0.006821	0.003919
681.268308	0.078477	-0.004764	0.002993
680.620822	0.078258	0.001987	0.006358
680.016490	0.082139	-0.001972	0.006271
679.460359	0.078232	0.002244	0.003532
678.883381	0.078049	-0.006974	0.003560
678.307407	0.078488	0.001685	0.004054
677.743645	0.079634	-0.005668	0.003010
677.155126	0.079807	-0.007049	0.002956
676.548257	0.080440	-0.013347	0.002814
675.967664	0.077589	-0.006916	0.004169
675.331122	0.076841	-0.006100	0.004619
674.760548	0.081410	-0.007223	0.005048
674.175768	0.077993	-0.005022	0.003258
673.591006	0.080879	-0.008007	0.004490
672.953799	0.077992	-0.003574	0.003909
672.339578	0.078152	-0.011390	0.003313
671.749112	0.078971	-0.010251	0.003005
671.199957	0.078911	-0.001054	0.003883
670.586494	0.079677	-0.010676	0.003289
669.978179	0.076617	-0.009350	0.002920
669.409997	0.078625	-0.005052	0.004421
668.824856	0.078365	-0.001294	0.003942
668.211620	0.078775	-0.009585	0.003317
667.613415	0.078025	-0.006615	0.003528
667.030601	0.078987	-0.010732	0.003997
666.462814	0.079188	-0.007056	0.003332
665.869621	0.074638	-0.006975	0.003369
665.265453	0.079714	-0.005874	0.003577
664.644551	0.078554	-0.008426	0.003306
664.041054	0.076215	-0.005448	0.003160
663.496051	0.076332	-0.007117	0.003385
662.927316	0.078052	-0.003628	0.003823
662.278112	0.079088	-0.005465	0.003763
661.684647	0.079116	-0.008744	0.003001
661.097406	0.079266	-0.006766	0.004263
660.503091	0.078024	-0.009996	0.003816
659.909552	0.080673	-0.008834	0.004985
659.317268	0.078678	-0.008918	0.004184
658.721617	0.080699	-0.006573	0.003402
658.151739	0.081387	-0.005257	0.003246
657.558588	0.077705	-0.008346	0.004573
656.939294	0.077646	-0.010438	0.003106
656.344622	0.077477	-0.005533	0.002932
655.775987	0.080258	-0.006041	0.002895
655.180186	0.079410	-0.010849	0.003395
654.559105	0.075646	-0.009009	0.005064
653.982162	0.079441	-0.006196	0.003186
653.346163	0.077717	-0.008489	0.003775
652.783939	0.079141	-0.009238	0.003049
652.194951	0.079278	-0.010185	0.003631
651.595023	0.081044	-0.007057	0.003815
650.937000	0.080509	-0.007828	0.003784
650.375706	0.079882	-0.010523	0.004079
649.779782	0.078563	-0.004751	0.003514
649.191091	0.078919	-0.003500	0.003782
648.561557	0.076127	-0.002065	0.003682
647.953508	0.081470	0.001643	0.003239
647.341712	0.078308	0.006784	0.003258
646.715778	0.078568	0.010953	0.003111
646.113678	0.079827	0.024818	0.004227
645.507250	0.077154	0.023569	0.003408
644.864855	0.077808	0.024272	0.003985
644.265807	0.079422	0.022053	0.003256
643.632826	0.080811	0.018571	0.003291
643.046083	0.079474	-0.000154	0.003725
642.439755	0.077039	-0.017334	0.003230
641.809113	0.079126	-0.034090	0.003051
641.214615	0.079471	-0.052194	0.003059
640.614347	0.078748	-0.074194	0.003049
640.000734	0.081741	-0.087916	0.003735
639.371067	0.081022	-0.098070	0.002900
638.783966	0.078675	-0.105344	0.003169
638.237531	0.080454	-0.097405	0.003002
637.647116	0.079241	-0.089192	0.002953
637.052836	0.078169	-0.077572	0.004600
636.475788	0.080625	-0.060013	0.007390
635.835634	0.075557	-0.037295	0.003684
635.253976	0.079710	-0.013381	0.004467
635.423308	0.079066	-0.011416	0.004084
636.036270	0.080818	-0.035663	0.003270
636.679375	0.083570	-0.062879	0.004268
637.284382	0.080970	-0.078911	0.003058
637.873669	0.078165	-0.092210	0.003301
638.422313	0.082226	-0.102198	0.002814
639.024564	0.078751	-0.100104	0.002965
639.647477	0.079242	-0.095886	0.003900
640.224165	0.081735	-0.086860	0.002869
640.834171	0.081777	-0.071141	0.003136
641.462401	0.078161	-0.050143	0.002988
642.065976	0.075947	-0.028755	0.002776
642.675523	0.078840	-0.010152	0.003413
643.244093	0.078486	0.001825	0.004511
643.866439	0.081082	0.015665	0.003329
644.459782	0.078105	0.020722	0.004254
645.095851	0.078340	0.025739	0.003812
645.658566	0.076423	0.022751	0.004099
646.279631	0.077631	0.016275	0.003272
646.837329	0.080109	0.009615	0.003062
647.484273	0.080433	0.007269	0.002899
648.111383	0.079540	0.001469	0.002972
648.687654	0.079900	0.000831	0.003349
649.252677	0.080481	-0.004160	0.002937
649.879804	0.078514	-0.009560	0.003993
650.531780	0.076622	-0.004202	0.004147
651.128265	0.079272	-0.003773	0.006194
651.702342	0.079686	-0.006224	0.002583
652.312626	0.078680	-0.003206	0.004312
652.885671	0.080446	-0.003614	0.003262
653.535348	0.078903	-0.007261	0.004019
654.129212	0.078722	-0.008356	0.002728
654.721968	0.080956	-0.005695	0.004384
655.271245	0.080059	-0.009850	0.002936
655.896899	0.079810	-0.010166	0.003271
656.516480	0.078212	-0.005144	0.004428
657.133702	0.075722	-0.007664	0.003317
657.693737	0.081266	-0.008928	0.003178
658.315181	0.079111	-0.010055	0.004565
658.952816	0.079250	-0.012360	0.003162
659.551708	0.076577	-0.009854	0.002860
660.155515	0.080197	-0.009049	0.004458
660.723935	0.080798	-0.011340	0.003805
661.342443	0.076343	-0.005535	0.003070
661.905912	0.080266	-0.008974	0.003313
662.530356	0.079833	-0.003989	0.003088
663.153458	0.076286	-0.005653	0.002993
663.709951	0.077027	-0.010824	0.003132
664.317085	0.080692	-0.007729	0.004130
664.928997	0.074587	-0.010563	0.004466
665.513858	0.078251	-0.003545	0.003792
666.058463	0.080979	-0.006519	0.003344
666.662408	0.080399	-0.001312	0.003114
667.278429	0.078042	-0.003858	0.004114
667.885247	0.075484	-0.004663	0.003704
668.497915	0.078291	-0.009854	0.003401
669.080232	0.081335	-0.006004	0.002972
669.681213	0.077888	-0.005937	0.004196
670.305888	0.077721	-0.005362	0.003422
670.892330	0.077777	-0.007935	0.003192
671.484704	0.078818	-0.006089	0.004552
672.062667	0.077818	-0.006746	0.004819
672.658616	0.078092	-0.005641	0.004260
673.262616	0.079839	-0.009306	0.003375
673.878764	0.078269	-0.006636	0.003845
674.450966	0.078607	-0.008454	0.003323
675.065786	0.077948	-0.011229	0.004401
675.631095	0.079249	-0.007307	0.003584
676.216992	0.082065	-0.001558	0.003971
676.841211	0.079725	-0.002454	0.004717
677.440413	0.079483	-0.009194	0.004590
678.030379	0.076520	-0.005616	0.003177
678.674150	0.072600	0.003325	0.003670
679.247127	0.076650	-0.006917	0.003340
679.835636	0.081245	-0.001320	0.004623
680.386599	0.079289	-0.003889	0.004874
680.984241	0.082461	-0.005693	0.003087
681.560053	0.077729	-0.006326	0.003288
682.136369	0.077559	-0.006758	0.004666
682.706747	0.079857	0.003885	0.004812
683.292500	0.080114	-0.010129	0.002980
683.872326	0.078174	-0.012439	0.004518
684.486351	0.080657	-0.015805	0.007465
685.116009	0.080699	-0.030579	0.004200
685.691071	0.079393	-0.036198	0.003208
686.297880	0.080233	-0.044574	0.004296
686.919068	0.081244	-0.058536	0.002771
687.540921	0.079929	-0.068660	0.004595
688.118117	0.080710	-0.082492	0.004824
688.668829	0.080486	-0.087791	0.004159
689.271451	0.078659	-0.093141	0.004339
689.866419	0.083071	-0.090444	0.003769
690.468421	0.078757	-0.078282	0.002971
691.052325	0.079352	-0.063680	0.004858
691.670880	0.078562	-0.042443	0.003286
692.275100	0.079574	-0.004922	0.006434
692.871941	0.082058	0.027399	0.005975
693.467134	0.079234	0.064863	0.007889
694.028611	0.079708	0.103984	0.005063
694.612797	0.078491	0.139067	0.002772
695.213252	0.081062	0.165339	0.004007
695.802614	0.079654	0.193235	0.003485
696.371898	0.078844	0.202512	0.004090
696.937465	0.077494	0.207079	0.004336
697.502497	0.080586	0.205275	0.009230
698.107744	0.077877	0.179387	0.005510
698.718103	0.078370	0.141662	0.008238
699.296753	0.082262	0.104298	0.003954
699.907522	0.079340	0.061614	0.007328
700.521209	0.079280	0.013159	0.007620
701.106086	0.079358	-0.022762	0.005622
701.676916	0.081121	-0.060320	0.003514
702.272600	0.077967	-0.077604	0.004896
702.921257	0.080706	-0.090149	0.004303
703.529340	0.078441	-0.082293	0.005290
704.163286	0.078769	-0.075319	0.004894
704.718044	0.079651	-0.060584	0.005226
705.324563	0.078049	-0.034934	0.004935
705.957699	0.078307	-0.010716	0.004657
706.582118	0.078732	0.019239	0.008317
707.180265	0.076771	0.028611	0.009233
707.747636	0.077549	0.044526	0.003881
708.335632	0.081498	0.059292	0.005027
708.948658	0.079867	0.064691	0.006028
709.552548	0.079983	0.063088	0.003579
710.113370	0.081692	0.067477	0.004495
710.704885	0.080005	0.056779	0.004184
711.317424	0.076832	0.063679	0.005095
711.922432	0.077088	0.061151	0.005919
712.491547	0.080302	0.049732	0.007982
713.041428	0.079029	0.050956	0.005310
713.649320	0.081173	0.045106	0.004220
714.255167	0.079135	0.052807	0.002825
714.900245	0.079038	0.039777	0.005508
715.471328	0.080088	0.048764	0.008572
716.088232	0.078301	0.040522	0.004738
716.713429	0.079170	0.034792	0.003184
717.300938	0.077032	0.034379	0.004887
717.897812	0.080960	0.031585	0.005536
718.471364	0.078245	0.044902	0.005081
719.082167	0.078839	0.027301	0.003532
719.673830	0.079256	0.031621	0.003305
720.293315	0.078012	0.019306	0.007101
720.842112	0.079076	0.025335	0.005517
721.453503	0.077511	0.025196	0.004028
722.033416	0.079145	0.025729	0.005866
722.640584	0.078958	0.024086	0.005781
723.270826	0.078825	0.026643	0.008825
723.859470	0.077477	0.026763	0.004432
724.447448	0.079333	0.021362	0.003828
725.050671	0.078491	0.022390	0.006136
725.653975	0.079641	0.018045	0.004349
726.254556	0.079078	0.013827	0.003812
726.805593	0.078722	0.015966	0.006192
727.405167	0.078571	0.017059	0.006314
728.039025	0.080830	0.014306	0.004024
728.617182	0.079753	0.015825	0.005643
729.224897	0.077297	0.017811	0.005316
729.786461	0.078170	0.017157	0.004206
730.422395	0.079705	0.022675	0.003840
731.035841	0.077322	0.014992	0.003498
731.658485	0.078455	0.014356	0.004619
732.269585	0.077340	0.021647	0.005521
732.820645	0.080613	0.013149	0.008728
733.418369	0.078171	0.007241	0.006693
734.026525	0.080345	0.025089	0.006767
734.660460	0.077860	0.013529	0.004739
735.234318	0.079062	0.011465	0.006598
735.809345	0.079615	0.008682	0.003893
736.409508	0.078370	0.009515	0.005117
737.043260	0.077588	0.009739	0.010228
737.639049	0.080121	0.011684	0.005415
738.215895	0.080263	0.017376	0.009487
738.800782	0.077865	0.010515	0.006613
739.402445	0.079651	0.008473	0.004156
740.008834	0.078327	0.003698	0.004604
740.566272	0.077243	0.007885	0.003562
741.109667	0.078084	0.019119	0.008562
741.700308	0.078360	0.016311	0.007815
742.305252	0.079696	0.008045	0.012609
742.903398	0.077624	0.010555	0.006949
743.496732	0.077896	0.012794	0.007503
744.075398	0.079802	0.005945	0.004139
744.720330	0.080908	0.001235	0.005743
745.310703	0.079311	0.003971	0.004853
745.891843	0.079563	0.003316	0.007136
746.441876	0.078720	0.011578	0.008788
747.039455	0.079439	0.012599	0.009256
747.634331	0.081161	0.007964	0.006075
748.262020	0.079109	0.001959	0.006776
748.904675	0.078216	0.005752	0.004701
749.511039	0.080257	0.016582	0.005913
750.097228	0.078686	0.017310	0.008391
750.692310	0.079688	0.005553	0.012656
751.294205	0.077706	0.019244	0.005656
751.864034	0.078873	0.039675	0.006787
752.453795	0.078772	0.022229	0.007068
753.002275	0.078890	0.029510	0.010629
753.564781	0.077694	0.025858	0.007666
754.150137	0.076721	0.038770	0.008204
754.723932	0.079265	0.031053	0.006065
755.338160	0.078595	0.035507	0.009768
755.936012	0.076980	0.044711	0.004651
756.520228	0.079219	0.013909	0.008568
757.084621	0.077820	0.027809	0.007484
757.686667	0.078740	0.019606	0.005187
758.299454	0.078754	0.013485	0.007000
758.895150	0.078891	0.015402	0.005177
759.534622	0.077666	0.001661	0.004849
760.128760	0.079050	0.003864	0.006272
760.739378	0.079117	0.012110	0.006214
761.360503	0.079717	0.010369	0.005669
761.960024	0.078752	0.007017	0.008494
762.540249	0.080763	0.001252	0.011471
763.112798	0.079055	0.008780	0.004998
763.673377	0.078383	0.002813	0.009692
764.286995	0.076924	0.009033	0.008057
764.920725	0.079678	0.009215	0.012313
765.487469	0.080605	-0.005985	0.003931
766.124495	0.078841	0.011342	0.006243
766.729146	0.080283	0.005117	0.005245
767.311935	0.080544	0.006161	0.004935
767.925700	0.077633	0.017270	0.004303
768.476260	0.077898	0.005368	0.009548
769.059075	0.077209	0.029426	0.004731
769.675651	0.078308	0.009951	0.006977
770.275165	0.080127	0.021607	0.005471
770.841372	0.079651	0.013162	0.006915
771.427236	0.078828	0.012079	0.009021
772.058729	0.079294	0.032073	0.005169
772.655592	0.078894	0.011422	0.008976
773.280525	0.078636	0.018397	0.005671
773.856338	0.078660	0.011568	0.004750
774.453726	0.077428	0.012371	0.009901
775.061105	0.079033	0.019802	0.006329
775.697302	0.079377	0.022991	0.005322
776.254446	0.080031	0.021565	0.006646
776.850002	0.079586	0.016051	0.009081
777.459074	0.079770	0.026016	0.006767
778.060102	0.079884	0.032879	0.005533
778.682498	0.078515	0.028310	0.005780
779.259172	0.075821	0.025479	0.005091
779.914873	0.078136	0.033615	0.007588
780.519207	0.079265	0.038392	0.006509
781.135885	0.079677	0.022573	0.006542
781.691439	0.078943	0.032437	0.008183
782.292216	0.078291	0.033751	0.008844
782.898420	0.078566	0.022349	0.004839
783.471959	0.079312	0.030809	0.006653
784.017615	0.078436	0.042880	0.007589
784.578152	0.078558	0.032521	0.007203
785.159739	0.079926	0.035772	0.010099
785.759092	0.080059	0.025154	0.006934
786.364056	0.079172	0.038200	0.004549
786.935691	0.078916	0.052722	0.005328
787.492299	0.078630	0.044554	0.004542
788.101064	0.078734	0.058746	0.007478
788.685128	0.078152	0.055265	0.005114
789.301124	0.078449	0.050369	0.009423
789.875408	0.080057	0.057568	0.004677
790.449160	0.078755	0.061525	0.005496
791.054952	0.078771	0.077340	0.006495
791.665145	0.079811	0.051118	0.010288
792.268440	0.078022	0.077506	0.004012
792.838575	0.077505	0.060419	0.010563
793.417763	0.079303	0.075126	0.005550
794.036609	0.077245	0.072025	0.005945
794.658897	0.079171	0.084557	0.008385
795.222454	0.078865	0.096546	0.006748
795.816527	0.079123	0.106534	0.008610
796.399607	0.079469	0.098641	0.003406
797.000529	0.078813	0.110936	0.008519
797.596802	0.078247	0.132079	0.006076
798.179506	0.079929	0.142170	0.006047
798.854846	0.079725	0.159914	0.006376
799.475717	0.077873	0.166745	0.007790
800.127918	0.080103	0.182727	0.007984
