800.449526	0.078318	-0.002040	0.003078
801.122673	0.078814	-2.192229E-5	0.002824
801.744249	0.078500	0.002763	0.002703
802.390065	0.079039	0.000729	0.003306
802.980723	0.078712	0.003601	0.002669
803.619080	0.079009	0.001212	0.003395
804.250251	0.079428	0.000999	0.003094
804.906801	0.079330	0.003599	0.002778
805.537173	0.079735	0.003428	0.002790
806.101146	0.078593	0.002100	0.002954
806.670553	0.078620	0.000984	0.003071
807.285793	0.078600	-0.001102	0.003690
807.943383	0.079925	0.003242	0.002937
808.515553	0.079802	0.003775	0.002918
809.065438	0.080075	0.001559	0.002905
809.634454	0.079359	0.005779	0.002887
810.198404	0.079427	0.005389	0.002855
810.778264	0.079504	0.000558	0.002540
811.323474	0.078650	0.006330	0.003006
811.837069	0.079272	0.005659	0.002782
812.419948	0.078332	0.005476	0.002643
812.976867	0.080063	0.003579	0.003012
813.549511	0.079877	0.002684	0.002813
814.133960	0.080302	0.004580	0.002642
814.706502	0.079269	0.006152	0.002562
815.293769	0.077986	0.004480	0.003292
815.867781	0.079369	0.007281	0.003379
816.417379	0.079817	0.004041	0.003013
817.028350	0.078187	0.005794	0.003158
817.647843	0.078558	0.007507	0.002749
818.228504	0.079138	0.006745	0.003282
818.791829	0.080027	0.006303	0.002771
819.402480	0.077325	0.008562	0.002447
820.022182	0.078944	0.006169	0.002756
820.612830	0.078680	0.008387	0.002569
821.206184	0.078546	0.006055	0.003184
821.840315	0.079806	0.005913	0.002856
822.420564	0.073266	0.011911	0.003010
822.968050	0.080067	0.008608	0.002609
823.588235	0.078137	0.007556	0.002975
824.169595	0.079096	0.009605	0.002788
824.799164	0.078068	0.009786	0.002703
825.360336	0.077691	0.005195	0.003658
825.984535	0.079436	0.010865	0.002862
826.557026	0.078494	0.008309	0.002919
827.191565	0.078425	0.011354	0.002765
827.839933	0.079159	0.012102	0.003054
828.468516	0.078130	0.013127	0.002612
829.027355	0.077779	0.013012	0.002749
829.590738	0.079343	0.009650	0.002585
830.164449	0.078867	0.009265	0.002693
830.761695	0.078946	0.006851	0.003219
831.354260	0.079543	0.012689	0.002556
831.947805	0.078243	0.010934	0.003003
832.533590	0.078525	0.010823	0.002985
833.162033	0.079998	0.010412	0.002721
833.713889	0.078831	0.011829	0.002439
834.291560	0.078796	0.011110	0.003099
834.885127	0.078030	0.013618	0.003603
835.462556	0.078994	0.014550	0.002552
836.085925	0.080053	0.012551	0.002667
836.708365	0.079946	0.014714	0.003107
837.298311	0.077366	0.013230	0.002783
837.884922	0.079884	0.016857	0.003218
838.504254	0.078344	0.018205	0.002743
839.117081	0.080161	0.016256	0.002940
839.683318	0.079112	0.014515	0.002755
840.236415	0.077959	0.017732	0.002571
840.829282	0.079167	0.017885	0.002739
841.444475	0.078475	0.018443	0.002707
842.047276	0.078961	0.016277	0.002593
842.638709	0.078995	0.015398	0.002810
843.260162	0.078310	0.016239	0.002801
843.841032	0.078084	0.013362	0.002858
844.459063	0.079200	0.015380	0.003340
845.026882	0.078564	0.015427	0.003556
845.629939	0.078870	0.015433	0.002566
846.228329	0.078017	0.013109	0.002933
846.833968	0.079420	0.014440	0.002718
847.436406	0.078650	0.012652	0.002742
848.000217	0.078116	0.007318	0.003268
848.596927	0.076880	0.003823	0.002740
849.215923	0.077444	-0.000680	0.002727
849.822873	0.080275	-0.003859	0.002896
850.444218	0.078974	-0.006124	0.002980
851.011108	0.077847	0.002075	0.002695
851.577350	0.079281	0.011789	0.002578
852.177500	0.079380	0.025223	0.003262
852.795260	0.078920	0.040581	0.003178
853.376252	0.077255	0.066382	0.002858
854.004621	0.079821	0.088509	0.002994
854.651937	0.079526	0.106269	0.002968
855.240457	0.079568	0.120476	0.003910
855.823141	0.078501	0.126869	0.002928
856.439186	0.077593	0.131361	0.002721
857.035339	0.080108	0.130896	0.002899
857.628271	0.077459	0.131339	0.002887
858.221341	0.078882	0.131283	0.002747
858.771612	0.077295	0.123969	0.002816
859.382719	0.079382	0.120411	0.002731
859.975099	0.078924	0.116709	0.002799
860.596985	0.079037	0.110240	0.002998
861.198660	0.078693	0.106163	0.002476
861.763695	0.078760	0.100443	0.003414
862.353021	0.079928	0.090978	0.003352
862.963995	0.078727	0.086557	0.003063
863.528858	0.078527	0.077875	0.002812
864.088714	0.079324	0.072503	0.002636
864.674782	0.077414	0.068307	0.002951
865.298854	0.078156	0.063245	0.003865
865.874912	0.078710	0.057083	0.002900
866.461831	0.077828	0.057175	0.002854
867.105996	0.079434	0.057023	0.002728
867.720690	0.079666	0.055286	0.002864
868.273136	0.078520	0.060502	0.002976
868.838131	0.080180	0.066431	0.002806
869.471529	0.079873	0.070629	0.002616
870.044092	0.079319	0.078010	0.003051
870.653759	0.078575	0.085004	0.002765
871.231959	0.078510	0.094401	0.002522
871.786895	0.078151	0.101408	0.003533
872.387314	0.078241	0.105900	0.002583
873.011469	0.076036	0.106438	0.004742
873.616314	0.079297	0.103874	0.003163
874.221555	0.079071	0.090854	0.003047
874.788472	0.078818	0.081408	0.003472
875.356494	0.080154	0.069496	0.003331
875.970655	0.079009	0.051146	0.003809
876.515853	0.078250	0.038831	0.002763
877.085038	0.078008	0.028823	0.003022
877.671468	0.079261	0.027472	0.003487
878.279127	0.077088	0.023479	0.002961
878.894638	0.078835	0.031069	0.002601
879.465791	0.079973	0.035733	0.002732
880.090160	0.078517	0.046260	0.002887
880.699728	0.079435	0.056128	0.002928
881.300632	0.077911	0.060545	0.002585
881.918892	0.077920	0.067285	0.002996
882.520740	0.078157	0.068616	0.002701
883.117411	0.076547	0.067002	0.002828
883.724256	0.078885	0.066160	0.002699
884.333709	0.078596	0.061873	0.002799
884.904596	0.078325	0.059736	0.003349
885.489557	0.078459	0.058187	0.002724
886.096464	0.077511	0.056021	0.002786
886.686529	0.077608	0.053014	0.003105
887.329461	0.077647	0.051069	0.002883
887.906362	0.078589	0.052698	0.002877
888.533652	0.078344	0.049234	0.003262
889.138672	0.082274	0.044532	0.003046
889.761007	0.079651	0.042606	0.003206
890.319470	0.079395	0.036257	0.002904
890.892216	0.077152	0.030612	0.002995
891.505408	0.078241	0.025526	0.002567
892.090526	0.079535	0.017185	0.002791
892.657963	0.077807	0.011692	0.002731
893.250323	0.078220	0.003587	0.002538
893.851623	0.078993	0.004803	0.003001
894.473911	0.077721	0.003200	0.002724
895.090598	0.078346	0.009214	0.003419
895.680056	0.077700	0.011858	0.003380
896.269582	0.080832	0.020022	0.002615
896.856166	0.081480	0.027956	0.002774
897.471997	0.079447	0.039699	0.002676
898.067082	0.080007	0.050298	0.002974
898.624342	0.080262	0.056634	0.002771
899.230566	0.079900	0.063467	0.003529
899.846028	0.079460	0.065097	0.002863
900.488433	0.077866	0.065519	0.003242
901.072298	0.077445	0.059910	0.003303
901.637543	0.079382	0.051565	0.003009
902.220150	0.078833	0.047762	0.002667
902.828548	0.079918	0.039462	0.002739
903.401806	0.079070	0.031908	0.002765
904.008259	0.079204	0.029147	0.003011
904.587284	0.079829	0.025776	0.003667
905.236970	0.080917	0.028852	0.002672
905.831000	0.079652	0.035500	0.003055
906.425324	0.078605	0.039755	0.003506
907.068725	0.079130	0.045972	0.002838
907.672606	0.079306	0.048849	0.003042
908.297619	0.078338	0.052390	0.002965
908.901213	0.078580	0.052816	0.002986
909.477180	0.079003	0.059752	0.003031
910.065662	0.080423	0.059837	0.002828
910.623259	0.077997	0.059146	0.002896
911.229169	0.078991	0.052737	0.002967
911.794529	0.078356	0.052104	0.002656
912.404408	0.078410	0.050358	0.003345
912.994352	0.078041	0.043370	0.002856
913.597538	0.080415	0.044958	0.002656
914.233853	0.080183	0.044245	0.003588
914.805613	0.078294	0.038468	0.002551
915.389611	0.079841	0.036889	0.002782
915.954112	0.079762	0.035981	0.003187
916.540726	0.078246	0.032122	0.002475
917.113177	0.080612	0.034439	0.003157
917.690909	0.079352	0.029354	0.002613
918.301038	0.080148	0.027904	0.003173
918.902255	0.079509	0.028265	0.003002
919.527728	0.070504	0.023879	0.003115
920.058966	0.078269	0.023182	0.002693
920.668797	0.078210	0.017931	0.002956
921.245720	0.078549	0.017819	0.003634
921.874124	0.078942	0.017197	0.003236
922.442688	0.076645	0.019736	0.002666
923.059652	0.077177	0.011635	0.003124
923.645463	0.078001	0.012317	0.002765
924.305153	0.080233	0.007214	0.002604
924.960786	0.079000	0.012057	0.003731
925.524216	0.077034	0.007386	0.002597
926.145199	0.077256	0.005747	0.003387
926.748053	0.075863	0.006105	0.003200
927.347052	0.079645	0.003601	0.003036
927.960163	0.076626	0.007329	0.003675
928.520401	0.078704	0.004674	0.002968
929.131759	0.079602	0.003302	0.002932
929.696623	0.078534	0.002954	0.003469
930.332163	0.081690	0.004047	0.003962
930.907329	0.079674	0.004020	0.002858
931.540538	0.079219	0.008379	0.004341
932.167628	0.078940	0.013912	0.003052
932.763576	0.078801	0.021744	0.003003
933.347205	0.079586	0.026588	0.003275
933.910678	0.078815	0.027776	0.003023
934.492112	0.080811	0.034149	0.002851
935.065704	0.080790	0.045907	0.004079
935.638267	0.078290	0.048288	0.002949
936.248091	0.080634	0.052348	0.002842
936.862703	0.081981	0.052892	0.002764
937.500601	0.078484	0.048992	0.003025
938.094365	0.078155	0.045292	0.002869
938.684155	0.078506	0.044593	0.003409
939.274692	0.081337	0.040162	0.003006
939.905054	0.078456	0.034069	0.003411
940.537476	0.081806	0.025580	0.002886
941.097632	0.073815	0.022272	0.003835
941.682491	0.077484	0.017499	0.003468
942.290726	0.079588	0.015415	0.003301
942.908426	0.078886	0.010856	0.002753
943.482960	0.078183	0.011615	0.003210
944.117005	0.078268	0.010835	0.003799
944.739315	0.078087	0.008018	0.003463
945.332880	0.078030	0.018344	0.003468
945.974945	0.077939	0.013922	0.002826
946.545363	0.078675	0.022541	0.003310
947.161850	0.077604	0.027633	0.002837
947.821133	0.079852	0.038229	0.003360
948.396196	0.077778	0.046808	0.003651
948.975906	0.079524	0.058841	0.002757
949.546966	0.079026	0.060090	0.004230
950.148749	0.078829	0.081687	0.002997
950.760310	0.080780	0.089080	0.003392
951.341604	0.078629	0.097509	0.003610
951.878671	0.077213	0.097987	0.004803
952.458692	0.077882	0.103855	0.003387
953.066380	0.077454	0.097310	0.003787
953.684443	0.078146	0.077105	0.002910
954.244030	0.078423	0.055786	0.003062
954.856022	0.080040	0.021110	0.003594
955.478428	0.079849	-0.006606	0.004251
956.088575	0.079326	-0.042271	0.006352
956.699812	0.078874	-0.076007	0.005427
957.244759	0.078693	-0.097575	0.005446
957.861740	0.077668	-0.119806	0.002656
958.453364	0.079429	-0.130760	0.005195
959.030694	0.079161	-0.131048	0.003115
959.611948	0.079934	-0.128320	0.003993
960.170031	0.076526	-0.116704	0.007237
960.793520	0.078104	-0.098171	0.003074
961.406634	0.083092	-0.069871	0.005497
962.000283	0.080055	-0.050138	0.004867
962.543530	0.076617	-0.027017	0.003603
963.164652	0.079989	-0.002249	0.003802
963.749075	0.077482	0.018335	0.003134
964.363668	0.079588	0.025663	0.003327
964.975967	0.074511	0.033262	0.005195
964.568565	0.082575	0.029565	0.003127
963.963438	0.079395	0.019068	0.002618
963.363911	0.082454	0.006718	0.002930
962.772909	0.075798	-0.006820	0.004055
962.210378	0.078606	-0.030911	0.003376
961.612808	0.078656	-0.051931	0.005058
961.048247	0.078121	-0.080179	0.004028
960.442628	0.078714	-0.099152	0.004177
959.822659	0.081192	-0.117687	0.002879
959.213829	0.080550	-0.128784	0.003897
958.645080	0.078382	-0.131632	0.002844
958.042874	0.075884	-0.124844	0.002872
957.401466	0.078275	-0.110405	0.005556
956.820139	0.076949	-0.094942	0.003910
956.251586	0.077895	-0.064390	0.003978
955.679376	0.076639	-0.032709	0.004325
955.079280	0.080993	0.000621	0.002738
954.451131	0.077622	0.035157	0.002627
953.851098	0.077997	0.063506	0.004801
953.220656	0.077954	0.082241	0.003385
952.604108	0.078567	0.096148	0.005571
951.995689	0.079398	0.103579	0.002760
951.348623	0.077522	0.098537	0.002866
950.758064	0.080836	0.086801	0.002623
950.133121	0.078275	0.079857	0.004236
949.511164	0.077319	0.067420	0.003777
948.892730	0.079229	0.056051	0.003782
948.251752	0.080433	0.050461	0.004003
947.689573	0.079846	0.041173	0.004740
947.103214	0.078255	0.031866	0.003050
946.498063	0.077814	0.024855	0.002564
945.849045	0.078282	0.020733	0.003050
945.290170	0.078125	0.017545	0.003034
944.713112	0.080495	0.012319	0.002677
944.041941	0.079017	0.011576	0.003036
943.413422	0.079626	0.009405	0.004004
942.829027	0.075691	0.008195	0.003207
942.278099	0.080309	0.011955	0.003131
941.667191	0.076571	0.017962	0.002855
941.043315	0.081224	0.022328	0.003629
940.433741	0.077632	0.026570	0.003289
939.877723	0.077610	0.032356	0.003203
939.288115	0.078822	0.035928	0.003497
938.655084	0.077049	0.042068	0.002679
938.084488	0.081656	0.046050	0.002831
937.502358	0.079386	0.055443	0.003157
936.935501	0.078772	0.053373	0.003091
936.342472	0.076246	0.052681	0.004082
935.719422	0.078857	0.053034	0.002855
935.166334	0.078010	0.046880	0.003088
934.612564	0.079800	0.042015	0.003359
934.048155	0.079220	0.033486	0.002896
933.446669	0.078027	0.029440	0.004034
932.825820	0.079685	0.022251	0.003468
932.198248	0.078819	0.014095	0.002862
931.632343	0.078882	0.010082	0.003442
931.024780	0.077440	0.011336	0.003065
930.422683	0.080095	0.006933	0.003140
929.784824	0.075529	0.004340	0.003465
929.182382	0.076936	0.004151	0.002496
928.541848	0.080470	0.003896	0.002832
927.905768	0.078571	0.004729	0.003487
927.316070	0.078037	0.005551	0.002522
926.740894	0.078143	0.004834	0.003356
926.191800	0.076744	0.005280	0.002744
925.583171	0.077839	0.007970	0.002636
924.946413	0.079171	0.009545	0.003131
924.352903	0.078494	0.008554	0.002744
923.700752	0.077159	0.011665	0.002908
923.148418	0.078058	0.011820	0.002987
922.545484	0.076701	0.014781	0.002817
921.970172	0.079217	0.014503	0.003471
921.350194	0.079206	0.016761	0.002974
920.807630	0.077110	0.019196	0.003595
920.207909	0.080558	0.020807	0.003226
919.594216	0.069386	0.025880	0.003746
919.034347	0.079199	0.024359	0.002745
918.433965	0.078721	0.028055	0.002921
917.856693	0.079371	0.028468	0.003075
917.242556	0.077507	0.033118	0.003043
916.658114	0.079858	0.032265	0.002677
916.000679	0.075025	0.034470	0.002777
915.413253	0.079504	0.034956	0.004306
914.826023	0.077919	0.036643	0.003217
914.198604	0.079168	0.039669	0.002969
913.579059	0.080046	0.042278	0.003174
912.999195	0.080586	0.045701	0.003180
912.436058	0.079280	0.045707	0.003252
911.816779	0.079074	0.051156	0.002995
911.219634	0.078376	0.052708	0.003100
910.603188	0.078610	0.054565	0.003218
910.049565	0.078264	0.056484	0.002700
909.450746	0.081272	0.059766	0.002603
908.808856	0.078091	0.054870	0.002573
908.197754	0.079362	0.054158	0.002766
907.565123	0.079304	0.049037	0.002935
906.979109	0.078985	0.046030	0.003024
906.396265	0.076737	0.040582	0.002580
905.842158	0.077397	0.036221	0.002870
905.240895	0.078286	0.030205	0.002803
904.625030	0.078652	0.026781	0.002862
904.047801	0.079152	0.028532	0.002768
903.474027	0.079955	0.032025	0.002960
902.923802	0.079288	0.032839	0.003093
902.332312	0.078398	0.042599	0.002749
901.783521	0.079722	0.049861	0.002774
901.167365	0.080208	0.058384	0.003162
900.547713	0.079004	0.063737	0.002587
899.951730	0.080093	0.065370	0.002759
899.291444	0.078036	0.066836	0.002714
898.713370	0.079675	0.060461	0.002678
898.123642	0.075328	0.056527	0.003251
897.527901	0.080339	0.044165	0.002836
896.916541	0.078999	0.035780	0.003028
896.337166	0.078721	0.022893	0.003824
895.674189	0.077448	0.015306	0.002695
895.035787	0.078855	0.008644	0.003625
894.377449	0.081307	0.006393	0.002938
893.749221	0.079488	0.005050	0.003016
893.170006	0.080359	0.005770	0.002973
892.618783	0.079862	0.007585	0.002774
891.994695	0.080190	0.016352	0.003121
891.401255	0.079187	0.021017	0.002687
890.815395	0.077758	0.029854	0.003459
890.184144	0.079769	0.034945	0.003662
889.573178	0.078131	0.043091	0.002686
888.983744	0.080149	0.045634	0.003303
888.390398	0.078944	0.050362	0.003679
887.799748	0.080317	0.053186	0.002641
887.176625	0.084823	0.055257	0.002957
886.545579	0.079654	0.057099	0.003093
885.931419	0.079671	0.056744	0.002550
885.334246	0.078768	0.057986	0.002704
884.737730	0.077499	0.062466	0.002356
884.109639	0.078463	0.062405	0.003048
883.464992	0.079356	0.065340	0.002828
882.879312	0.077898	0.069137	0.002534
882.317313	0.079019	0.071099	0.002678
881.699731	0.079738	0.065996	0.002720
881.076313	0.080675	0.061214	0.002776
880.517300	0.077211	0.054812	0.002725
879.947965	0.077324	0.046415	0.003091
879.401715	0.078357	0.036496	0.003248
878.800424	0.078440	0.028774	0.003198
878.224635	0.077499	0.023531	0.002618
877.640138	0.080638	0.024784	0.002588
877.033440	0.080112	0.027982	0.002930
876.434062	0.074348	0.035851	0.003386
875.837236	0.079771	0.050803	0.002905
875.237966	0.078366	0.067681	0.002816
874.572698	0.079737	0.082402	0.002845
873.940972	0.078352	0.095714	0.003144
873.367790	0.078291	0.103410	0.003043
872.775038	0.078752	0.106683	0.002976
872.156060	0.077339	0.106258	0.003076
871.553452	0.077858	0.102598	0.002938
870.922028	0.078616	0.092693	0.004582
870.307461	0.077792	0.086071	0.002710
869.709452	0.075795	0.077232	0.003025
869.110740	0.079174	0.069905	0.002969
868.545079	0.079943	0.064459	0.002633
867.920387	0.077465	0.058375	0.003030
867.342254	0.078478	0.057642	0.002486
866.717647	0.079204	0.057573	0.003049
866.060626	0.080392	0.055975	0.002842
865.483247	0.078768	0.060571	0.002721
864.920865	0.079011	0.063786	0.002822
864.273920	0.077922	0.068189	0.002688
863.671904	0.079819	0.075066	0.002820
863.107233	0.078980	0.085593	0.002943
862.502703	0.078355	0.089963	0.002955
861.898896	0.078263	0.093551	0.002666
861.288273	0.079009	0.104227	0.002748
860.742377	0.077750	0.110146	0.003150
860.185501	0.079022	0.114275	0.002766
859.563801	0.078420	0.120939	0.002881
858.930797	0.078962	0.124205	0.002757
858.364278	0.079747	0.130487	0.002754
857.774304	0.079005	0.130613	0.003696
857.184332	0.078461	0.133725	0.002660
856.577535	0.078929	0.133866	0.002761
855.990345	0.078155	0.129845	0.004539
855.420853	0.078318	0.126542	0.003434
854.862507	0.074708	0.118300	0.003193
854.296772	0.078605	0.105965	0.003422
853.712712	0.079764	0.084619	0.004260
853.097328	0.078416	0.063442	0.004454
852.489454	0.079556	0.041554	0.003074
851.868080	0.079226	0.024594	0.003189
851.263537	0.079358	0.009909	0.002541
850.673861	0.079430	-0.000396	0.002819
850.068256	0.076878	-0.004042	0.003029
849.503793	0.078646	-0.003737	0.002805
848.878186	0.080763	-0.001019	0.002786
848.247143	0.078136	0.004784	0.002962
847.605208	0.078741	0.008340	0.002512
847.009312	0.078199	0.014176	0.002667
846.430214	0.078477	0.015546	0.002858
845.815109	0.077504	0.015505	0.002871
845.217416	0.078082	0.013432	0.002724
844.619282	0.078326	0.013146	0.002877
844.054128	0.080003	0.011294	0.002798
843.494387	0.077979	0.011908	0.002730
842.905157	0.080196	0.014276	0.003229
842.269474	0.078358	0.017980	0.002733
841.659318	0.079721	0.016035	0.002559
841.075541	0.078932	0.019199	0.002807
840.501069	0.080684	0.019933	0.002770
839.916109	0.076612	0.019045	0.002698
839.331990	0.077020	0.019638	0.002799
838.747730	0.079658	0.015600	0.002597
838.103129	0.079607	0.018319	0.002722
837.500440	0.078309	0.017523	0.002586
836.897660	0.079447	0.015062	0.002765
836.261180	0.076922	0.016453	0.002936
835.682110	0.078012	0.011778	0.002737
835.051514	0.080112	0.012634	0.003434
834.474555	0.078667	0.014291	0.002763
833.855553	0.080075	0.012379	0.002520
833.259133	0.079535	0.011537	0.002679
832.642175	0.079145	0.010808	0.002695
831.998836	0.080067	0.015661	0.002815
831.355168	0.079821	0.010391	0.002995
830.721398	0.079748	0.010359	0.002670
830.160239	0.078819	0.011527	0.002905
829.558264	0.079106	0.011575	0.002557
828.947014	0.079104	0.013318	0.002950
828.330796	0.078546	0.008994	0.003006
827.762681	0.079254	0.009756	0.002779
827.162340	0.078885	0.010088	0.003198
826.548932	0.078446	0.007512	0.002668
825.932935	0.078600	0.010046	0.002971
825.337730	0.080226	0.010923	0.003382
824.770524	0.078286	0.009690	0.002932
824.141531	0.078225	0.006628	0.003222
823.487974	0.078631	0.009558	0.002811
822.925498	0.079384	0.009739	0.003110
822.337323	0.075518	0.009126	0.002878
821.719000	0.078645	0.006382	0.002723
821.132180	0.078119	0.004548	0.002734
820.511239	0.078980	0.008704	0.002668
819.875703	0.079151	0.007764	0.002830
819.297229	0.078530	0.006554	0.002978
818.686519	0.079094	0.011036	0.003732
818.075441	0.078988	0.007129	0.002824
817.494608	0.079633	0.007211	0.002592
816.893941	0.079265	0.009889	0.002988
816.328843	0.078497	0.006069	0.003102
815.743998	0.078407	0.008512	0.003253
815.140195	0.079468	0.005570	0.002895
814.526737	0.079165	0.003779	0.002681
813.966317	0.077622	0.007379	0.002966
813.380201	0.079041	0.003837	0.002823
812.757772	0.078943	0.005429	0.002728
812.184936	0.080151	0.007384	0.003273
811.642267	0.066801	0.004329	0.003203
811.126447	0.078316	0.004001	0.003227
810.553914	0.080259	0.003305	0.002571
809.985818	0.079312	0.003278	0.003292
809.403228	0.078576	0.001878	0.002882
808.834637	0.079913	0.001558	0.003246
808.225555	0.076671	0.002760	0.002957
807.639892	0.077940	0.003203	0.003225
807.044952	0.077416	0.001364	0.003726
806.449935	0.077776	0.000293	0.003040
805.888584	0.077882	0.002578	0.002749
805.256738	0.078113	0.003521	0.002557
804.669411	0.079206	0.001559	0.004868
804.044148	0.078746	-0.001544	0.002897
803.413859	0.079419	0.000751	0.003201
802.818715	0.079825	0.000693	0.003065
802.166433	0.077942	0.004276	0.003497
801.573801	0.078280	0.000354	0.003067
800.970471	0.078419	0.001198	0.004410
800.369539	0.078436	0.002607	0.002751
799.740793	0.079483	-0.000217	0.002760
799.126501	0.079246	-0.000402	0.003526
798.560473	0.079444	0.000609	0.003034
797.979844	0.079954	-0.001894	0.003727
797.364362	0.078319	-0.000372	0.003175
796.780296	0.076515	-0.001681	0.003088
796.190897	0.078708	-0.002084	0.002699
795.564865	0.078925	0.000210	0.002682
794.967668	0.077583	-0.003488	0.002704
794.345997	0.079107	-0.003711	0.002787
793.774614	0.079997	-0.003370	0.002826
793.148273	0.080335	-0.003614	0.002880
792.533068	0.080317	-0.003486	0.002911
791.958833	0.079866	-0.006106	0.003029
791.304308	0.078617	-0.000451	0.002804
790.718762	0.080280	-0.001965	0.002933
790.139825	0.079008	-0.006488	0.002758
789.594231	0.078924	-0.001686	0.003789
789.015683	0.079083	-0.005356	0.004266
788.388467	0.077690	-0.005657	0.002549
787.750151	0.080356	-0.008597	0.002823
787.160640	0.078300	-0.006964	0.003502
786.598862	0.076475	-0.010136	0.002740
786.007906	0.077360	-0.012237	0.003390
785.408936	0.078072	-0.007129	0.003110
784.820224	0.078747	-0.010214	0.002861
784.234360	0.079787	-0.005578	0.003177
783.661921	0.080601	-0.008536	0.003925
783.020808	0.080659	-0.008751	0.003719
782.393731	0.079509	-0.007467	0.003023
781.759600	0.079250	-0.007496	0.002764
781.193394	0.079621	-0.011660	0.002927
780.595063	0.079075	-0.008031	0.002875
779.978978	0.078795	-0.010984	0.004476
779.350141	0.078597	-0.008901	0.002732
778.761232	0.080072	-0.010459	0.002918
778.203417	0.078815	-0.012121	0.004122
777.607583	0.078654	-0.009026	0.003342
777.002896	0.080088	-0.014150	0.002851
776.392964	0.078020	-0.012217	0.003154
775.800738	0.075996	-0.014146	0.003195
775.160433	0.076779	-0.010889	0.004603
774.569329	0.078430	-0.012189	0.003217
773.963382	0.079089	-0.016041	0.003011
773.375100	0.079008	-0.011755	0.003379
772.812610	0.079254	-0.013891	0.003204
772.216814	0.079680	-0.015400	0.004038
771.617843	0.078835	-0.013203	0.003781
771.059414	0.079204	-0.014892	0.002971
770.515401	0.078568	-0.011172	0.003321
769.954110	0.079492	-0.016341	0.003517
769.373118	0.078194	-0.014369	0.002791
768.753370	0.080110	-0.013342	0.003323
768.129899	0.078105	-0.015183	0.002687
767.556827	0.079133	-0.014953	0.003889
766.923661	0.079288	-0.015651	0.002748
766.319487	0.079437	-0.017477	0.003241
765.727101	0.079062	-0.019710	0.003281
765.107676	0.078423	-0.016425	0.002958
764.528686	0.078806	-0.020346	0.003902
763.953020	0.079082	-0.020459	0.003545
763.350328	0.079019	-0.019647	0.004921
762.713041	0.078170	-0.025297	0.003896
762.126601	0.078515	-0.021432	0.003332
761.534695	0.080395	-0.018384	0.002841
760.930136	0.077999	-0.018146	0.002863
760.310435	0.079170	-0.016082	0.002837
759.704152	0.079304	-0.025459	0.003077
759.115982	0.079876	-0.021011	0.002966
758.482362	0.080289	-0.018382	0.003677
757.900279	0.078139	-0.024477	0.005211
757.286744	0.077631	-0.023882	0.003306
756.736260	0.078450	-0.025060	0.003415
756.165364	0.079272	-0.025814	0.003291
755.585832	0.078356	-0.021766	0.002909
755.001005	0.079214	-0.020528	0.003456
754.415721	0.078729	-0.027493	0.003375
753.809817	0.079146	-0.024685	0.003735
753.248309	0.078692	-0.017977	0.004215
752.646223	0.079707	-0.016436	0.005262
752.018092	0.078845	-0.021345	0.004739
751.430331	0.078631	-0.020440	0.004810
750.865531	0.078083	-0.020290	0.003890
750.283071	0.078831	-0.016628	0.003379
749.691085	0.078638	-0.020175	0.002953
749.060264	0.078017	-0.015472	0.004376
748.474138	0.078725	-0.017236	0.002919
747.828470	0.078710	-0.016918	0.003638
747.202423	0.075943	-0.016713	0.003498
746.642515	0.077522	-0.014182	0.004041
746.095219	0.079156	-0.019640	0.006240
745.483165	0.078007	-0.019896	0.002967
744.880151	0.080223	-0.031055	0.005754
744.266376	0.078956	-0.037513	0.007375
743.679802	0.078901	-0.046967	0.005422
743.122933	0.078639	-0.056919	0.003418
742.546285	0.080017	-0.067143	0.003488
741.946103	0.077253	-0.075979	0.004361
741.357644	0.078798	-0.090041	0.003020
740.785344	0.078299	-0.098790	0.004660
740.214947	0.079624	-0.114795	0.003165
739.638639	0.080154	-0.127152	0.004504
739.004849	0.079683	-0.144073	0.004474
738.399871	0.077152	-0.158066	0.003164
737.803471	0.078749	-0.180701	0.003876
737.169354	0.080548	-0.194612	0.004305
736.561405	0.078858	-0.209865	0.004362
736.006417	0.077653	-0.230822	0.004117
735.462144	0.079770	-0.253902	0.004474
734.889880	0.077481	-0.279499	0.002708
734.287418	0.079258	-0.302373	0.004028
733.673262	0.079554	-0.328820	0.004262
733.081790	0.078114	-0.356605	0.005284
732.527887	0.080205	-0.378806	0.004513
731.933056	0.077524	-0.400645	0.003623
731.311386	0.077196	-0.414049	0.006885
730.729598	0.079653	-0.429712	0.004227
730.172474	0.080503	-0.428916	0.003935
729.573673	0.077677	-0.415271	0.005591
728.988589	0.076426	-0.388200	0.005282
728.368713	0.079598	-0.357785	0.006719
727.782309	0.079080	-0.321869	0.006915
727.223482	0.081888	-0.277121	0.007505
726.646245	0.078190	-0.245702	0.004604
726.041127	0.079037	-0.200912	0.004307
725.416111	0.079433	-0.160679	0.004777
724.837748	0.078125	-0.109343	0.006501
724.274954	0.078084	-0.075486	0.002913
723.691395	0.077677	-0.027227	0.007694
723.052031	0.078142	0.026759	0.003050
722.466462	0.080316	0.069713	0.008922
721.886924	0.075893	0.108397	0.007844
721.270962	0.078407	0.169919	0.010219
720.645912	0.079969	0.225991	0.005953
720.071123	0.077632	0.279704	0.009855
719.431894	0.079234	0.341466	0.007706
718.861355	0.079695	0.400679	0.007452
718.295669	0.079115	0.458034	0.007071
717.705640	0.080848	0.506356	0.009906
717.104997	0.078793	0.572576	0.008629
716.491081	0.078942	0.612596	0.003511
715.891383	0.078649	0.654146	0.009424
715.325757	0.077851	0.668253	0.005393
714.728792	0.079214	0.667192	0.003716
714.096695	0.079416	0.657637	0.003748
713.489607	0.081019	0.643173	0.004008
712.906932	0.078908	0.612302	0.003998
712.326936	0.079518	0.580310	0.009056
711.728208	0.081636	0.555495	0.003062
711.144270	0.079025	0.527265	0.005998
710.552052	0.078855	0.476136	0.010392
709.978566	0.077063	0.460984	0.006033
709.340296	0.078632	0.431570	0.004316
708.733171	0.078504	0.416535	0.005707
708.125832	0.080913	0.388285	0.005852
707.489251	0.081395	0.379924	0.004882
706.899179	0.078658	0.361364	0.004468
706.312371	0.078760	0.339723	0.004369
705.741211	0.078397	0.326514	0.003881
705.131322	0.077099	0.326733	0.006301
704.524427	0.079986	0.312299	0.004522
703.933150	0.078161	0.299813	0.005332
703.361548	0.080821	0.279853	0.003646
702.771912	0.077045	0.274295	0.005622
702.143470	0.078762	0.271870	0.007311
701.536094	0.081743	0.263488	0.005496
700.960956	0.081156	0.261109	0.004537
700.339535	0.078038	0.247987	0.006083
699.723313	0.077088	0.231466	0.004685
699.136509	0.078510	0.231023	0.003559
698.573249	0.078887	0.232097	0.007848
697.947771	0.079941	0.232156	0.004150
697.352835	0.079995	0.233958	0.004769
696.753290	0.077627	0.209432	0.004309
696.180959	0.079038	0.207666	0.008367
695.610604	0.078257	0.206173	0.004292
695.017009	0.077535	0.218197	0.007988
694.420043	0.077333	0.203032	0.007519
693.822718	0.080893	0.202157	0.003526
693.275130	0.079347	0.201007	0.008988
692.696224	0.082541	0.203072	0.006809
692.073713	0.079408	0.189678	0.005353
691.449977	0.077038	0.195222	0.007437
690.851636	0.080636	0.193045	0.006382
690.240293	0.077481	0.189498	0.004580
689.647590	0.082034	0.183187	0.006963
689.050061	0.078728	0.177894	0.004665
688.421748	0.077608	0.193570	0.004541
687.826642	0.079576	0.179294	0.005532
687.181918	0.078627	0.186075	0.006405
686.530509	0.081525	0.180836	0.004212
685.907536	0.077425	0.177931	0.005189
685.276443	0.079165	0.187940	0.009189
684.690378	0.078452	0.179017	0.009397
684.118697	0.079472	0.178220	0.004894
683.507689	0.079211	0.175687	0.012879
682.905802	0.079367	0.155179	0.005358
682.326853	0.080027	0.165809	0.005520
681.741224	0.080161	0.161902	0.006780
681.180777	0.078106	0.159523	0.005002
680.593244	0.077903	0.169955	0.004068
679.999960	0.080854	0.158755	0.005764
679.416622	0.080553	0.167756	0.003751
678.778408	0.077676	0.161294	0.013749
678.209595	0.078521	0.161151	0.013145
677.583709	0.079921	0.165145	0.005915
676.995134	0.080181	0.167327	0.005108
676.396077	0.079961	0.164217	0.007067
675.779104	0.080148	0.149648	0.008522
675.150816	0.077850	0.149461	0.007005
674.571816	0.077037	0.156302	0.008546
674.002013	0.078838	0.164473	0.005464
673.414752	0.078146	0.157308	0.003718
672.799991	0.077746	0.154145	0.004535
672.208305	0.078006	0.157840	0.008425
671.619362	0.079076	0.149110	0.004674
671.017273	0.080175	0.136104	0.011568
670.443320	0.079040	0.140607	0.006165
669.801814	0.076351	0.150599	0.005861
669.207923	0.080343	0.149054	0.007708
668.661570	0.079188	0.141255	0.004476
668.041274	0.079741	0.141495	0.004507
667.419790	0.079629	0.138344	0.011071
666.794255	0.078734	0.132063	0.010032
666.186394	0.076592	0.134231	0.005146
665.616176	0.079493	0.143251	0.007967
665.026498	0.076687	0.146518	0.004059
664.397823	0.079590	0.136279	0.007367
663.789452	0.079454	0.131486	0.008578
663.207147	0.079326	0.136285	0.005988
662.601017	0.078709	0.118928	0.006523
661.988077	0.079035	0.147963	0.006379
661.412022	0.080544	0.127732	0.010011
660.813149	0.080360	0.140805	0.008124
660.261074	0.077237	0.140792	0.004991
659.677875	0.081962	0.122939	0.005546
659.027601	0.079708	0.123956	0.007766
658.432368	0.080243	0.131764	0.006631
657.850278	0.078889	0.117047	0.004624
657.257848	0.078896	0.131013	0.007670
656.645558	0.079735	0.126199	0.010018
656.055050	0.080756	0.142808	0.021093
655.468294	0.079495	0.125587	0.007512
654.873853	0.078789	0.121548	0.014865
654.246255	0.078161	0.114720	0.011102
653.638695	0.076728	0.120477	0.010167
652.993325	0.080006	0.110618	0.009945
652.388517	0.081288	0.117928	0.016921
651.797268	0.079717	0.114481	0.008275
651.184285	0.078344	0.108397	0.003101
650.558482	0.077317	0.109415	0.007205
649.984691	0.080510	0.096895	0.011078
649.443846	0.080201	0.103139	0.003167
648.852272	0.079633	0.108636	0.007459
648.251966	0.080236	0.110981	0.012447
647.667519	0.081648	0.094325	0.005714
647.078089	0.076955	0.121328	0.006476
646.450175	0.078689	0.085189	0.004967
645.828063	0.078344	0.090824	0.009783
645.244357	0.080176	0.084213	0.011462
644.618380	0.079496	0.076156	0.007231
644.043788	0.078364	0.097265	0.006314
643.413801	0.077105	0.086754	0.014922
642.851920	0.080421	0.090286	0.010638
642.237670	0.081148	0.078773	0.005465
641.634164	0.080767	0.077939	0.007689
641.050725	0.079500	0.090366	0.006005
640.477026	0.081956	0.070448	0.005223
639.898651	0.078237	0.085693	0.007244
639.313604	0.078095	0.083881	0.012198
638.760070	0.078887	0.072766	0.004811
638.131961	0.083053	0.082696	0.015385
637.541736	0.079167	0.092513	0.010902
636.928261	0.079443	0.073339	0.010694
636.359774	0.077426	0.092365	0.007281
635.738719	0.077849	0.074324	0.007792
635.155310	0.079759	0.069501	0.012845
635.486761	0.077723	0.079989	0.014828
636.110737	0.080911	0.065904	0.009266
636.681175	0.080653	0.057722	0.008730
637.308719	0.080672	0.091965	0.005405
637.901416	0.079683	0.074296	0.008474
638.501253	0.078594	0.085083	0.005118
639.104594	0.079360	0.076135	0.005419
639.661961	0.078768	0.104452	0.012864
640.273436	0.082652	0.100445	0.010577
640.882884	0.080194	0.083441	0.008495
641.436190	0.079104	0.080504	0.004173
641.994548	0.080333	0.058750	0.005972
642.628213	0.079298	0.073926	0.011623
643.246414	0.081224	0.099106	0.009434
643.857270	0.080853	0.083201	0.005455
644.522954	0.079518	0.108317	0.006627
645.101692	0.080406	0.098441	0.015668
645.701616	0.081114	0.099977	0.015637
646.310963	0.077854	0.083814	0.012550
646.929078	0.081346	0.090348	0.004661
647.533339	0.080690	0.106386	0.007935
648.113264	0.078053	0.101078	0.004994
648.697626	0.077952	0.096523	0.009393
649.289003	0.078888	0.119495	0.005897
649.871774	0.080055	0.098403	0.004580
650.460473	0.081279	0.095519	0.008647
651.090993	0.079002	0.105415	0.011778
651.697914	0.082716	0.094417	0.004761
652.275501	0.079397	0.113060	0.011457
652.874953	0.077186	0.100813	0.010844
653.471518	0.080986	0.111426	0.011112
654.113345	0.079277	0.123900	0.007338
654.751994	0.079144	0.120149	0.006163
655.379469	0.081532	0.114028	0.009501
655.949300	0.078773	0.128398	0.006711
656.550228	0.078798	0.126016	0.008293
657.166485	0.078478	0.117258	0.007349
657.758580	0.081884	0.102918	0.012447
658.325073	0.079348	0.121542	0.008644
658.895618	0.078923	0.128301	0.004914
659.499436	0.076807	0.125606	0.005503
660.139506	0.079536	0.148358	0.011862
660.714509	0.079510	0.130763	0.010179
661.274393	0.079989	0.138901	0.007346
661.885880	0.078071	0.122228	0.008394
662.504606	0.082572	0.131222	0.006160
663.105661	0.078477	0.129465	0.006061
663.762998	0.077840	0.140828	0.006698
664.331123	0.076955	0.145369	0.006674
664.911678	0.077923	0.134157	0.007513
665.535991	0.077571	0.147509	0.005757
666.158066	0.078225	0.132598	0.005029
666.736110	0.079152	0.143296	0.013682
667.316683	0.080434	0.154549	0.005472
667.909977	0.077252	0.136414	0.008079
668.545110	0.081729	0.144984	0.007840
669.146424	0.079870	0.151997	0.007647
669.716438	0.077886	0.149773	0.009202
670.303241	0.076933	0.162457	0.009298
670.941448	0.077819	0.147959	0.008066
671.540336	0.077833	0.140865	0.009810
672.202444	0.078895	0.147266	0.005921
672.784517	0.077986	0.152349	0.004525
673.351277	0.076054	0.151469	0.007448
673.924750	0.078539	0.164932	0.005836
674.490881	0.078132	0.150907	0.003160
675.032741	0.077834	0.158014	0.008354
675.645392	0.077813	0.162409	0.009989
676.264389	0.080023	0.160084	0.008528
676.863580	0.078304	0.150990	0.004341
677.500249	0.077434	0.154832	0.007136
678.057732	0.078940	0.164380	0.007728
678.674320	0.076285	0.159997	0.005490
679.270465	0.081278	0.167469	0.007680
679.880417	0.076443	0.166429	0.011570
680.495103	0.081145	0.173984	0.009772
681.092365	0.079894	0.172918	0.005786
681.707722	0.077554	0.153839	0.012106
682.316960	0.079285	0.161361	0.004828
682.903314	0.079833	0.167772	0.005520
683.467315	0.077348	0.162408	0.004759
684.076464	0.079538	0.163541	0.007872
684.683999	0.074927	0.178219	0.004938
685.271781	0.078992	0.184076	0.008113
685.856269	0.080294	0.162579	0.008913
686.421794	0.078357	0.189981	0.005659
687.009642	0.082030	0.174184	0.006146
687.634068	0.079746	0.178593	0.005076
688.223699	0.078351	0.176974	0.005030
688.857554	0.077404	0.182353	0.009746
689.461445	0.077881	0.193029	0.006343
690.059354	0.081245	0.182207	0.007968
690.636451	0.076971	0.187504	0.003524
691.245563	0.080094	0.193621	0.005340
691.870451	0.078325	0.194536	0.003458
692.517059	0.078493	0.191595	0.004365
693.150595	0.079474	0.199002	0.004244
693.718611	0.080240	0.204918	0.004491
694.310479	0.079659	0.198394	0.004813
694.926101	0.078683	0.212440	0.007995
695.544586	0.078314	0.207504	0.006205
696.123148	0.078044	0.216080	0.006292
696.744947	0.077447	0.213820	0.005765
697.358086	0.078566	0.226601	0.003512
697.949178	0.078524	0.229325	0.003693
698.552797	0.076612	0.232845	0.007517
699.123164	0.079028	0.239237	0.003727
699.720423	0.077865	0.246310	0.007484
700.301696	0.078132	0.240491	0.006992
700.912571	0.079524	0.257838	0.004692
701.547497	0.080995	0.259141	0.004893
702.121430	0.080346	0.270925	0.003280
702.691372	0.080300	0.271571	0.005119
703.275881	0.079336	0.286762	0.005987
703.857953	0.082044	0.289035	0.005018
704.422829	0.077485	0.298495	0.003656
705.039705	0.079206	0.310567	0.005645
705.637314	0.080969	0.333877	0.004932
706.276041	0.079260	0.344619	0.004002
706.900448	0.079418	0.356370	0.006078
707.468223	0.078296	0.369708	0.003805
708.080046	0.081135	0.384882	0.006080
708.709597	0.079538	0.415485	0.006003
709.303970	0.079176	0.429523	0.008823
709.877263	0.076966	0.462979	0.004156
710.464840	0.080287	0.475330	0.004417
711.104494	0.077842	0.495151	0.004507
711.691841	0.080687	0.539881	0.005241
712.334574	0.080684	0.574869	0.009081
712.901443	0.079363	0.606028	0.006096
713.491230	0.079516	0.630865	0.003943
714.076502	0.079529	0.656658	0.003496
714.714200	0.077804	0.663734	0.003771
715.270162	0.078650	0.676105	0.004155
715.880899	0.079640	0.657049	0.005567
716.494636	0.078703	0.628380	0.009581
717.130687	0.077495	0.595378	0.005561
717.760704	0.079247	0.526491	0.004603
718.346757	0.078957	0.465300	0.007444
718.982365	0.078371	0.410000	0.011568
719.584555	0.080161	0.354553	0.010339
720.141095	0.080537	0.293659	0.004105
720.706205	0.080879	0.250056	0.008538
721.249158	0.078442	0.194030	0.006472
721.847311	0.074482	0.135637	0.011813
722.462419	0.079560	0.094144	0.004957
723.069056	0.078241	0.036304	0.003653
723.642377	0.080190	0.003087	0.007281
724.280007	0.078158	-0.052972	0.006789
724.885869	0.077944	-0.093754	0.005206
725.461366	0.078303	-0.139516	0.006141
726.084316	0.079780	-0.182030	0.005710
726.646598	0.079766	-0.225508	0.007859
727.250915	0.081116	-0.276187	0.003574
727.838679	0.078402	-0.313777	0.004932
728.471900	0.081148	-0.346497	0.004988
729.039071	0.079790	-0.375940	0.004010
729.654943	0.079642	-0.409755	0.003799
730.226343	0.077107	-0.430236	0.003231
730.841818	0.077956	-0.433571	0.004501
731.435345	0.078799	-0.425108	0.005690
732.072546	0.079412	-0.406115	0.004466
732.626085	0.076484	-0.391612	0.003411
733.234469	0.079003	-0.362580	0.003655
733.859552	0.078200	-0.333679	0.003897
734.438157	0.079857	-0.316482	0.002692
735.049297	0.078033	-0.279050	0.004667
735.670074	0.077766	-0.252960	0.004345
736.288348	0.079008	-0.236961	0.002972
736.929333	0.078889	-0.209132	0.005079
737.508516	0.078855	-0.194633	0.005490
738.116074	0.080998	-0.175634	0.005221
738.731207	0.077460	-0.155195	0.002852
739.318546	0.080114	-0.141548	0.003079
739.954939	0.078712	-0.124492	0.005300
740.527199	0.078074	-0.114190	0.003536
741.143686	0.078778	-0.101054	0.003192
741.749173	0.079659	-0.085620	0.003380
742.354578	0.079106	-0.082036	0.004213
742.922194	0.077591	-0.065576	0.002867
743.540920	0.079360	-0.056524	0.004422
744.150872	0.079704	-0.034617	0.003478
744.793770	0.079229	-0.033000	0.003753
745.400503	0.078365	-0.024997	0.007014
745.979497	0.077552	-0.017869	0.004264
746.594902	0.078975	-0.017982	0.004401
747.188156	0.077023	-0.018543	0.004590
747.783952	0.076948	-0.013842	0.003660
748.369141	0.078418	-0.007698	0.004697
749.012793	0.078927	-0.013266	0.004960
749.608276	0.079198	-0.021385	0.003791
750.245290	0.078099	-0.018429	0.005231
750.871921	0.077532	-0.013176	0.003906
751.443490	0.078050	-0.022483	0.003178
752.023579	0.079476	-0.021212	0.002685
752.660849	0.079241	-0.019951	0.003188
753.268116	0.080148	-0.021524	0.003151
753.892664	0.078267	-0.018145	0.002763
754.485808	0.080026	-0.019980	0.003846
755.101745	0.078095	-0.024222	0.003486
755.740688	0.079233	-0.020097	0.003096
756.384947	0.079679	-0.022702	0.003245
756.945561	0.078614	-0.023039	0.003279
757.534744	0.077700	-0.021313	0.003694
758.104488	0.077519	-0.022834	0.003237
758.716147	0.078585	-0.023481	0.003375
759.339033	0.079091	-0.022936	0.002744
759.921712	0.079671	-0.021955	0.002883
760.527081	0.079615	-0.020717	0.004179
761.141526	0.078021	-0.020011	0.004518
761.767638	0.078805	-0.014174	0.004377
762.348056	0.077752	-0.015017	0.003360
762.946650	0.077357	-0.019981	0.003360
763.561628	0.078541	-0.022638	0.003486
764.168123	0.078101	-0.016394	0.002826
764.775347	0.079660	-0.018863	0.003761
765.349985	0.080183	-0.020005	0.004357
765.964020	0.078890	-0.021197	0.003028
766.573964	0.079275	-0.017799	0.003865
767.178136	0.079635	-0.018735	0.002697
767.757103	0.077797	-0.015306	0.003854
768.331014	0.078316	-0.010741	0.002841
768.916814	0.078366	-0.013059	0.003096
769.550938	0.078518	-0.017512	0.003005
770.143593	0.079519	-0.016672	0.002981
770.710445	0.079756	-0.015475	0.003440
771.296363	0.078897	-0.014156	0.003514
771.874666	0.078416	-0.014878	0.003810
772.464653	0.077726	-0.013679	0.002943
773.020468	0.078528	-0.013165	0.003428
773.635422	0.079485	-0.014259	0.002877
774.238872	0.079380	-0.014614	0.003386
774.828364	0.080084	-0.013113	0.003161
775.441482	0.079104	-0.010590	0.004376
775.990241	0.080449	-0.014434	0.003033
776.575835	0.078438	-0.013881	0.002717
777.171514	0.078683	-0.010228	0.002826
777.735468	0.078412	-0.011860	0.002924
778.301177	0.079640	-0.014685	0.003121
778.907917	0.078734	-0.013046	0.002856
779.477784	0.079642	-0.015212	0.005473
780.082726	0.079287	-0.009645	0.004224
780.737910	0.079386	-0.008443	0.002614
781.294146	0.078228	-0.006921	0.004282
781.905822	0.078808	-0.009318	0.002960
782.525061	0.078308	-0.010665	0.002700
783.150483	0.079225	-0.009260	0.003360
783.744670	0.078899	-0.012232	0.002974
784.319389	0.079166	-0.006749	0.002480
784.919149	0.079223	-0.006787	0.003728
785.521334	0.079275	-0.007346	0.002632
786.155460	0.079202	-0.004855	0.002913
786.736782	0.078789	-0.007750	0.002858
787.371953	0.078386	-0.002627	0.002852
787.989993	0.080365	-0.004448	0.003137
788.603059	0.078732	-0.004050	0.003493
789.200687	0.079267	-0.007023	0.002801
789.754101	0.078952	-0.004025	0.003128
790.365930	0.079427	-0.004225	0.002637
791.005194	0.077722	-0.003947	0.002791
791.614934	0.079807	-0.004370	0.003313
792.186683	0.078314	-0.000681	0.003234
792.810033	0.077951	-0.003984	0.002719
793.412757	0.078466	-0.002805	0.003206
794.031768	0.078788	-0.005082	0.003290
794.624224	0.080124	-0.002883	0.002730
795.201941	0.079287	-0.001822	0.003350
795.810883	0.079920	-0.001632	0.002620
796.421728	0.078329	0.000693	0.002737
797.018774	0.078290	-0.003337	0.002696
797.590359	0.078542	-0.002425	0.002767
798.240447	0.079109	-8.806250E-5	0.003789
798.844501	0.079825	-0.000593	0.002720
799.471025	0.079405	-0.001185	0.003141
800.094652	0.078958	0.000578	0.003077
800.684702	0.078990	0.003505	0.002583
801.336695	0.079056	0.001607	0.002879
801.937725	0.079196	-0.002268	0.003425
802.533160	0.079522	-9.514665E-5	0.002747
803.173815	0.078562	0.001657	0.002867
803.750570	0.078278	-0.000659	0.003040
804.342817	0.079673	-1.316370E-5	0.003934
804.897641	0.078164	0.002203	0.002840
805.479249	0.079491	0.001979	0.003541
806.054079	0.079284	0.002292	0.003297
806.643788	0.079238	0.002617	0.002999
807.238957	0.078253	0.004308	0.003069
807.863131	0.078997	0.002424	0.002931
808.473791	0.078447	0.002176	0.002962
809.031889	0.078208	0.001509	0.003084
809.662172	0.080402	0.001293	0.002801
810.266634	0.078753	0.004359	0.002966
810.916264	0.079293	0.002748	0.002633
811.478306	0.079770	0.004147	0.003160
812.042953	0.078146	0.005606	0.002906
812.679976	0.078729	0.005220	0.003402
813.292197	0.078574	0.004731	0.003040
813.901427	0.077422	0.006970	0.002735
814.465091	0.079711	0.001774	0.003281
815.063686	0.079166	0.007930	0.002522
815.666527	0.078720	0.007841	0.003330
816.241249	0.078917	0.005506	0.002847
816.808352	0.079257	0.003512	0.002651
817.413042	0.078190	0.007093	0.002670
818.009666	0.078073	0.008716	0.003111
818.618512	0.077845	0.008158	0.003017
819.179190	0.078674	0.008600	0.003224
819.744755	0.080348	0.005104	0.002876
820.354972	0.080781	0.008576	0.002792
820.943115	0.079765	0.006707	0.003522
821.522962	0.079534	0.011637	0.002951
822.082727	0.078389	0.008268	0.002783
822.640128	0.079446	0.006241	0.002877
823.224321	0.078164	0.010408	0.002630
823.809136	0.079293	0.007529	0.003070
824.438493	0.079875	0.006600	0.003775
825.002165	0.080167	0.008308	0.002645
825.581271	0.078396	0.006246	0.002606
826.166078	0.078450	0.008149	0.002733
826.779648	0.078540	0.010225	0.002732
827.396722	0.078900	0.012989	0.002722
827.951763	0.079781	0.009887	0.002774
828.553028	0.078859	0.011711	0.003115
829.107886	0.076693	0.011552	0.002613
829.736726	0.078284	0.010324	0.002634
830.304814	0.078947	0.012762	0.003228
830.902056	0.078045	0.010888	0.002646
831.521135	0.078119	0.014349	0.002586
832.144941	0.078009	0.012347	0.002818
832.723590	0.079150	0.011419	0.003001
833.342303	0.080089	0.013587	0.002898
834.003530	0.079738	0.014986	0.002488
834.571554	0.079475	0.014031	0.002652
835.163712	0.081642	0.016057	0.003228
835.730721	0.077803	0.010808	0.002618
836.310838	0.080175	0.015924	0.002757
836.904130	0.078410	0.013521	0.002994
837.517965	0.079546	0.016378	0.003214
838.153441	0.080300	0.015835	0.002890
838.705656	0.079995	0.019142	0.003338
839.314484	0.079318	0.017386	0.002537
839.901238	0.077150	0.019717	0.002715
840.518151	0.080184	0.019796	0.002591
841.117509	0.078283	0.020652	0.002501
841.695578	0.078842	0.019921	0.002556
842.295855	0.080170	0.017204	0.002667
842.905824	0.079071	0.017850	0.002668
843.515751	0.078054	0.014678	0.002654
844.083852	0.078440	0.015369	0.002845
844.659703	0.079652	0.013161	0.002679
845.260595	0.078367	0.013479	0.002892
845.919948	0.079364	0.014795	0.002714
846.544921	0.076984	0.014632	0.002963
847.119302	0.078125	0.013215	0.002609
847.687669	0.079645	0.009939	0.003243
848.295532	0.078603	0.005174	0.003182
848.901365	0.079395	0.000450	0.002622
849.463535	0.078818	-0.004317	0.003213
850.055857	0.079037	-0.007232	0.002945
850.676443	0.077969	-0.000841	0.002628
851.248403	0.078881	0.003184	0.002900
851.829869	0.079384	0.017799	0.003198
852.402195	0.079645	0.032708	0.003380
853.034731	0.079650	0.055211	0.003548
853.671718	0.079362	0.076918	0.003348
854.320750	0.078239	0.099282	0.004050
854.956177	0.078478	0.116913	0.002872
855.515688	0.079826	0.125588	0.004282
856.123881	0.079307	0.131219	0.003478
856.745262	0.080526	0.133583	0.002880
857.359600	0.079264	0.136539	0.002834
858.030410	0.078947	0.133280	0.002660
858.683767	0.078401	0.124568	0.002872
859.243335	0.079462	0.126104	0.003441
859.831830	0.079694	0.118776	0.003084
860.487788	0.078663	0.114478	0.002598
861.153706	0.079763	0.108289	0.002759
861.797193	0.079584	0.099136	0.002859
862.419594	0.078806	0.093372	0.003017
863.013831	0.078725	0.088400	0.002852
863.642167	0.079009	0.079543	0.002787
864.311430	0.078897	0.072192	0.002798
864.954524	0.079859	0.065544	0.003116
865.608916	0.075228	0.061879	0.002741
866.149603	0.079383	0.056924	0.002847
866.789783	0.079377	0.057576	0.003128
867.454431	0.078693	0.056714	0.002505
868.099828	0.080647	0.058877	0.002687
868.780347	0.078907	0.063939	0.002928
869.368711	0.080902	0.071656	0.002874
869.954279	0.077813	0.076980	0.002723
870.556689	0.077941	0.086745	0.002814
871.208763	0.078942	0.095598	0.002954
871.881212	0.077686	0.104027	0.003341
872.502602	0.079201	0.107278	0.002908
873.101686	0.077549	0.107677	0.002749
873.743276	0.078935	0.102545	0.002635
874.389975	0.077763	0.091288	0.002573
875.052965	0.077154	0.074914	0.003143
875.697008	0.077553	0.059602	0.002645
876.267442	0.078246	0.044603	0.002549
876.791972	0.078698	0.035228	0.003982
877.421705	0.079075	0.024779	0.002981
878.020671	0.076929	0.024080	0.002705
878.705126	0.077413	0.029154	0.002845
879.339109	0.078629	0.033925	0.002725
879.960253	0.077347	0.042405	0.002880
880.624706	0.077650	0.054917	0.002703
881.271367	0.078294	0.062577	0.002546
881.942103	0.076595	0.067684	0.003217
882.584633	0.079107	0.068985	0.002648
883.146748	0.078175	0.071162	0.003190
883.723585	0.079001	0.067050	0.002903
884.379783	0.081185	0.061067	0.002684
885.045929	0.080134	0.060991	0.003039
885.594205	0.078974	0.058331	0.002792
886.203082	0.080262	0.055888	0.002603
886.796759	0.079137	0.056487	0.002824
887.398788	0.077614	0.055031	0.003133
887.998759	0.080101	0.054066	0.002813
888.588459	0.077597	0.050260	0.002893
889.149684	0.081793	0.046706	0.002886
889.739415	0.080953	0.047262	0.003827
890.336593	0.079789	0.035100	0.003417
890.931855	0.078928	0.029238	0.003590
891.531772	0.078811	0.022703	0.002486
892.109079	0.078281	0.019827	0.002936
892.710186	0.077469	0.007966	0.002946
893.278109	0.076228	0.007728	0.002721
893.820201	0.080042	0.004178	0.003272
894.374758	0.079152	0.003766	0.003101
894.973829	0.077688	0.006772	0.002877
895.625398	0.079882	0.011057	0.003015
896.220306	0.077206	0.021268	0.002527
896.850716	0.078713	0.028591	0.003180
897.436833	0.080814	0.041614	0.002621
898.006890	0.067910	0.049773	0.003147
898.585288	0.078926	0.059900	0.003391
899.182644	0.078531	0.063075	0.002740
899.752812	0.081110	0.068955	0.003037
900.368426	0.080221	0.066111	0.002663
900.976781	0.077876	0.063510	0.002694
901.591469	0.076560	0.054191	0.003106
902.150390	0.079286	0.048258	0.003052
902.733167	0.081496	0.043540	0.002695
903.297867	0.079491	0.031063	0.002725
903.900509	0.078389	0.028490	0.002561
904.518163	0.078898	0.027573	0.002840
905.127048	0.077614	0.031275	0.002739
905.688582	0.078707	0.035868	0.002929
906.271719	0.076550	0.037914	0.003142
906.871547	0.079540	0.046085	0.002709
907.514564	0.078626	0.047542	0.002960
908.106819	0.078429	0.051659	0.002703
908.660040	0.079276	0.054587	0.002837
909.271898	0.080377	0.057879	0.003641
909.865622	0.078866	0.057805	0.002909
910.434279	0.077358	0.057103	0.002711
911.023192	0.078910	0.055287	0.002890
911.628684	0.079958	0.053970	0.002674
912.237386	0.078605	0.048929	0.002553
912.869255	0.080014	0.049156	0.002734
913.451511	0.079635	0.043453	0.002962
914.097613	0.078161	0.043542	0.003004
914.725045	0.077584	0.040548	0.003099
915.380607	0.080017	0.037404	0.002776
915.976773	0.078249	0.035796	0.003299
916.570499	0.077825	0.033964	0.002951
917.203930	0.078884	0.032890	0.004131
917.808503	0.077946	0.029639	0.002914
918.381925	0.078926	0.027213	0.002811
918.965341	0.076842	0.027132	0.002978
919.577956	0.069189	0.025640	0.002605
920.167705	0.079721	0.021018	0.002954
920.784710	0.076374	0.018636	0.002681
921.420488	0.075882	0.020666	0.003001
921.984106	0.080634	0.015492	0.003349
922.565624	0.080553	0.018507	0.003866
923.119892	0.080409	0.014124	0.003080
923.717591	0.079560	0.013053	0.003268
924.338870	0.079285	0.010960	0.002868
924.915070	0.077020	0.009502	0.002928
925.478059	0.075668	0.008783	0.002790
926.070492	0.078974	0.007374	0.002806
926.696616	0.077741	0.008726	0.004279
927.269701	0.077090	0.003409	0.003955
927.858467	0.078431	0.009341	0.003708
928.452648	0.076606	0.003819	0.002985
929.046431	0.078902	0.006014	0.003138
929.691064	0.078424	0.006571	0.003782
930.259311	0.081433	0.004737	0.002841
930.866472	0.077426	0.008324	0.003359
931.470729	0.080693	0.011136	0.002817
932.073222	0.076847	0.013113	0.003557
932.652270	0.080883	0.017857	0.003422
933.237546	0.081500	0.023689	0.002777
933.825570	0.078159	0.031998	0.004489
934.413337	0.077506	0.036374	0.002922
935.051998	0.077955	0.042325	0.002849
935.607081	0.076240	0.048299	0.002811
936.171875	0.080084	0.055452	0.002832
936.764772	0.080377	0.053042	0.003547
937.399847	0.081988	0.054383	0.002882
937.983320	0.078871	0.049813	0.003020
938.536140	0.078311	0.044165	0.002842
939.144016	0.082624	0.039906	0.002880
939.757624	0.077975	0.037140	0.004527
940.357988	0.076699	0.030995	0.002683
940.921353	0.081048	0.024363	0.003033
941.548107	0.076523	0.020211	0.002922
942.176143	0.078834	0.014384	0.002681
942.784470	0.077341	0.014640	0.002935
943.429179	0.079844	0.011550	0.003052
944.016966	0.076082	0.011570	0.002823
944.611268	0.080778	0.011046	0.003161
945.248508	0.077490	0.012388	0.002952
945.863816	0.080496	0.018462	0.003404
946.435151	0.078527	0.018820	0.003938
947.039787	0.077740	0.029806	0.003193
947.631617	0.083081	0.035671	0.002850
948.253926	0.076727	0.040917	0.003179
948.832247	0.081803	0.053027	0.003305
949.379144	0.082050	0.061473	0.003600
950.009556	0.079918	0.077262	0.002726
950.640742	0.078532	0.089563	0.003231
951.205856	0.076471	0.095933	0.003022
951.746644	0.078939	0.103131	0.002849
952.327426	0.080471	0.104615	0.003223
952.936784	0.078494	0.098303	0.003991
953.563778	0.077541	0.080906	0.003822
954.155117	0.078231	0.058343	0.003965
954.724915	0.079490	0.028865	0.005236
955.337665	0.077636	0.001088	0.004088
955.968427	0.080482	-0.033937	0.003245
956.549196	0.080680	-0.067787	0.004615
957.107470	0.077286	-0.098743	0.004117
957.747725	0.076749	-0.113073	0.004550
958.339912	0.076967	-0.127441	0.003773
958.929389	0.078105	-0.131953	0.003050
959.550744	0.079310	-0.125681	0.004635
960.110957	0.076587	-0.119621	0.003698
960.735650	0.079287	-0.100348	0.004791
961.334616	0.079370	-0.074216	0.002874
961.943778	0.079230	-0.051436	0.005989
962.520751	0.080692	-0.028308	0.003557
963.102141	0.077984	0.000431	0.004092
963.755615	0.078313	0.017781	0.004333
964.373887	0.080267	0.023536	0.003324
964.992212	0.074804	0.032115	0.004267
964.573123	0.076386	0.027086	0.003482
963.955733	0.078363	0.021832	0.003375
963.369453	0.076833	0.012607	0.005043
962.757578	0.071714	-0.010999	0.003102
962.184066	0.079386	-0.032139	0.003462
961.605817	0.079522	-0.057705	0.004385
961.025831	0.077796	-0.080189	0.003299
960.438924	0.080061	-0.102987	0.002813
959.780899	0.081616	-0.116811	0.002692
959.205227	0.079521	-0.130960	0.004511
958.601477	0.077097	-0.138543	0.002783
958.016989	0.078018	-0.128459	0.003539
957.415070	0.078961	-0.112887	0.003520
956.809476	0.075562	-0.090878	0.003563
956.257292	0.079312	-0.061948	0.004247
955.683038	0.081933	-0.034609	0.004665
955.117645	0.077975	0.004148	0.002858
954.526565	0.081654	0.030695	0.005180
953.968106	0.076689	0.057720	0.002721
953.376104	0.078545	0.085351	0.003700
952.768259	0.075494	0.099706	0.003158
952.137680	0.079462	0.104380	0.002773
951.506757	0.078310	0.105202	0.003619
950.953749	0.079482	0.096518	0.003665
950.339894	0.077520	0.087376	0.003340
949.703028	0.078924	0.074365	0.003156
949.091528	0.080108	0.061410	0.002855
948.507668	0.075671	0.051185	0.004048
947.871229	0.078693	0.041543	0.002671
947.246409	0.077890	0.031818	0.002772
946.637338	0.076921	0.024724	0.003208
946.029440	0.078327	0.021065	0.002826
945.462329	0.082665	0.013246	0.003244
944.847708	0.077653	0.008978	0.003251
944.189949	0.079447	0.010193	0.002762
943.580371	0.079096	0.012258	0.002776
943.014093	0.079894	0.011733	0.003309
942.463903	0.079223	0.012083	0.002964
941.849027	0.080766	0.012011	0.004471
941.246161	0.077586	0.018298	0.002894
940.666271	0.077614	0.029075	0.003432
940.099838	0.079747	0.027982	0.003681
939.523919	0.076400	0.037679	0.003003
938.914303	0.080504	0.040475	0.002614
938.281139	0.077075	0.050677	0.003555
937.700304	0.076345	0.054803	0.004654
937.139666	0.077229	0.052729	0.002935
936.508723	0.077586	0.054847	0.003296
935.906587	0.081831	0.050649	0.003865
935.322073	0.078994	0.046560	0.002890
934.774003	0.078707	0.038409	0.002845
934.199693	0.076869	0.037165	0.002692
933.604911	0.077494	0.031676	0.002780
932.950826	0.078036	0.022826	0.002901
932.289922	0.079314	0.017715	0.003266
931.625813	0.079774	0.013272	0.002750
930.961581	0.079147	0.010367	0.003204
930.323013	0.081652	0.006143	0.002834
929.764035	0.077615	0.005795	0.002844
929.226796	0.077785	0.005497	0.003275
928.611076	0.077724	0.005308	0.003258
927.998164	0.077951	0.003189	0.002709
927.405066	0.078961	0.003024	0.002837
926.778107	0.078220	0.004553	0.004069
926.205604	0.076911	0.006082	0.003021
925.615698	0.076896	0.009209	0.002687
925.004091	0.077985	0.007307	0.003737
924.394512	0.081623	0.007851	0.003174
923.766629	0.080014	0.010846	0.003263
923.196540	0.078884	0.012982	0.003274
922.564147	0.077733	0.015371	0.002807
921.971660	0.080077	0.016288	0.003394
921.352903	0.078566	0.019825	0.003004
920.759980	0.077576	0.023650	0.004597
920.159356	0.079074	0.022511	0.003186
919.574252	0.068383	0.025297	0.003017
918.979801	0.078361	0.021463	0.003202
918.349304	0.078648	0.026651	0.003034
917.794786	0.080136	0.030380	0.002884
917.206699	0.077782	0.031146	0.002759
916.591679	0.079168	0.031077	0.003318
915.997776	0.078147	0.032698	0.002831
915.432967	0.077064	0.037912	0.002901
914.816455	0.079264	0.043715	0.002860
914.225572	0.079371	0.040874	0.003079
913.595184	0.079682	0.043907	0.003082
912.970098	0.077599	0.043903	0.002712
912.379179	0.081121	0.050879	0.002649
911.736900	0.079990	0.049771	0.002771
911.112708	0.080306	0.054620	0.002795
910.451045	0.077512	0.056748	0.003168
909.866508	0.079675	0.057099	0.003290
909.280651	0.079793	0.052510	0.002997
908.717644	0.080045	0.058193	0.003033
908.138791	0.078165	0.056457	0.002736
907.546997	0.078624	0.052076	0.003289
906.967026	0.078659	0.049452	0.002924
906.362381	0.077561	0.040905	0.003180
905.766044	0.078243	0.037050	0.002745
905.163039	0.077962	0.030132	0.002928
904.530418	0.079133	0.025724	0.003274
903.944980	0.078525	0.028649	0.002691
903.318471	0.079812	0.032465	0.002741
902.713417	0.079348	0.039460	0.002842
902.136922	0.078875	0.042509	0.002724
901.579342	0.079894	0.053159	0.002757
901.011675	0.077575	0.058787	0.003499
900.437908	0.078224	0.065229	0.003086
899.847591	0.078734	0.067422	0.003190
899.260518	0.079684	0.066006	0.002705
898.684589	0.081361	0.058544	0.002748
898.062554	0.079300	0.053639	0.002722
897.441595	0.080255	0.041693	0.003535
896.833274	0.078072	0.032402	0.004055
896.255850	0.076374	0.022740	0.003532
895.647567	0.078025	0.015279	0.002684
895.019726	0.080490	0.010828	0.002731
894.433669	0.079985	0.004193	0.002787
893.848469	0.079643	0.003396	0.002864
893.289545	0.075329	0.008074	0.002977
892.668258	0.079070	0.012006	0.002763
892.042383	0.078886	0.015763	0.003171
891.416261	0.078731	0.022674	0.002822
890.849649	0.077627	0.031868	0.002681
890.236084	0.077930	0.035397	0.003143
889.613834	0.078452	0.041063	0.003065
889.015397	0.079055	0.046356	0.002746
888.414425	0.078708	0.051324	0.002588
887.831614	0.078627	0.054083	0.003196
887.223466	0.083094	0.055896	0.002900
886.612372	0.080201	0.055497	0.002942
886.009165	0.078309	0.057212	0.002652
885.402136	0.077513	0.059735	0.002627
884.777496	0.080108	0.063015	0.002902
884.161082	0.080121	0.062277	0.002604
883.543012	0.080167	0.066324	0.003038
882.935780	0.078711	0.066245	0.002951
882.388268	0.080695	0.066605	0.002801
881.774125	0.080654	0.069046	0.002765
881.136991	0.077604	0.062770	0.002978
880.527727	0.076946	0.054350	0.003205
879.937244	0.079038	0.047523	0.003173
879.353340	0.078635	0.036379	0.003487
878.761318	0.077957	0.029429	0.002855
878.127797	0.078315	0.025966	0.003024
877.557384	0.079221	0.024989	0.003339
876.988556	0.079870	0.025898	0.002490
876.371184	0.070417	0.036987	0.004013
875.788659	0.080659	0.048856	0.003096
875.166266	0.078342	0.066050	0.002683
874.517649	0.079011	0.083590	0.003485
873.934165	0.078343	0.094391	0.002587
873.341570	0.078677	0.102680	0.003196
872.711130	0.079488	0.105168	0.002967
872.073643	0.079758	0.106677	0.002835
871.496187	0.080490	0.099498	0.003132
870.852100	0.079865	0.095380	0.003237
870.244206	0.078862	0.083787	0.003120
869.675665	0.077823	0.076160	0.002794
869.095975	0.079261	0.067364	0.002726
868.522199	0.077688	0.064435	0.002792
867.923663	0.078325	0.061853	0.002881
867.298990	0.080061	0.058284	0.002714
866.739458	0.078120	0.055200	0.002910
866.196058	0.079272	0.058274	0.002502
865.577966	0.075429	0.057590	0.002886
864.970278	0.079030	0.063081	0.002914
864.362901	0.079858	0.069460	0.002745
863.722945	0.079584	0.074758	0.003071
863.152312	0.078820	0.083773	0.002621
862.541286	0.078635	0.088011	0.003089
861.964833	0.078224	0.095878	0.003156
861.333658	0.078550	0.104519	0.002524
860.746393	0.078604	0.110421	0.002722
860.187709	0.079118	0.115845	0.003149
859.583459	0.078783	0.119403	0.002704
858.970198	0.078980	0.124138	0.002693
858.338458	0.079852	0.128477	0.003284
857.730619	0.079632	0.131821	0.002848
857.074610	0.078591	0.131864	0.003023
856.457545	0.077913	0.135300	0.002702
855.796549	0.077916	0.128308	0.002724
855.223039	0.079101	0.123550	0.003181
854.667742	0.079173	0.113733	0.003443
854.090150	0.080121	0.098452	0.003985
853.509822	0.079121	0.078322	0.003331
852.913932	0.078934	0.058610	0.003638
852.366479	0.079141	0.039953	0.003441
851.765447	0.078495	0.021511	0.002826
851.154151	0.080707	0.007338	0.003367
850.538111	0.079295	0.001152	0.003455
849.915536	0.079864	-0.004430	0.002565
849.345324	0.078610	-0.002949	0.002569
848.738321	0.077574	-0.000319	0.002616
848.128205	0.078619	0.004341	0.002682
847.490121	0.078571	0.011491	0.003073
846.928617	0.079874	0.016034	0.002793
846.328302	0.079328	0.016508	0.002553
845.735632	0.079732	0.014306	0.002997
845.121376	0.078875	0.017985	0.003097
844.509907	0.078057	0.015468	0.003257
843.932889	0.079433	0.013640	0.002741
843.350827	0.078831	0.010585	0.002834
842.727316	0.079520	0.017987	0.002998
842.172461	0.078667	0.016948	0.002701
841.570680	0.079224	0.017779	0.003152
841.014538	0.078589	0.018582	0.002946
840.407278	0.080258	0.017784	0.003099
839.834651	0.078928	0.017462	0.002932
839.246314	0.078823	0.019558	0.003354
838.672186	0.079107	0.015514	0.002990
838.077336	0.078930	0.014588	0.002771
837.450334	0.079521	0.018095	0.002977
836.857005	0.078774	0.013095	0.003029
836.217024	0.080382	0.012505	0.002746
835.589955	0.078795	0.016487	0.003522
834.992177	0.079040	0.012623	0.002755
834.363462	0.078136	0.014839	0.002877
833.762531	0.078439	0.012481	0.003153
833.202439	0.079905	0.013780	0.002781
832.608815	0.078976	0.013230	0.002977
831.996592	0.078722	0.011388	0.002967
831.377716	0.078454	0.012881	0.002913
830.783631	0.078778	0.011155	0.002833
830.227770	0.077163	0.009905	0.003478
829.596494	0.079116	0.010773	0.003140
828.985323	0.078423	0.011284	0.003096
828.387722	0.079100	0.012638	0.002849
827.816878	0.078992	0.008763	0.002855
827.213692	0.079415	0.011853	0.002857
826.606038	0.078490	0.009609	0.002905
826.017750	0.079492	0.010031	0.002742
825.395236	0.077594	0.009878	0.003262
824.842966	0.078906	0.011564	0.002955
824.203707	0.078608	0.006479	0.003355
823.627415	0.080200	0.006992	0.002926
822.993369	0.079579	0.008573	0.003025
822.409378	0.074576	0.008078	0.002799
821.873883	0.079530	0.008476	0.002706
821.249939	0.079337	0.008822	0.002988
820.639101	0.078242	0.007258	0.002810
820.007584	0.079387	0.007776	0.002728
819.417403	0.078194	0.008257	0.003087
818.755229	0.078683	0.006195	0.003076
818.168191	0.077916	0.005591	0.003320
817.599496	0.078697	0.006582	0.002698
817.021274	0.078697	0.007261	0.002786
816.450027	0.078938	0.007909	0.003648
815.884234	0.078508	0.006088	0.002800
815.295811	0.078267	0.009283	0.002775
814.685095	0.078641	0.005917	0.003582
814.105205	0.079164	0.006584	0.002690
813.522619	0.079361	0.003726	0.002644
812.877543	0.079681	0.005252	0.002984
812.286323	0.078869	0.005393	0.002626
811.683780	0.074831	0.003140	0.003686
811.180575	0.077450	0.004969	0.002910
810.592344	0.079653	0.000794	0.003979
809.975183	0.078553	0.004731	0.002881
809.360912	0.078906	0.002612	0.003151
808.794001	0.079070	0.003427	0.003030
808.209452	0.077786	0.003747	0.003056
807.598443	0.077655	0.005926	0.003016
806.989848	0.078770	0.003612	0.002857
806.410245	0.079275	-0.000525	0.002828
805.847813	0.078468	0.002100	0.002895
805.223476	0.078341	0.000612	0.003069
804.649509	0.078815	0.002342	0.003093
804.052159	0.079623	0.003646	0.003123
803.489063	0.078180	0.001771	0.003106
802.871530	0.080481	0.003827	0.002727
802.273371	0.079083	0.001477	0.002741
801.706518	0.077386	0.000269	0.003201
801.144508	0.079603	0.002565	0.002654
800.562898	0.080193	0.000922	0.002716
799.985289	0.079390	0.002086	0.002885
799.382013	0.079128	0.002604	0.003208
798.739251	0.081018	-0.000995	0.003331
798.140382	0.079876	-0.000718	0.002954
797.556332	0.078580	-0.002117	0.002758
796.922406	0.077782	-0.003159	0.002960
796.307213	0.078870	-0.002830	0.002740
795.687430	0.078872	0.000628	0.003455
795.112781	0.078908	-0.000306	0.002931
794.508470	0.080465	-0.002358	0.003038
793.922427	0.077979	-0.001499	0.003454
793.300876	0.079661	-0.003552	0.003630
792.668994	0.079124	-0.004292	0.002672
792.099821	0.079309	-0.001998	0.002654
791.482453	0.079747	-0.002173	0.002798
790.855233	0.078801	-0.003481	0.003641
790.259351	0.078530	-0.003043	0.003210
789.711056	0.080101	-0.003622	0.003199
789.144178	0.079243	-0.005731	0.003567
788.538376	0.079209	-0.006255	0.002937
787.914768	0.081161	-0.001703	0.004453
787.332032	0.079943	-0.005302	0.002944
786.739527	0.079983	-0.010061	0.002820
786.161202	0.079675	-0.006472	0.003099
785.557106	0.079935	-0.006043	0.002868
784.975319	0.078570	-0.007303	0.003005
784.418312	0.079436	-0.009652	0.003105
783.805792	0.077910	-0.007764	0.003302
783.201169	0.078825	-0.008064	0.002736
782.610534	0.078498	-0.007667	0.003625
782.008026	0.079093	-0.006367	0.002516
781.424922	0.077658	-0.008780	0.003147
780.785044	0.079154	-0.007088	0.002713
780.185236	0.079003	-0.012052	0.003124
779.550491	0.079859	-0.012181	0.003966
778.954659	0.080557	-0.010119	0.002835
778.385795	0.079799	-0.008620	0.003121
777.779189	0.078541	-0.011853	0.002937
777.172360	0.079570	-0.012494	0.002670
776.564815	0.078874	-0.014174	0.004237
776.001613	0.079398	-0.008478	0.002690
775.412719	0.078501	-0.013725	0.002743
774.803748	0.078964	-0.015908	0.003243
774.149816	0.078115	-0.015865	0.003264
773.533434	0.080781	-0.012575	0.003473
772.973526	0.078752	-0.013448	0.003491
772.383454	0.078807	-0.016036	0.003365
771.784275	0.078166	-0.016147	0.003339
771.201197	0.079519	-0.015738	0.002964
770.638822	0.079134	-0.016603	0.003470
769.989758	0.080702	-0.016119	0.002606
769.371512	0.079018	-0.018560	0.003436
768.773030	0.079679	-0.016818	0.002699
768.135525	0.079779	-0.016666	0.003196
767.552468	0.078846	-0.019638	0.003788
766.981048	0.079612	-0.020677	0.003086
766.382513	0.080127	-0.020880	0.002795
765.766064	0.079481	-0.017196	0.002998
765.192665	0.078263	-0.021296	0.002896
764.595518	0.079904	-0.020119	0.003253
763.980295	0.078688	-0.021021	0.002939
763.389858	0.078447	-0.018262	0.003923
762.764804	0.077460	-0.016974	0.003373
762.205791	0.079423	-0.019678	0.004781
761.626854	0.077700	-0.018936	0.005117
761.025839	0.079725	-0.018722	0.003073
760.443210	0.078294	-0.018667	0.002954
759.796795	0.079271	-0.024742	0.003313
759.232287	0.079689	-0.028878	0.003679
758.608100	0.078616	-0.019951	0.004012
758.003504	0.079485	-0.024694	0.002868
757.392402	0.079313	-0.021464	0.003478
756.837414	0.077844	-0.022430	0.002877
756.228226	0.078391	-0.022127	0.003408
755.598270	0.079079	-0.023528	0.006210
755.011165	0.078723	-0.024099	0.003422
754.398178	0.080627	-0.023268	0.002588
753.829719	0.080225	-0.021351	0.005090
753.220693	0.079415	-0.020995	0.003862
752.587492	0.079440	-0.023038	0.002878
751.971715	0.079197	-0.018396	0.003927
751.373031	0.079198	-0.019278	0.003580
750.755293	0.078664	-0.018100	0.004845
750.138560	0.078682	-0.014298	0.003431
749.526729	0.078078	-0.018882	0.005142
748.884223	0.080167	-0.022441	0.003624
748.317007	0.080357	-0.018361	0.003112
747.721024	0.079033	-0.009120	0.004606
747.132154	0.079799	-0.016257	0.003355
746.509214	0.079230	-0.017206	0.003384
745.942729	0.078538	-0.021169	0.003112
745.372018	0.079707	-0.019674	0.003886
744.790210	0.080342	-0.027416	0.002716
744.219385	0.079740	-0.038534	0.002723
743.596861	0.078972	-0.048391	0.004441
743.034378	0.079600	-0.052469	0.008655
742.427381	0.078138	-0.066741	0.003924
741.815051	0.080202	-0.081661	0.004076
741.204312	0.077940	-0.094474	0.002861
740.633699	0.078522	-0.110994	0.006399
740.076337	0.077723	-0.116210	0.003244
739.448675	0.078908	-0.126431	0.003399
738.882843	0.079507	-0.148875	0.003623
738.294701	0.078949	-0.162521	0.004291
737.724742	0.078173	-0.174777	0.003210
737.135376	0.078453	-0.195308	0.003357
736.535783	0.079547	-0.216633	0.004137
735.972143	0.077984	-0.248357	0.003936
735.399581	0.078537	-0.264694	0.004596
734.834478	0.077492	-0.285631	0.004380
734.224687	0.079831	-0.309427	0.003579
733.589875	0.077853	-0.338872	0.003838
732.997037	0.076869	-0.365766	0.003266
732.420873	0.078963	-0.391031	0.003546
731.818819	0.079767	-0.411277	0.003664
731.238945	0.079732	-0.429046	0.004443
730.663629	0.078888	-0.429999	0.003244
730.066486	0.079660	-0.429433	0.004574
729.500715	0.080423	-0.413788	0.005817
728.915034	0.079418	-0.381771	0.003425
728.271800	0.078932	-0.352455	0.004357
727.685991	0.078924	-0.318728	0.004298
727.114810	0.080155	-0.279045	0.004530
726.522355	0.080232	-0.239886	0.007344
725.893197	0.079894	-0.196804	0.006742
725.281886	0.076337	-0.144371	0.004667
724.696105	0.078349	-0.108492	0.007427
724.144323	0.078307	-0.059595	0.009924
723.554243	0.080403	-0.021152	0.004886
722.939551	0.080076	0.035837	0.005836
722.316579	0.077521	0.079920	0.004320
721.679249	0.078747	0.129196	0.007550
721.121872	0.078560	0.190967	0.008728
720.483077	0.079156	0.242005	0.008377
719.862085	0.078523	0.299721	0.003880
719.257058	0.078835	0.354420	0.007695
718.693266	0.078368	0.421987	0.004655
718.080895	0.078818	0.482108	0.005931
717.465009	0.078842	0.546709	0.009763
716.890811	0.079680	0.593471	0.007852
716.301976	0.078895	0.633881	0.005644
715.746483	0.079717	0.663218	0.005172
715.132378	0.080932	0.685334	0.004254
714.550143	0.081355	0.679514	0.003868
713.947728	0.080075	0.658439	0.005344
713.385769	0.078937	0.634777	0.003110
712.770923	0.077279	0.609494	0.006128
712.137946	0.078068	0.577636	0.007211
711.520110	0.075943	0.547926	0.016376
710.903563	0.078817	0.518580	0.006818
710.337314	0.076861	0.486595	0.004621
709.735077	0.079280	0.458497	0.007533
709.104892	0.081032	0.425980	0.007511
708.497192	0.079619	0.408028	0.005044
707.918773	0.077671	0.398840	0.005116
707.294974	0.080037	0.378674	0.006384
706.692150	0.079351	0.353990	0.005658
706.074579	0.080085	0.341794	0.007520
705.491889	0.078243	0.315705	0.007050
704.951514	0.079097	0.323475	0.005784
704.387005	0.079066	0.308324	0.005796
703.748497	0.076163	0.292286	0.004812
703.177502	0.078392	0.292968	0.004090
702.578257	0.077488	0.279689	0.003247
701.991236	0.078163	0.272547	0.007249
701.389787	0.079154	0.261741	0.006963
700.772159	0.078804	0.258149	0.004671
700.184788	0.077487	0.249276	0.004797
699.606256	0.077632	0.241417	0.004648
698.953383	0.079011	0.242364	0.005419
698.372429	0.077861	0.220096	0.006452
697.757608	0.079425	0.230928	0.003684
697.163451	0.081979	0.218221	0.003889
696.594280	0.079134	0.228564	0.003452
695.988048	0.078458	0.213567	0.004401
695.362164	0.078297	0.215883	0.005733
694.744862	0.079069	0.205362	0.007091
694.165194	0.079193	0.202741	0.003622
693.490878	0.078887	0.200538	0.005199
692.870041	0.081233	0.200017	0.005800
692.281889	0.078614	0.192824	0.004067
691.728030	0.079880	0.181242	0.007274
691.111664	0.079280	0.185299	0.005119
690.520453	0.078891	0.198451	0.008847
689.911050	0.078845	0.193755	0.005454
689.359802	0.079176	0.180959	0.004608
688.803552	0.077349	0.185283	0.010898
688.205316	0.081666	0.192154	0.004543
687.586763	0.077824	0.186599	0.006627
686.987086	0.078275	0.190348	0.005280
686.435332	0.078843	0.182091	0.003413
685.881108	0.079463	0.172435	0.004894
685.264429	0.081469	0.178845	0.004674
684.657418	0.078067	0.176294	0.005245
684.050911	0.079185	0.174155	0.004790
683.473044	0.080732	0.171075	0.005324
682.882965	0.079010	0.175423	0.009555
682.293747	0.078267	0.187823	0.003934
681.710421	0.078526	0.173473	0.004765
681.114260	0.079618	0.168936	0.007967
680.549665	0.079739	0.173443	0.008123
679.983847	0.080714	0.169661	0.008013
679.375644	0.081163	0.160047	0.016247
678.757958	0.080354	0.169520	0.006452
678.183316	0.078827	0.175698	0.010426
677.619008	0.078194	0.168035	0.012358
677.038066	0.078438	0.158626	0.007301
676.423436	0.078091	0.158951	0.004613
675.795840	0.079642	0.155084	0.003924
675.226934	0.075908	0.173971	0.013449
674.583412	0.078219	0.149331	0.008705
673.979567	0.077768	0.161786	0.007213
673.423296	0.074951	0.147755	0.012245
672.814421	0.079144	0.149712	0.004119
672.221382	0.078349	0.145826	0.005051
671.606394	0.080836	0.147833	0.006973
671.009088	0.078046	0.155270	0.003749
670.366226	0.078397	0.154321	0.008043
669.801132	0.074943	0.149248	0.005292
669.206516	0.081338	0.148539	0.008881
668.579413	0.079218	0.154006	0.005654
667.954599	0.078245	0.146057	0.008951
667.356912	0.078936	0.151659	0.007755
666.791918	0.080545	0.148626	0.003983
666.179426	0.079067	0.140733	0.005416
665.563441	0.078831	0.122326	0.003359
664.959042	0.074900	0.157514	0.007885
664.370711	0.076991	0.147954	0.004481
663.765956	0.079425	0.127068	0.008239
663.156401	0.079069	0.127253	0.008200
662.575718	0.078760	0.152072	0.005476
661.905893	0.077425	0.140542	0.007648
661.335460	0.078873	0.134797	0.009515
660.705306	0.080365	0.149265	0.015029
660.097801	0.077671	0.121588	0.008378
659.477424	0.078726	0.125283	0.016367
658.862514	0.079072	0.127312	0.015611
658.310687	0.080095	0.121192	0.013996
657.729288	0.078177	0.118133	0.003759
657.152520	0.078895	0.125022	0.015770
656.543894	0.079943	0.122440	0.007813
655.981202	0.077483	0.105203	0.012450
655.389384	0.077975	0.112584	0.003855
654.775156	0.078215	0.133158	0.018148
654.153358	0.078927	0.119363	0.008967
653.510343	0.078256	0.137294	0.009269
652.911272	0.081865	0.120103	0.004222
652.304601	0.079135	0.114488	0.008171
651.672612	0.080741	0.102408	0.016749
651.051550	0.078117	0.111344	0.009230
650.479327	0.079928	0.101045	0.008252
649.856230	0.079879	0.106671	0.020238
649.240934	0.078747	0.130200	0.011928
648.652193	0.076883	0.108262	0.005840
648.027322	0.078737	0.106321	0.008036
647.464507	0.080470	0.086456	0.009778
646.844065	0.080971	0.111493	0.004703
646.266635	0.079384	0.103923	0.007022
645.642716	0.078326	0.107975	0.009352
645.079516	0.077996	0.095575	0.013617
644.465528	0.079349	0.097095	0.005572
643.898479	0.077845	0.096647	0.006321
643.305536	0.078939	0.079121	0.009813
642.693018	0.076499	0.070295	0.015004
642.108955	0.076880	0.064111	0.013830
641.496048	0.079940	0.091898	0.007082
640.872068	0.078081	0.091436	0.007774
640.254955	0.080659	0.087905	0.005333
639.664828	0.080248	0.060795	0.009594
639.111916	0.078314	0.070639	0.010638
638.534247	0.080808	0.078831	0.008298
637.910868	0.077277	0.071597	0.017885
637.314803	0.079678	0.076275	0.015278
636.737812	0.077897	0.089449	0.019513
636.152157	0.080006	0.085814	0.006588
635.561153	0.080878	0.063071	0.022059
635.099813	0.079673	0.082397	0.008141
635.684152	0.078151	0.081300	0.010310
636.245615	0.079593	0.081661	0.005998
636.853122	0.083057	0.084862	0.006095
637.472243	0.075932	0.072441	0.012838
638.116015	0.080180	0.080639	0.011286
638.689114	0.079338	0.060805	0.008582
639.254930	0.082828	0.059134	0.007865
639.875655	0.077892	0.077211	0.014280
640.473785	0.079499	0.082668	0.009151
641.108125	0.079567	0.085997	0.013845
641.664708	0.083298	0.097186	0.010273
642.291527	0.079776	0.090832	0.010010
642.950446	0.075963	0.096016	0.013707
643.536685	0.078844	0.083455	0.012596
644.091300	0.079681	0.070201	0.016559
644.706459	0.081705	0.090049	0.009547
645.335945	0.078233	0.072114	0.010801
645.896801	0.076945	0.081016	0.008210
646.544421	0.080835	0.113739	0.010896
647.112528	0.080950	0.107161	0.016844
647.738188	0.079794	0.104579	0.006729
648.307238	0.081005	0.095034	0.008049
648.923853	0.078858	0.100890	0.005922
649.468039	0.080435	0.097908	0.005728
650.061215	0.079389	0.111634	0.005957
650.675626	0.081226	0.112024	0.006983
651.267226	0.079765	0.108837	0.007350
651.875398	0.078845	0.108031	0.012292
652.450479	0.079827	0.107322	0.003926
653.072482	0.081769	0.120315	0.005793
653.696969	0.078948	0.114057	0.006214
654.306106	0.081134	0.113572	0.004437
654.905530	0.077202	0.119365	0.008474
655.479320	0.075649	0.110761	0.005335
656.065208	0.078647	0.121155	0.013659
656.678123	0.078062	0.118376	0.015323
657.278647	0.078140	0.125426	0.004572
657.853357	0.077494	0.126260	0.004969
658.422967	0.080100	0.121890	0.005294
659.061314	0.080623	0.131498	0.013698
659.670323	0.076206	0.124409	0.006574
660.292124	0.077475	0.129870	0.005282
660.855886	0.080859	0.129663	0.009987
661.474989	0.081170	0.132247	0.021095
662.022257	0.079520	0.130186	0.005684
662.629983	0.078064	0.115612	0.003761
663.192368	0.079537	0.143406	0.007754
663.815365	0.078090	0.132129	0.008391
664.405885	0.077125	0.131723	0.016202
665.036303	0.078726	0.143466	0.003397
665.649929	0.080629	0.144159	0.013531
666.225206	0.078019	0.142304	0.010461
666.800571	0.076618	0.134238	0.004777
667.411054	0.080407	0.138202	0.007101
667.976958	0.078947	0.131113	0.018962
668.537280	0.080232	0.142293	0.012566
669.147427	0.078520	0.166982	0.007828
669.722388	0.076934	0.146876	0.004554
670.308158	0.081560	0.156925	0.007383
670.908873	0.078940	0.129997	0.012387
671.461120	0.081450	0.158357	0.012349
672.070536	0.076857	0.160107	0.010608
672.680363	0.078678	0.150535	0.004760
673.280729	0.080584	0.162966	0.008253
673.916794	0.078850	0.164616	0.008706
674.516861	0.077382	0.162682	0.005627
675.136768	0.079478	0.159712	0.004565
675.751278	0.078574	0.161951	0.004448
676.367265	0.078413	0.165593	0.005582
676.933782	0.077801	0.168646	0.012686
677.541524	0.077147	0.152672	0.006477
678.107713	0.078196	0.155357	0.004785
678.721967	0.077520	0.166495	0.005887
679.297178	0.077980	0.166295	0.010774
679.853324	0.078763	0.169251	0.006294
680.451055	0.077612	0.169146	0.005461
681.082246	0.080135	0.176044	0.005193
681.682811	0.078372	0.179936	0.006604
682.239928	0.079984	0.179565	0.006065
682.856399	0.079900	0.170722	0.005824
683.480133	0.077711	0.168085	0.008052
684.121315	0.077553	0.172775	0.005518
684.736217	0.079270	0.173148	0.007002
685.309930	0.079060	0.166861	0.006541
685.948388	0.079821	0.180522	0.007022
686.551843	0.079023	0.187401	0.011599
687.151469	0.078777	0.173831	0.004155
687.719168	0.080593	0.189101	0.007896
688.314715	0.080292	0.177875	0.011451
688.916020	0.078890	0.187185	0.004925
689.522828	0.077236	0.182332	0.008884
690.165302	0.077639	0.196785	0.004661
690.729673	0.079305	0.187665	0.004789
691.349076	0.080042	0.209287	0.005630
691.915559	0.080119	0.202788	0.005770
692.540272	0.076071	0.200128	0.007409
693.189550	0.080275	0.201087	0.009004
693.766429	0.078547	0.203449	0.004827
694.410598	0.080178	0.200537	0.005364
695.052483	0.079356	0.212806	0.004210
695.702593	0.078790	0.215551	0.005159
696.287402	0.077445	0.215403	0.004742
696.890515	0.079105	0.214798	0.006483
697.518173	0.078582	0.216695	0.006206
698.136679	0.078454	0.228568	0.003608
698.758067	0.080540	0.217431	0.007064
699.318069	0.078300	0.247578	0.006605
699.908043	0.080731	0.249864	0.005540
700.507053	0.078980	0.253349	0.004157
701.120540	0.078917	0.263227	0.004572
701.699426	0.081415	0.269119	0.007216
702.310688	0.079683	0.269173	0.006337
702.918442	0.079907	0.273949	0.005961
703.551223	0.076722	0.286999	0.003432
704.155475	0.078146	0.312748	0.006726
704.711862	0.078408	0.324509	0.011762
705.278666	0.079939	0.326416	0.004625
705.866800	0.079066	0.334604	0.008345
706.489679	0.076992	0.345197	0.003597
707.045371	0.080667	0.363090	0.006200
707.644938	0.076912	0.378182	0.006824
708.253832	0.080595	0.398729	0.004069
708.874986	0.078068	0.418317	0.008043
709.470689	0.077530	0.441743	0.006840
710.059841	0.079670	0.477102	0.005324
710.632881	0.076918	0.482053	0.004264
711.200858	0.078478	0.525647	0.005956
711.818159	0.079995	0.546750	0.005280
712.429270	0.080603	0.572156	0.005381
713.010861	0.080671	0.616866	0.004597
713.604874	0.079015	0.640860	0.004016
714.193259	0.078164	0.667496	0.005869
714.811862	0.079867	0.678378	0.005039
715.401860	0.078186	0.680055	0.004061
716.026991	0.079547	0.659463	0.005954
716.626026	0.079455	0.632072	0.005432
717.255150	0.076191	0.586659	0.006398
717.892440	0.080149	0.528507	0.005796
718.476987	0.078585	0.466919	0.005993
719.088302	0.079618	0.403605	0.006155
719.716682	0.080215	0.341146	0.008020
720.338317	0.080944	0.275544	0.003618
720.908166	0.077913	0.220562	0.004709
721.486236	0.077339	0.183690	0.005549
722.081299	0.079769	0.118709	0.005091
722.690321	0.077621	0.067223	0.003717
723.276147	0.079860	0.015241	0.004244
723.839389	0.079075	-0.014003	0.005188
724.420784	0.078023	-0.067494	0.006426
725.017116	0.077824	-0.111316	0.007195
725.628116	0.078988	-0.154644	0.006571
726.213354	0.079571	-0.193102	0.007091
726.841064	0.080308	-0.250572	0.003664
727.470949	0.079553	-0.291727	0.004596
728.053437	0.081616	-0.323618	0.004423
728.694664	0.079434	-0.362084	0.003568
729.248346	0.076739	-0.398922	0.005528
729.841069	0.080524	-0.419023	0.005947
730.460809	0.077703	-0.431463	0.003083
731.082447	0.079324	-0.435522	0.003364
731.675785	0.079987	-0.419874	0.004167
732.283483	0.078186	-0.408307	0.003857
732.913365	0.077544	-0.376828	0.005907
733.518575	0.078825	-0.349006	0.003523
734.109258	0.077392	-0.325439	0.004163
734.665777	0.077722	-0.298082	0.005178
735.249639	0.078219	-0.274586	0.006679
735.866298	0.078725	-0.250469	0.005544
736.482689	0.078972	-0.229695	0.004376
737.068765	0.078993	-0.211909	0.006668
737.633157	0.079253	-0.189674	0.003583
738.222332	0.079139	-0.178771	0.004034
738.831740	0.078134	-0.151011	0.003057
739.420785	0.078529	-0.145403	0.003995
739.987841	0.079113	-0.127349	0.004166
740.559413	0.078246	-0.108387	0.003931
741.189589	0.077953	-0.096195	0.003073
741.791271	0.078269	-0.087037	0.003606
742.361714	0.078374	-0.070747	0.003919
742.914916	0.079871	-0.060684	0.004538
743.509201	0.078771	-0.058682	0.004109
744.144939	0.079421	-0.045213	0.006072
744.752565	0.079787	-0.028210	0.004430
745.327983	0.077767	-0.023130	0.003674
745.917731	0.078763	-0.018140	0.004270
746.537208	0.078994	-0.021459	0.003877
747.125883	0.078569	-0.018758	0.004541
747.767763	0.079431	-0.015134	0.004061
748.331567	0.078930	-0.010692	0.003405
748.945838	0.079227	-0.018527	0.002946
749.535087	0.079326	-0.016306	0.004065
750.154980	0.080282	-0.022894	0.002950
750.742231	0.077944	-0.017951	0.002667
751.347611	0.076877	-0.024711	0.004607
752.002620	0.078395	-0.019254	0.003437
752.606049	0.079162	-0.017370	0.003629
753.202345	0.079564	-0.021712	0.002981
753.746621	0.078896	-0.021091	0.004246
754.333012	0.077801	-0.024489	0.002982
754.968200	0.079328	-0.022479	0.002467
755.598680	0.079179	-0.020508	0.004493
756.213959	0.079946	-0.019172	0.003410
756.786525	0.078452	-0.023276	0.003696
757.416474	0.078595	-0.021214	0.004423
758.008202	0.078692	-0.027346	0.003849
758.595941	0.078735	-0.021807	0.002765
759.188233	0.078579	-0.021064	0.002525
759.811670	0.080157	-0.020493	0.005235
760.445009	0.079433	-0.022481	0.003172
761.081111	0.080294	-0.023968	0.003471
761.693216	0.077606	-0.017228	0.005158
762.268337	0.078424	-0.025183	0.002893
762.881759	0.080128	-0.021650	0.004085
763.487240	0.080049	-0.019326	0.004016
764.101498	0.079142	-0.019071	0.002692
764.674068	0.078924	-0.020894	0.002801
765.272841	0.080837	-0.021063	0.002907
765.892932	0.079221	-0.017234	0.003299
766.486750	0.078965	-0.016295	0.003961
767.084371	0.077656	-0.018053	0.004604
767.668135	0.077914	-0.018695	0.004018
768.238188	0.078162	-0.018518	0.003494
768.848461	0.078212	-0.018520	0.003345
769.446966	0.079591	-0.018016	0.003851
770.035886	0.078967	-0.013922	0.003828
770.639120	0.080090	-0.016501	0.002761
771.266673	0.078737	-0.015059	0.004327
771.876899	0.079054	-0.015274	0.002569
772.452642	0.076798	-0.012702	0.003318
773.003317	0.077719	-0.012007	0.004859
773.615410	0.079692	-0.014509	0.003032
774.244168	0.078620	-0.014428	0.003551
774.818795	0.078044	-0.011655	0.003260
775.418342	0.078102	-0.014129	0.002939
776.005806	0.080164	-0.015870	0.002739
776.652016	0.078545	-0.009603	0.002954
777.245915	0.078970	-0.013582	0.002766
777.856652	0.077431	-0.008942	0.003463
778.434041	0.079410	-0.010044	0.003274
779.020262	0.079430	-0.007183	0.003175
779.642565	0.079552	-0.012702	0.002745
780.299872	0.078862	-0.005955	0.003394
780.852993	0.079066	-0.007754	0.003936
781.405598	0.078062	-0.011252	0.002766
781.963978	0.078106	-0.008323	0.003587
782.527600	0.078593	-0.007730	0.003530
783.092474	0.080167	-0.006975	0.002556
783.648527	0.078423	-0.008719	0.002974
784.194651	0.078317	-0.011775	0.002900
784.747595	0.078965	-0.009402	0.003194
785.346787	0.077634	-0.009472	0.002743
785.943661	0.076269	-0.006046	0.003337
786.535118	0.079194	-0.007873	0.002673
787.107236	0.080400	-0.007647	0.003529
787.737422	0.080249	-0.004816	0.002757
788.296181	0.079141	-0.004066	0.003301
788.875730	0.080094	-0.005751	0.002624
789.498766	0.078264	-0.006356	0.003856
790.054385	0.077106	-0.003711	0.003098
790.598790	0.080268	-0.006072	0.003051
791.165878	0.079766	-0.006779	0.003972
791.715927	0.080032	-0.003812	0.002782
792.271744	0.077904	-0.002760	0.002677
792.862196	0.079052	-0.003696	0.002780
793.521140	0.077713	-0.002304	0.002775
794.086590	0.078763	-0.004397	0.002579
794.625720	0.079219	-0.003646	0.002998
795.169056	0.078618	-0.003718	0.002776
795.725993	0.079227	-0.003826	0.003245
796.273456	0.078315	-0.000716	0.002706
796.822663	0.077766	-0.000763	0.002763
797.385848	0.079071	-0.001752	0.003226
798.019670	0.079335	-0.003193	0.003030
798.573892	0.078735	-0.000169	0.002800
799.178877	0.079616	-0.000225	0.003241
799.748394	0.078928	-8.168676E-5	0.002810
