800.428816	0.078061	0.011638	0.005465
801.082607	0.080683	0.049977	0.012277
801.672823	0.080811	0.029820	0.011205
802.280207	0.078169	0.063405	0.013648
802.854359	0.079753	0.031613	0.007890
803.484637	0.079854	0.046228	0.015807
804.095809	0.081136	0.044510	0.025352
804.660469	0.074388	0.059005	0.022916
805.226888	0.081101	0.060129	0.014791
805.772281	0.078314	0.011620	0.007965
806.306952	0.081664	0.074075	0.008097
806.877464	0.076761	0.033458	0.015294
807.442395	0.081119	0.035159	0.011073
807.996367	0.080328	0.027377	0.024770
808.603710	0.075479	0.044265	0.021732
809.214295	0.076255	0.072550	0.009614
809.808289	0.078906	0.039501	0.022084
810.406334	0.074473	0.061156	0.015305
810.970367	0.076191	0.077067	0.018067
811.557175	0.074398	0.036143	0.015486
812.081810	0.080455	0.051200	0.008070
812.675875	0.078723	-0.003664	0.016024
813.297908	0.077904	0.030270	0.007111
813.871007	0.083823	0.048671	0.014264
814.478038	0.078570	0.063329	0.016511
815.070862	0.082730	0.051401	0.011435
815.629797	0.077509	0.048069	0.019722
816.232770	0.077942	0.039174	0.025141
816.792294	0.078290	0.058512	0.016468
817.364368	0.080428	0.060285	0.025805
817.949602	0.082228	0.064997	0.017588
818.503193	0.081656	0.073396	0.010193
819.085809	0.077314	0.083798	0.016815
819.693389	0.083568	0.032496	0.014080
820.267920	0.079350	0.066933	0.022584
820.882437	0.075580	0.019040	0.022216
821.443706	0.074544	0.059083	0.009977
822.009590	0.076623	0.054430	0.015755
822.584735	0.077882	0.042033	0.013298
823.139561	0.074086	0.045185	0.008360
823.706969	0.076744	0.041940	0.020669
824.282536	0.077203	0.070860	0.016733
824.918465	0.077629	0.047072	0.017115
825.509681	0.080573	0.059133	0.011570
826.094875	0.073472	0.054897	0.016766
826.709212	0.076580	0.067887	0.011599
827.327910	0.083582	0.063299	0.012529
827.899285	0.084020	0.047893	0.011071
828.445831	0.078045	0.050597	0.013488
829.007867	0.074465	0.064409	0.035466
829.574990	0.076005	0.065838	0.012876
830.206597	0.081530	0.049189	0.015237
830.787186	0.081212	0.056018	0.007349
831.395727	0.083563	0.072328	0.014795
832.009531	0.083776	0.041771	0.016075
832.633212	0.083380	0.055823	0.009160
833.210150	0.083203	0.054530	0.017041
833.833364	0.078545	0.046560	0.027324
834.452166	0.077062	0.044590	0.025538
835.056425	0.081950	0.081889	0.022186
835.616498	0.076985	0.091416	0.016865
836.193541	0.080717	0.060163	0.013787
836.799984	0.079218	0.103145	0.023997
837.427580	0.083143	0.083395	0.024542
837.984567	0.076054	0.079593	0.011377
838.575520	0.081054	0.104965	0.016476
839.132982	0.076889	0.101520	0.015314
839.749927	0.076123	0.092047	0.010185
840.356109	0.080209	0.084548	0.012088
840.941614	0.080177	0.110819	0.019742
841.521054	0.075054	0.131462	0.025216
842.152347	0.073584	0.147269	0.018704
842.735954	0.079598	0.151398	0.007940
843.305767	0.080104	0.130573	0.024297
843.855904	0.081064	0.167515	0.013169
844.437610	0.073767	0.173239	0.019156
845.024283	0.078966	0.164080	0.011896
845.603396	0.073962	0.199472	0.012621
846.211170	0.076166	0.177355	0.013647
846.796033	0.082021	0.229765	0.015088
847.404549	0.077045	0.207978	0.014505
848.011660	0.074405	0.265188	0.009916
848.616266	0.077241	0.256180	0.028952
849.213006	0.081338	0.307817	0.011511
849.775740	0.076666	0.330294	0.024263
850.334634	0.080375	0.390182	0.008270
850.926520	0.083731	0.404165	0.009614
851.521207	0.076537	0.396755	0.016364
852.085360	0.082384	0.404803	0.010505
852.680906	0.078056	0.402495	0.013494
853.281893	0.074766	0.371634	0.010184
853.872475	0.082326	0.367190	0.009267
854.455113	0.074180	0.277235	0.022540
855.037692	0.075039	0.258227	0.009041
855.686574	0.073534	0.195959	0.008648
856.283694	0.078129	0.154969	0.012105
856.840287	0.080806	0.067164	0.011229
857.428950	0.081505	0.023802	0.010137
857.996527	0.076507	-0.016543	0.018875
858.579266	0.075234	-0.048456	0.013846
859.198116	0.076758	-0.128504	0.009178
859.758681	0.079493	-0.177079	0.037226
860.375572	0.082436	-0.241795	0.008977
861.018325	0.078472	-0.290395	0.018077
861.581691	0.079436	-0.302947	0.029403
862.214662	0.076082	-0.381550	0.013953
862.778465	0.081540	-0.475459	0.006907
863.384570	0.079522	-0.498269	0.017560
863.944274	0.079834	-0.547112	0.017292
864.546648	0.074836	-0.675897	0.012692
865.134142	0.081378	-0.644982	0.010881
865.756637	0.082466	-0.728724	0.013328
866.328709	0.081277	-0.780353	0.014420
866.925904	0.076336	-0.815938	0.010421
867.527861	0.075829	-0.851405	0.019843
868.088190	0.079017	-0.844282	0.011692
868.669431	0.077745	-0.806382	0.026978
869.295772	0.075202	-0.818165	0.014249
869.888072	0.081731	-0.787874	0.010312
870.473214	0.079527	-0.752566	0.006774
871.041113	0.079133	-0.719208	0.006322
871.664781	0.076175	-0.701367	0.019140
872.253604	0.076762	-0.642382	0.011595
872.815263	0.081668	-0.614293	0.010842
873.394801	0.077294	-0.573410	0.013265
873.971123	0.075889	-0.526473	0.010365
874.581580	0.075406	-0.473035	0.008773
875.180998	0.076831	-0.423494	0.015051
875.755089	0.080286	-0.394983	0.014536
876.377319	0.071917	-0.421843	0.012830
876.983762	0.079656	-0.362805	0.007398
877.603121	0.083857	-0.324685	0.011319
878.153925	0.082268	-0.293430	0.010085
878.766265	0.080473	-0.247788	0.026028
879.359917	0.079224	-0.204522	0.006135
879.954550	0.077727	-0.208918	0.007039
880.538815	0.077323	-0.158486	0.013428
881.108485	0.079800	-0.119280	0.021346
881.698594	0.078175	-0.089909	0.006077
882.301096	0.077530	-0.063369	0.014365
882.884875	0.076940	-0.051576	0.012177
883.445041	0.077503	-0.019853	0.006666
884.065223	0.076651	-0.008662	0.005762
884.669383	0.075623	-0.005090	0.009320
885.245438	0.074054	-0.046430	0.012861
885.841144	0.082905	-0.040042	0.008184
886.413551	0.076987	-0.038071	0.025505
887.032107	0.081274	-0.011787	0.024745
887.679267	0.078901	-0.041731	0.010540
888.269502	0.079401	-0.041161	0.032554
888.838103	0.081253	-0.092345	0.005344
889.439131	0.080379	-0.077171	0.012325
890.058684	0.079786	-0.088295	0.020401
890.661012	0.079042	-0.121085	0.014255
891.295455	0.079262	-0.140762	0.009864
891.834787	0.077980	-0.092759	0.012973
892.471455	0.077981	-0.097293	0.012459
893.066886	0.074489	-0.137454	0.029592
893.726813	0.079489	-0.119635	0.016868
894.362729	0.079351	-0.148951	0.019149
894.962049	0.077429	-0.169946	0.021109
895.621902	0.078872	-0.149099	0.011545
896.229046	0.076004	-0.166976	0.017215
896.864124	0.078901	-0.179174	0.011971
897.420439	0.079583	-0.156581	0.016285
897.956261	0.067421	-0.162171	0.028456
898.483219	0.079027	-0.152021	0.009681
899.079303	0.079976	-0.149924	0.014750
899.692270	0.078675	-0.136281	0.006081
900.316469	0.080629	-0.149964	0.015746
900.898277	0.080989	-0.135994	0.023646
901.495882	0.080242	-0.139843	0.006608
902.138528	0.081123	-0.126784	0.020378
902.741573	0.080688	-0.121402	0.015459
903.300978	0.080006	-0.135584	0.009388
903.894774	0.078192	-0.121684	0.008415
904.523979	0.079248	-0.082225	0.006402
905.132218	0.077159	-0.110657	0.032674
905.759622	0.078244	-0.114828	0.016488
906.344357	0.077771	-0.104872	0.015799
906.945445	0.078643	-0.084109	0.028069
907.576515	0.082397	-0.098358	0.009969
908.184450	0.076191	-0.083916	0.013739
908.760836	0.076773	-0.112377	0.022175
909.373754	0.082021	-0.061679	0.027852
909.984424	0.078036	-0.098688	0.014597
910.604950	0.078386	-0.090283	0.014774
911.210046	0.077619	-0.080439	0.012168
911.794703	0.078451	-0.075554	0.010048
912.425137	0.081725	-0.080104	0.022542
913.008413	0.078692	-0.072414	0.023356
913.561469	0.080207	-0.067791	0.012788
914.111081	0.080018	-0.077596	0.014704
914.719414	0.080181	-0.067511	0.013929
915.340299	0.078191	-0.048785	0.005944
915.945062	0.079334	-0.058602	0.010105
916.571468	0.079564	-0.058117	0.005997
917.161276	0.080047	-0.049545	0.021087
917.763132	0.076676	-0.040669	0.022697
918.325163	0.078184	-0.075392	0.009532
918.890871	0.077011	-0.066106	0.016279
919.489963	0.074547	-0.044636	0.007737
920.028373	0.078643	-0.048401	0.010378
920.618678	0.079003	-0.051569	0.004247
921.214002	0.077009	-0.061471	0.010101
921.799214	0.080142	-0.021763	0.009031
922.362199	0.079436	-0.023830	0.006286
922.938737	0.077368	-0.025772	0.013906
923.554833	0.076023	-0.013420	0.015973
924.160011	0.078403	-0.029802	0.013064
924.758906	0.079028	-0.038970	0.010734
925.325208	0.077540	-0.016628	0.015530
925.982714	0.078035	-0.022293	0.019405
926.569097	0.077712	-0.001429	0.006774
927.229541	0.078416	-0.003651	0.012671
927.848959	0.079693	-0.009810	0.009069
928.421450	0.077113	-0.015561	0.008092
929.026144	0.077804	-0.019857	0.006970
929.623962	0.079091	-0.008855	0.021004
930.234757	0.079254	0.007290	0.017059
930.806586	0.079570	0.008281	0.010556
931.411816	0.077650	0.003106	0.006077
931.991081	0.079814	0.000530	0.014901
932.592499	0.074031	0.002709	0.012320
933.175083	0.079350	-0.013627	0.013912
933.751048	0.078966	-0.009801	0.014863
934.358494	0.079151	0.001029	0.007630
934.938694	0.078785	0.002831	0.009595
935.544942	0.079509	-0.004630	0.013885
936.107609	0.080424	0.024966	0.014984
936.664080	0.077904	-0.002239	0.020908
937.279536	0.078666	0.022039	0.006796
937.897924	0.078568	0.001797	0.015516
938.511497	0.078466	0.015812	0.010080
939.099454	0.077825	0.009454	0.006160
939.680632	0.079077	-0.002354	0.007464
940.292955	0.078196	0.029566	0.010518
940.858997	0.077440	0.012051	0.007815
941.420080	0.077826	0.032320	0.013556
942.043213	0.077275	0.023472	0.022617
942.642802	0.080535	0.038162	0.009834
943.250624	0.080982	0.037010	0.005911
943.899217	0.081342	0.050119	0.009494
944.480117	0.077901	0.020821	0.012446
945.069194	0.080887	0.044493	0.020771
945.647157	0.075895	0.051370	0.009526
946.240792	0.075756	0.046819	0.020729
946.833208	0.079070	0.030551	0.013436
947.419070	0.078677	0.047197	0.009974
948.004733	0.079750	0.050161	0.004284
948.656231	0.076944	0.065941	0.012997
949.282415	0.077932	0.059348	0.009666
949.876477	0.081416	0.063618	0.004096
950.465942	0.078062	0.036289	0.012327
951.075634	0.075934	0.046670	0.011861
951.635287	0.077161	0.062213	0.006428
952.234456	0.078921	0.062327	0.014798
952.817775	0.078363	0.066738	0.007066
953.442880	0.078203	0.069544	0.008208
954.051607	0.079222	0.058326	0.015614
954.631312	0.076143	0.050844	0.008094
955.233692	0.078553	0.067080	0.009167
955.830133	0.077598	0.076541	0.006355
956.445571	0.078626	0.082437	0.010189
957.026052	0.080134	0.058507	0.009758
957.655430	0.078222	0.082990	0.009105
958.253363	0.079485	0.083681	0.008136
958.806748	0.078512	0.063180	0.018073
959.419964	0.078772	0.092150	0.012622
960.019685	0.077779	0.082010	0.009398
960.632469	0.078827	0.100190	0.008388
961.211699	0.080718	0.089445	0.010784
961.792998	0.079814	0.083756	0.008244
962.394537	0.077684	0.066914	0.014186
962.994700	0.078800	0.091200	0.009402
963.592457	0.077793	0.101944	0.011511
964.163656	0.077970	0.088926	0.006066
964.786465	0.078183	0.086380	0.017070
964.723134	0.080881	0.099939	0.003937
964.170256	0.077941	0.102487	0.009300
963.591076	0.079781	0.091109	0.008854
963.038893	0.077011	0.076203	0.011425
962.459523	0.077732	0.088990	0.008450
961.875035	0.081897	0.078525	0.010867
961.267630	0.078414	0.076251	0.006375
960.700926	0.080575	0.083431	0.010150
960.145401	0.079198	0.075328	0.010133
959.504156	0.076505	0.090647	0.008005
958.868107	0.078335	0.070722	0.008865
958.276400	0.079692	0.077194	0.011373
957.724530	0.081267	0.076040	0.006800
957.110086	0.078429	0.062513	0.007736
956.477393	0.078438	0.073163	0.013034
955.904395	0.078284	0.070079	0.012342
955.304713	0.076694	0.098582	0.009259
954.747809	0.078387	0.049865	0.015562
954.109912	0.077254	0.072370	0.011471
953.538429	0.077669	0.062056	0.007779
952.903679	0.078945	0.068504	0.010189
952.299002	0.076541	0.047944	0.009803
951.730981	0.076367	0.064295	0.008311
951.147762	0.078450	0.038679	0.011036
950.536961	0.078624	0.067141	0.012864
949.898562	0.077429	0.069652	0.006085
949.297149	0.079229	0.057989	0.017778
948.703548	0.076301	0.037558	0.007347
948.097966	0.082520	0.036678	0.007477
947.505752	0.077883	0.062742	0.014222
946.944344	0.079149	0.045354	0.007102
946.317952	0.078699	0.033832	0.012428
945.738997	0.075850	0.059922	0.011533
945.144110	0.077378	0.044855	0.009351
944.529535	0.077759	0.046333	0.009438
943.904759	0.082002	0.045529	0.013026
943.329146	0.079083	0.025089	0.008826
942.753424	0.079381	0.044307	0.011119
942.174838	0.078397	0.009141	0.013628
941.548751	0.077795	0.007628	0.010119
940.964402	0.077207	0.017386	0.010084
940.366424	0.077547	0.002643	0.011412
939.795225	0.078842	0.015388	0.010970
939.184831	0.077624	0.022357	0.017545
938.551674	0.078453	0.013773	0.011430
937.965071	0.079457	-0.000958	0.014545
937.353189	0.077877	0.038823	0.018459
936.805535	0.078377	0.004221	0.018394
936.174801	0.078884	0.018539	0.009458
935.581800	0.077865	0.006907	0.017736
934.940335	0.079261	0.013549	0.011929
934.316930	0.078652	0.013680	0.007607
933.748020	0.078560	-0.009014	0.012600
933.111795	0.079287	0.019563	0.011596
932.494195	0.078497	0.006849	0.017521
931.894792	0.079768	-0.020843	0.008158
931.323965	0.080306	0.011682	0.009808
930.719747	0.078535	0.006878	0.011851
930.101351	0.080272	-0.016879	0.007339
929.502375	0.078885	0.015697	0.017586
928.888801	0.078780	-0.006496	0.013777
928.323599	0.080452	-0.009303	0.007677
927.708204	0.078317	-0.008330	0.017312
927.082678	0.077551	-0.036436	0.010877
926.496535	0.079194	-0.018281	0.008746
925.891166	0.078807	-0.024541	0.009295
925.309235	0.081329	-0.029163	0.021170
924.741917	0.079400	-0.020655	0.016351
924.124182	0.080022	-0.043086	0.011764
923.500988	0.077077	-0.022486	0.008440
922.895868	0.079817	-0.030147	0.007188
922.228793	0.079476	-0.064318	0.008228
921.625075	0.078839	-0.056735	0.016355
921.059320	0.075887	-0.053799	0.020245
920.484733	0.078129	-0.082315	0.007356
919.933461	0.077594	-0.039502	0.011794
919.366282	0.080003	-0.041868	0.021175
918.744247	0.077483	-0.036684	0.013374
918.157199	0.077019	-0.026559	0.013075
917.588086	0.079001	-0.066010	0.016815
916.979885	0.075544	-0.045239	0.012086
916.350850	0.078030	-0.065013	0.007655
915.779950	0.078572	-0.054452	0.006263
915.140401	0.078689	-0.089619	0.015602
914.579138	0.076538	-0.055245	0.012448
913.951951	0.077825	-0.041954	0.016330
913.383480	0.078518	-0.054448	0.009979
912.772068	0.075895	-0.051800	0.012107
912.196755	0.078577	-0.063503	0.013823
911.632466	0.077110	-0.080311	0.013083
911.009394	0.079651	-0.103248	0.016342
910.400994	0.078522	-0.062169	0.022408
909.821760	0.080714	-0.083151	0.008688
909.221247	0.078931	-0.085057	0.014078
908.622065	0.081106	-0.100584	0.013985
907.961210	0.077392	-0.078282	0.019512
907.352471	0.079542	-0.093572	0.011667
906.782858	0.081262	-0.092544	0.011416
906.182713	0.078910	-0.103143	0.017524
905.563507	0.075309	-0.097350	0.011774
904.946392	0.081197	-0.088227	0.017146
904.339477	0.080111	-0.108772	0.017314
903.741695	0.078705	-0.111623	0.010453
903.131268	0.077152	-0.097942	0.009954
902.547194	0.073682	-0.137352	0.018713
901.906559	0.080706	-0.119859	0.030111
901.278018	0.078416	-0.098922	0.009372
900.738492	0.076552	-0.125807	0.016539
900.177428	0.075655	-0.123457	0.010719
899.569870	0.076490	-0.132102	0.009868
898.982802	0.081900	-0.138199	0.010626
898.402518	0.084229	-0.125491	0.015349
897.866696	0.080437	-0.159013	0.009195
897.261651	0.078794	-0.152270	0.008294
896.702861	0.079935	-0.148817	0.007399
896.094791	0.079165	-0.133763	0.018868
895.526867	0.077080	-0.153309	0.007487
894.889220	0.079564	-0.155327	0.012754
894.323757	0.077903	-0.164032	0.009152
893.695083	0.080792	-0.153847	0.017116
893.117878	0.079640	-0.160223	0.017886
892.505246	0.083847	-0.149151	0.014889
891.887346	0.078552	-0.124737	0.024361
891.255317	0.077916	-0.111460	0.021380
890.646626	0.075889	-0.126731	0.012210
890.081196	0.082479	-0.070263	0.009228
889.476245	0.075199	-0.113504	0.022142
888.851990	0.074143	-0.085103	0.022402
888.280533	0.076358	-0.045700	0.026633
887.695553	0.076475	-0.053188	0.013209
887.113882	0.087557	-0.073768	0.009662
886.502414	0.077950	-0.021669	0.012327
885.871996	0.077346	-0.045774	0.014225
885.301547	0.081027	-0.030329	0.012326
884.742326	0.077362	-0.035692	0.007717
884.131139	0.078174	-0.001989	0.008073
883.527883	0.074056	0.016773	0.006852
882.933738	0.080020	-0.006773	0.012102
882.312664	0.080363	-0.018052	0.009987
881.752476	0.080308	-0.088285	0.021338
881.139919	0.075311	-0.066703	0.014938
880.551452	0.074369	-0.144412	0.015835
879.953963	0.079747	-0.155914	0.008429
879.343013	0.074450	-0.215342	0.017019
878.746660	0.075665	-0.235938	0.012207
878.108153	0.077437	-0.284838	0.009333
877.499970	0.079669	-0.312974	0.012735
876.879516	0.077647	-0.308519	0.004333
876.290249	0.078642	-0.387178	0.013062
875.709900	0.077573	-0.405224	0.012203
875.102245	0.076702	-0.462011	0.012778
874.497489	0.078220	-0.459543	0.017678
873.850907	0.077148	-0.532252	0.017353
873.243839	0.078992	-0.541075	0.016039
872.628743	0.080377	-0.603217	0.009717
871.986779	0.080016	-0.672854	0.011008
871.374937	0.077846	-0.669922	0.010345
870.738785	0.079389	-0.737371	0.017115
870.178147	0.077141	-0.770640	0.015153
869.569226	0.081131	-0.801397	0.020186
868.956976	0.080221	-0.828118	0.012108
868.330735	0.077458	-0.834331	0.016001
867.711416	0.078248	-0.839835	0.009695
867.135677	0.082216	-0.806111	0.014236
866.544825	0.077616	-0.780636	0.008050
865.920243	0.078258	-0.720765	0.007818
865.342859	0.080540	-0.720069	0.011399
864.778786	0.078801	-0.651140	0.022215
864.182951	0.075642	-0.569497	0.010627
863.544851	0.082841	-0.533137	0.009299
862.950176	0.079087	-0.481060	0.013572
862.336800	0.080072	-0.427696	0.023054
861.746870	0.083264	-0.372222	0.012442
861.129951	0.081112	-0.302935	0.010372
860.500955	0.077632	-0.272372	0.017352
859.908197	0.079185	-0.198922	0.015980
859.325730	0.078857	-0.164975	0.005438
858.765448	0.079366	-0.103162	0.027418
858.177259	0.076349	-0.037994	0.028844
857.528719	0.074381	0.005034	0.019620
856.914459	0.079231	0.055144	0.010834
856.319827	0.076837	0.076382	0.018514
855.747384	0.077876	0.163146	0.023611
855.101192	0.078693	0.240467	0.025663
854.562999	0.081525	0.281768	0.022223
853.943123	0.080026	0.347124	0.011365
853.401269	0.083060	0.347254	0.022783
852.785453	0.076269	0.386545	0.010395
852.201795	0.080070	0.407844	0.016555
851.609550	0.078345	0.385901	0.028566
850.984707	0.080523	0.416726	0.005672
850.433489	0.080329	0.339546	0.009544
849.830944	0.081450	0.365121	0.021306
849.226446	0.078127	0.311812	0.034462
848.604022	0.073852	0.269430	0.009526
847.997765	0.074972	0.291705	0.017130
847.427180	0.077477	0.233977	0.020427
846.846987	0.084589	0.266213	0.010377
846.292728	0.082255	0.207284	0.015072
845.706469	0.080745	0.205798	0.012591
845.160716	0.075024	0.163386	0.014739
844.547110	0.076155	0.172832	0.012309
843.927566	0.078445	0.145845	0.018981
843.325810	0.077606	0.124530	0.014993
842.709111	0.074290	0.120317	0.013114
842.136110	0.078062	0.140235	0.010310
841.526281	0.075649	0.115164	0.021045
840.936293	0.075312	0.107298	0.048425
840.275446	0.077790	0.130057	0.011505
839.654984	0.080831	0.115966	0.029902
839.093305	0.074481	0.095471	0.035662
838.483614	0.081736	0.080701	0.011111
837.865781	0.076679	0.082556	0.017922
837.286024	0.077649	0.069148	0.024876
836.647347	0.079034	0.112865	0.012548
836.078284	0.078443	0.073515	0.024564
835.475546	0.082704	0.062722	0.012416
834.898127	0.079441	0.070248	0.011911
834.266327	0.074942	0.087677	0.012559
833.645580	0.076340	0.042158	0.020362
833.078752	0.078655	0.026635	0.025486
832.469183	0.080598	0.093372	0.013061
831.853908	0.078661	0.096400	0.022170
831.247180	0.078632	0.035488	0.017575
830.667341	0.077980	0.075160	0.009536
830.112351	0.077330	0.034763	0.014024
829.519189	0.078611	0.045441	0.016915
828.933672	0.077654	0.054889	0.018632
828.291547	0.082137	0.046971	0.014867
827.705186	0.083623	0.048067	0.012638
827.156992	0.078803	0.035070	0.038865
826.541093	0.081084	0.028216	0.007881
825.930772	0.078427	0.066613	0.014231
825.335491	0.078840	0.051190	0.018603
824.764209	0.078638	0.047781	0.013095
824.182443	0.079157	0.046628	0.022687
823.534249	0.080604	0.041520	0.018795
822.966796	0.077015	0.033304	0.012462
822.353615	0.071975	0.088275	0.022615
821.800504	0.078153	0.057806	0.008941
821.206862	0.076618	0.048559	0.013817
820.592357	0.078075	0.034027	0.016390
819.962849	0.078911	0.059160	0.010323
819.382909	0.079473	0.073149	0.015480
818.794855	0.078964	0.082487	0.021083
818.193888	0.077899	0.040334	0.013086
817.537647	0.078700	0.061623	0.007699
816.952369	0.082989	0.050359	0.020583
816.383102	0.078562	0.070366	0.015616
815.756519	0.081685	0.057661	0.022649
815.141969	0.076600	0.035874	0.012425
814.543442	0.082731	0.064516	0.010204
813.978896	0.076426	0.045894	0.007485
813.381629	0.080672	0.024127	0.007469
812.755367	0.082416	0.026010	0.008126
812.165348	0.075769	0.037334	0.013206
811.578742	0.075934	0.036629	0.020939
811.030692	0.081199	0.031198	0.011331
810.418412	0.078950	0.027757	0.009254
809.834305	0.077856	0.042130	0.005097
809.238933	0.074648	0.037199	0.018165
808.658064	0.077432	0.050944	0.018331
808.112319	0.080243	0.074468	0.011710
807.473347	0.076091	0.065246	0.011142
806.876709	0.078472	0.052215	0.009774
806.258743	0.076964	0.042135	0.010025
805.705972	0.081394	0.022441	0.024447
805.096738	0.083568	0.042647	0.007051
804.474398	0.075132	0.052863	0.013190
803.842286	0.080975	0.040174	0.015119
803.215623	0.081788	0.043650	0.012831
802.642138	0.081978	0.047431	0.014357
802.028197	0.074658	0.073818	0.013607
801.397536	0.079265	0.046208	0.022717
800.800089	0.086660	0.058044	0.013233
800.207063	0.078683	0.044993	0.015524
799.649376	0.077939	0.062402	0.009106
799.041467	0.081531	0.038917	0.012965
798.437143	0.078019	0.035521	0.014040
797.851536	0.074056	0.047214	0.007877
797.288674	0.075440	0.051128	0.024816
796.649210	0.082382	0.040281	0.017499
796.063314	0.079740	0.045908	0.017745
795.456193	0.078534	0.072401	0.016326
794.808992	0.081507	0.040070	0.011855
794.241859	0.080528	0.056660	0.007684
793.653740	0.076569	0.026597	0.010580
793.054769	0.078626	0.041795	0.022604
792.448627	0.079662	0.038172	0.027339
791.885903	0.081005	0.065715	0.016533
791.285670	0.078130	0.075026	0.011621
790.676805	0.078027	0.065242	0.011826
790.028400	0.075707	0.065810	0.015776
789.420534	0.073733	0.027967	0.013839
788.853056	0.079729	0.034206	0.005214
788.250579	0.074389	0.056362	0.024583
787.605455	0.083352	0.067370	0.005824
787.011280	0.083936	0.042190	0.017185
786.410122	0.075006	0.057197	0.011467
785.823697	0.077159	0.048871	0.008512
785.218651	0.075814	0.047738	0.020371
784.614085	0.083006	0.050855	0.018636
783.971538	0.076814	0.051304	0.004768
783.396498	0.073906	0.046721	0.007683
782.795526	0.082359	0.034246	0.007458
782.169819	0.077177	0.062853	0.018921
781.580319	0.078515	0.041994	0.008036
780.985216	0.074929	0.020447	0.008509
780.421986	0.078175	0.058564	0.010561
779.818071	0.078577	0.040230	0.015377
779.198350	0.070417	0.063237	0.011079
778.600983	0.075998	0.038738	0.015024
778.026364	0.081715	0.054234	0.013774
777.409597	0.079199	0.016008	0.004266
776.805274	0.077296	0.039678	0.015542
776.184703	0.077108	0.043782	0.017281
775.564532	0.083167	0.048083	0.016727
775.002242	0.077073	0.059035	0.012873
774.416014	0.078154	0.057487	0.016788
773.821457	0.076565	0.031586	0.013856
773.204006	0.074383	0.036895	0.010806
772.570876	0.074265	0.027702	0.017157
772.009613	0.080899	0.058393	0.006014
771.370264	0.080303	0.051642	0.014327
770.733399	0.077866	0.049063	0.022791
770.151341	0.081551	0.051760	0.014757
769.509629	0.077253	0.040370	0.013690
768.943801	0.077348	0.022014	0.012972
768.324480	0.081978	0.046890	0.007799
767.734396	0.078461	0.036787	0.011986
767.146441	0.077020	0.053715	0.012233
766.500757	0.083432	0.046176	0.009004
765.928316	0.077369	0.048328	0.012395
765.281600	0.077771	0.035230	0.007126
764.680741	0.080651	0.058472	0.009131
764.079883	0.078676	0.039249	0.014052
763.541074	0.081272	0.052409	0.006330
762.939362	0.076331	0.022220	0.011568
762.280585	0.078122	0.061705	0.010405
761.706098	0.078894	0.031981	0.016386
761.089095	0.083333	0.050224	0.016002
760.498877	0.077060	0.039019	0.006137
759.912496	0.079348	0.054414	0.006089
759.332187	0.077997	0.041628	0.006666
758.752968	0.074363	0.066395	0.015291
758.170544	0.074031	0.040338	0.009251
757.597464	0.075775	0.036057	0.009344
756.989358	0.081585	0.071177	0.008792
756.399248	0.077900	0.084291	0.020607
755.767082	0.075305	0.043748	0.015095
755.182686	0.075143	0.028750	0.011692
754.567540	0.079652	0.052872	0.012139
754.019536	0.076518	0.050811	0.005848
753.436762	0.078622	0.061313	0.015581
752.847332	0.081758	0.059596	0.011752
752.268929	0.078152	0.037647	0.017103
751.645827	0.074683	0.040200	0.012771
751.048978	0.083626	0.037383	0.008433
750.422725	0.075943	0.039359	0.028340
749.811429	0.079356	0.059719	0.006478
749.220293	0.077302	0.056934	0.015064
748.556676	0.079477	0.063619	0.009386
747.949160	0.079154	0.048845	0.007246
747.327138	0.078800	0.068491	0.010684
746.736166	0.078303	0.083021	0.009423
746.175863	0.077832	0.056661	0.006211
745.566744	0.077943	0.071289	0.018211
745.003954	0.079775	0.079262	0.007770
744.376208	0.078446	0.074114	0.014466
743.793359	0.077381	0.081859	0.013491
743.169171	0.077817	0.075928	0.008434
742.548749	0.077460	0.050841	0.012915
741.897690	0.074077	0.058782	0.007538
741.337750	0.077728	0.068402	0.017470
740.785348	0.077475	0.080111	0.012343
740.205878	0.076265	0.064128	0.008435
739.579062	0.080311	0.089525	0.018209
738.966292	0.079884	0.089642	0.014979
738.355141	0.080812	0.074969	0.014806
737.784674	0.081445	0.106548	0.007151
737.183753	0.078878	0.091501	0.008456
736.574928	0.079080	0.117991	0.012651
735.958807	0.081189	0.094991	0.007886
735.343022	0.077316	0.122584	0.006562
734.756229	0.077886	0.116028	0.009717
734.133835	0.075959	0.098991	0.012560
733.510604	0.077951	0.134312	0.008075
732.874534	0.074560	0.134962	0.016634
732.226759	0.079463	0.159813	0.005989
731.662878	0.080587	0.143079	0.009947
731.054292	0.080170	0.165561	0.004005
730.443651	0.074565	0.175756	0.009738
729.835217	0.076201	0.195837	0.009396
729.233168	0.080531	0.224551	0.012807
728.607450	0.077223	0.234323	0.012637
728.000906	0.079159	0.250434	0.010681
727.439525	0.076551	0.242896	0.010788
726.883908	0.078574	0.251735	0.011212
726.303957	0.083363	0.276112	0.009472
725.743407	0.078961	0.276580	0.009844
725.116910	0.079292	0.283594	0.008030
724.497359	0.078990	0.246682	0.023136
723.885505	0.082888	0.213404	0.009736
723.329130	0.078358	0.164362	0.009142
722.755705	0.079278	0.131234	0.013464
722.131397	0.078579	0.067054	0.009361
721.550943	0.080306	-0.028099	0.022603
720.903580	0.081226	-0.084179	0.018414
720.333689	0.077076	-0.118347	0.008204
719.745483	0.078510	-0.202633	0.012629
719.188174	0.080215	-0.305549	0.014948
718.613408	0.077745	-0.355387	0.019234
718.050563	0.079263	-0.439442	0.020337
717.457984	0.074958	-0.512498	0.012807
716.820622	0.077960	-0.607609	0.024069
716.230737	0.076542	-0.653970	0.012624
715.642897	0.076033	-0.731445	0.009761
715.073241	0.081363	-0.803409	0.010475
714.510711	0.076207	-0.868355	0.009535
713.889948	0.077951	-0.961579	0.012691
713.312303	0.075085	-1.012064	0.006043
712.735916	0.080499	-1.023452	0.008786
712.162468	0.078557	-1.022468	0.007120
711.554223	0.077604	-1.001196	0.006256
710.962265	0.077331	-0.948896	0.010071
710.382016	0.075850	-0.863759	0.007991
709.803810	0.073641	-0.767578	0.006873
709.230914	0.075255	-0.675316	0.005636
708.639040	0.082273	-0.551304	0.021680
708.009032	0.078391	-0.433967	0.010757
707.439364	0.083237	-0.305147	0.016023
706.786428	0.076434	-0.159085	0.012720
706.183037	0.080921	-0.050337	0.027677
705.569093	0.081413	0.079841	0.026751
704.954552	0.080746	0.245747	0.026874
704.383367	0.079091	0.370864	0.023635
703.751565	0.077794	0.480672	0.008523
703.204028	0.073874	0.621870	0.004164
702.589727	0.074966	0.743815	0.016477
702.030036	0.084621	0.842132	0.012396
701.421882	0.077704	0.964750	0.004152
700.845886	0.081585	1.039079	0.016505
700.276436	0.073132	1.073543	0.006510
699.716511	0.083089	1.114295	0.005043
699.111069	0.076225	1.102701	0.021786
698.478704	0.081633	1.075009	0.013577
697.887257	0.075826	1.002515	0.006389
697.253500	0.075352	0.891620	0.017573
696.624845	0.082684	0.794919	0.010504
696.029314	0.073979	0.689192	0.006337
695.474546	0.076519	0.604955	0.018706
694.862066	0.076777	0.516933	0.020578
694.252191	0.077965	0.397612	0.016384
693.632555	0.083263	0.291724	0.008108
693.073796	0.081038	0.205419	0.012292
692.455940	0.081738	0.125464	0.013004
691.863268	0.075911	0.049221	0.016886
691.265827	0.078750	-0.046733	0.022018
690.709486	0.078250	-0.132163	0.015173
690.087435	0.075956	-0.228468	0.009286
689.502341	0.080567	-0.323923	0.007905
688.887622	0.080320	-0.419030	0.008295
688.273291	0.080652	-0.499388	0.007244
687.700668	0.078816	-0.602443	0.010246
687.113384	0.078729	-0.673317	0.010798
686.510868	0.081769	-0.766744	0.007191
685.893028	0.077596	-0.837426	0.005679
685.270929	0.082749	-0.895052	0.008318
684.712227	0.078099	-0.924143	0.008513
684.121047	0.080607	-0.932787	0.008052
683.495331	0.079539	-0.921499	0.009076
682.849421	0.079476	-0.885752	0.007366
682.296762	0.078908	-0.842542	0.012999
681.776041	0.079890	-0.789955	0.004957
681.194972	0.075976	-0.726115	0.015204
680.589742	0.078648	-0.693260	0.011270
679.958756	0.080675	-0.639316	0.009234
679.359966	0.080138	-0.580543	0.012692
678.802337	0.081264	-0.549695	0.004669
678.235023	0.079873	-0.489611	0.021904
677.649389	0.079565	-0.447091	0.015773
677.094140	0.077556	-0.429128	0.012853
676.490907	0.078519	-0.375392	0.007238
675.904731	0.079330	-0.353058	0.006554
675.314327	0.078180	-0.303523	0.005691
674.759972	0.079475	-0.285356	0.003980
674.153716	0.081212	-0.248955	0.007058
673.554257	0.079989	-0.196977	0.007994
672.943988	0.079432	-0.152912	0.018074
672.373367	0.081116	-0.140212	0.006574
671.823672	0.079401	-0.110894	0.007219
671.224224	0.079086	-0.085537	0.007697
670.622651	0.078740	-0.077403	0.015014
669.988763	0.079838	-0.037265	0.007426
669.433225	0.078260	-0.033057	0.003990
668.873853	0.080826	-0.031466	0.008053
668.244238	0.078321	-0.016712	0.018632
667.667795	0.077324	-0.044043	0.017214
667.089394	0.075564	-0.025111	0.007104
666.503794	0.078229	-0.024817	0.009645
665.893044	0.075971	-0.014457	0.008525
665.274265	0.078950	-0.052697	0.005889
664.711791	0.080279	-0.045477	0.009120
664.065026	0.078990	-0.077457	0.004985
663.518214	0.078487	-0.061227	0.008845
662.928213	0.077395	-0.088648	0.005792
662.327821	0.079298	-0.051411	0.012128
661.730297	0.077409	-0.083478	0.011298
661.185970	0.081504	-0.085327	0.004821
660.579583	0.079939	-0.066432	0.006703
659.976443	0.078758	-0.078670	0.006380
659.381469	0.080871	-0.092881	0.014733
658.789511	0.080215	-0.090929	0.009340
658.210353	0.080641	-0.095706	0.027654
657.583917	0.076916	-0.082433	0.017092
656.996676	0.078999	-0.095782	0.008913
656.430321	0.078635	-0.092948	0.011216
655.880205	0.081125	-0.076411	0.006345
655.303550	0.079798	-0.090039	0.006419
654.692053	0.079418	-0.098989	0.011664
654.081794	0.077987	-0.100978	0.010483
653.475392	0.077044	-0.090022	0.009228
652.910476	0.079577	-0.102338	0.021676
652.316126	0.078055	-0.082706	0.010768
651.729019	0.079357	-0.104553	0.009508
651.137693	0.081773	-0.076006	0.016845
650.502209	0.079664	-0.098786	0.005348
649.915684	0.075676	-0.073769	0.008003
649.324496	0.080427	-0.091678	0.012482
648.739749	0.080672	-0.099611	0.010607
648.172221	0.079278	-0.099441	0.005908
647.623354	0.081402	-0.095196	0.014229
647.059374	0.078115	-0.119926	0.013454
646.441937	0.077127	-0.074889	0.008677
645.841174	0.080268	-0.070255	0.017183
645.272983	0.076523	-0.083838	0.025580
644.728546	0.077702	-0.097291	0.013008
644.130350	0.079726	-0.100167	0.016467
643.530046	0.078112	-0.106679	0.009432
642.900309	0.077847	-0.095029	0.010940
642.312114	0.079585	-0.084613	0.007879
641.734379	0.081305	-0.108230	0.007245
641.156722	0.075795	-0.107268	0.009059
640.553144	0.080797	-0.085504	0.005545
639.940345	0.081559	-0.084794	0.015223
639.373781	0.079934	-0.121467	0.013097
638.811248	0.076384	-0.099952	0.009049
638.183158	0.082790	-0.088691	0.006421
637.567112	0.078662	-0.103925	0.006850
637.006136	0.080627	-0.091159	0.014582
636.358501	0.082033	-0.101768	0.007794
635.755160	0.078809	-0.103260	0.011566
635.179822	0.080816	-0.099352	0.010240
635.484443	0.072971	-0.073143	0.010455
636.053234	0.084089	-0.084184	0.007978
636.672945	0.082606	-0.099286	0.012362
637.266809	0.081258	-0.109738	0.013317
637.826216	0.077768	-0.091136	0.011437
638.410088	0.077754	-0.105294	0.017416
639.022111	0.077802	-0.104650	0.006914
639.606206	0.080180	-0.103436	0.008306
640.239424	0.078683	-0.099297	0.007424
640.886702	0.079623	-0.089963	0.007928
641.461522	0.078803	-0.106887	0.004387
642.101110	0.080209	-0.105990	0.018114
642.714741	0.077658	-0.092777	0.007360
643.300989	0.084229	-0.087125	0.012232
643.899729	0.078902	-0.078379	0.006465
644.487056	0.076113	-0.103849	0.007800
645.056860	0.080096	-0.094035	0.007203
645.673209	0.075981	-0.117738	0.020000
646.324869	0.074151	-0.095077	0.011870
646.880540	0.078662	-0.090531	0.018798
647.498963	0.080101	-0.093523	0.010424
648.121077	0.076983	-0.101395	0.017555
648.765227	0.076636	-0.092538	0.012153
649.324500	0.077320	-0.112086	0.016259
649.959536	0.081317	-0.103014	0.008430
650.546232	0.076118	-0.101143	0.012071
651.164648	0.080145	-0.078343	0.010973
651.782253	0.077970	-0.093558	0.016013
652.359352	0.080262	-0.089041	0.007345
652.952295	0.080931	-0.085543	0.005719
653.547135	0.076698	-0.100576	0.005780
654.214500	0.076610	-0.087300	0.008912
654.819792	0.078969	-0.084724	0.007701
655.361285	0.077747	-0.089243	0.008305
655.935135	0.081282	-0.088158	0.004739
656.548422	0.077924	-0.101026	0.009672
657.164667	0.080447	-0.084437	0.006495
657.737384	0.080480	-0.097961	0.015788
658.327746	0.079399	-0.092701	0.005937
658.950213	0.078294	-0.082309	0.014149
659.571608	0.077882	-0.072340	0.021038
660.151828	0.079185	-0.078765	0.013620
660.698476	0.082031	-0.088790	0.013280
661.335267	0.079899	-0.080109	0.004861
661.952229	0.079502	-0.071991	0.010615
662.536874	0.079465	-0.066906	0.007242
663.172319	0.077430	-0.064817	0.006849
663.753132	0.079845	-0.058168	0.008979
664.362007	0.076853	-0.058637	0.013488
664.992603	0.078475	-0.053204	0.010499
665.630420	0.077051	-0.045297	0.004748
666.222068	0.079039	-0.051108	0.005489
666.849616	0.080278	-0.015035	0.007742
667.452684	0.079877	-0.016999	0.008656
668.069096	0.077997	-0.023915	0.012640
668.668740	0.078032	-0.015043	0.008908
669.231862	0.080324	-0.025172	0.003796
669.836504	0.073440	-0.034616	0.021904
670.416592	0.077482	-0.046010	0.008941
671.007611	0.079647	-0.083157	0.010458
671.599124	0.078581	-0.106828	0.018048
672.196624	0.081065	-0.105974	0.006309
672.797962	0.078306	-0.150599	0.008334
673.372095	0.077428	-0.193796	0.004231
673.964111	0.078372	-0.218870	0.013472
674.551600	0.079382	-0.266484	0.007377
675.129949	0.079851	-0.293663	0.007225
675.738692	0.079280	-0.327151	0.011045
676.388826	0.079253	-0.367096	0.008505
676.969686	0.081241	-0.402685	0.007195
677.572064	0.081857	-0.436574	0.011423
678.199026	0.077244	-0.492810	0.006187
678.828336	0.079362	-0.532107	0.013230
679.358846	0.077895	-0.564694	0.012051
679.911807	0.077750	-0.629211	0.007817
680.487651	0.078106	-0.666688	0.019983
681.072345	0.080705	-0.714452	0.005957
681.668323	0.079637	-0.758528	0.005295
682.262550	0.079286	-0.824775	0.014321
682.831835	0.079483	-0.868346	0.007875
683.431967	0.079940	-0.893999	0.010724
684.037692	0.080021	-0.927077	0.012750
684.664335	0.078036	-0.923934	0.008452
685.209426	0.079431	-0.906803	0.010790
685.787999	0.079282	-0.861409	0.014129
686.367047	0.079717	-0.805456	0.007020
686.971433	0.074884	-0.717352	0.014740
687.603129	0.080491	-0.614589	0.014605
688.200507	0.080305	-0.544747	0.017649
688.824226	0.080396	-0.466455	0.013793
689.433757	0.075521	-0.364087	0.018729
690.011249	0.080519	-0.285423	0.014788
690.573117	0.078966	-0.174455	0.012038
691.178494	0.077719	-0.101818	0.010380
691.793190	0.080151	0.001953	0.006313
692.401197	0.081194	0.106626	0.020154
693.016543	0.079489	0.171709	0.013097
693.584484	0.078643	0.275168	0.011726
694.188902	0.079940	0.353310	0.004894
694.780392	0.080747	0.457624	0.010779
695.412085	0.077417	0.562674	0.007835
695.978927	0.079797	0.658132	0.021174
696.640870	0.079261	0.777742	0.005298
697.240398	0.077737	0.865843	0.011288
697.800604	0.079513	0.932121	0.012264
698.439246	0.077689	1.039387	0.011199
699.080124	0.078294	1.082251	0.014799
699.726840	0.076767	1.107922	0.005897
700.390822	0.078154	1.092644	0.006970
701.041107	0.080149	1.034189	0.005601
701.595348	0.078320	0.955604	0.010524
702.212299	0.077313	0.866259	0.012671
702.835979	0.080302	0.719725	0.016946
703.495634	0.076589	0.616375	0.019360
704.152721	0.080816	0.454457	0.019310
704.750723	0.078110	0.321076	0.023874
705.387076	0.081745	0.173390	0.011140
706.034069	0.081739	0.051287	0.014355
706.675287	0.079513	-0.089064	0.018691
707.327985	0.078190	-0.219952	0.012699
707.901404	0.077100	-0.353994	0.017158
708.512868	0.079227	-0.478006	0.007209
709.101148	0.078465	-0.610353	0.018230
709.755935	0.078823	-0.719928	0.019492
710.417575	0.082793	-0.843512	0.003586
711.033540	0.079457	-0.945287	0.010111
711.589009	0.084271	-1.016102	0.011247
712.230719	0.081739	-1.038942	0.009513
712.873978	0.083801	-1.035928	0.005659
713.518264	0.075966	-0.987659	0.008230
714.179428	0.079738	-0.922688	0.011179
714.773229	0.076229	-0.848783	0.017215
715.389646	0.076934	-0.797258	0.009126
715.995980	0.081138	-0.720103	0.011487
716.624910	0.078435	-0.653311	0.009775
717.275216	0.077579	-0.559371	0.006913
717.916008	0.077026	-0.470688	0.008028
718.482027	0.076261	-0.399861	0.007895
719.046816	0.079499	-0.332484	0.017659
719.667608	0.077150	-0.243605	0.011097
720.317569	0.078292	-0.184608	0.024222
720.981290	0.079668	-0.081643	0.007840
721.548138	0.081317	-0.027668	0.010149
722.223313	0.077132	0.045220	0.007892
722.889586	0.080558	0.124333	0.007615
723.548276	0.084421	0.189433	0.014323
724.225251	0.077323	0.226701	0.011510
724.825501	0.082860	0.260998	0.015951
725.379343	0.079691	0.265500	0.007491
725.992597	0.085895	0.295966	0.017997
726.618120	0.078859	0.245199	0.013204
727.171697	0.077876	0.254117	0.010246
727.743679	0.077653	0.274014	0.024792
728.335136	0.077907	0.238859	0.014326
728.917732	0.078280	0.224352	0.013072
729.525704	0.078552	0.209263	0.007302
730.107788	0.079472	0.195819	0.019071
730.691608	0.080713	0.180828	0.004912
731.316110	0.078323	0.170597	0.009233
731.962539	0.075629	0.148868	0.003925
732.574026	0.077075	0.158955	0.013782
733.139960	0.077473	0.147186	0.009303
733.764254	0.079231	0.134268	0.008403
734.336327	0.081801	0.129978	0.008205
734.947136	0.078819	0.116963	0.009427
735.512216	0.078031	0.119089	0.010893
736.099655	0.078715	0.088579	0.006089
736.704807	0.078092	0.115558	0.008258
737.300865	0.078860	0.108417	0.006039
737.899655	0.078530	0.082415	0.014711
738.474818	0.079021	0.059653	0.006193
739.077515	0.077418	0.062341	0.012855
739.741320	0.079594	0.084541	0.009805
740.307818	0.079496	0.087402	0.008412
740.867039	0.078354	0.074973	0.008543
741.457803	0.077273	0.055795	0.010589
742.088402	0.080059	0.065811	0.014713
742.694472	0.080915	0.064356	0.006579
743.334966	0.077617	0.083521	0.019963
743.888055	0.081448	0.090606	0.009409
744.489548	0.078268	0.052109	0.008398
745.126593	0.080767	0.062543	0.009144
745.769476	0.078990	0.061608	0.011225
746.373801	0.078279	0.060543	0.028538
746.937351	0.081423	0.073885	0.006461
747.556328	0.077921	0.059850	0.018571
748.152471	0.078967	0.067113	0.007555
748.732124	0.078910	0.055951	0.009096
749.305257	0.078802	0.065236	0.004621
749.896406	0.079247	0.040264	0.005629
750.495353	0.079340	0.061013	0.008110
751.099434	0.078987	0.041293	0.012990
751.710774	0.080502	0.070674	0.007267
752.267435	0.079379	0.040613	0.012685
752.878486	0.078273	0.045247	0.006056
753.486467	0.079595	0.053388	0.012007
754.057760	0.077857	0.037355	0.013082
754.595844	0.077810	0.042619	0.010252
755.231579	0.080981	0.072486	0.016289
755.816593	0.078111	0.063309	0.015506
756.411647	0.080245	0.044825	0.012263
757.019441	0.077749	0.042495	0.008773
757.648284	0.075854	0.064965	0.014776
758.219840	0.082977	0.051121	0.007598
758.833960	0.081793	0.038427	0.023517
759.446173	0.081999	0.052044	0.011514
760.024545	0.076775	0.058342	0.007007
760.627557	0.082524	0.048124	0.009487
761.203946	0.082744	0.046199	0.007270
761.811359	0.081940	0.056982	0.005128
762.437884	0.077718	0.035613	0.009480
763.002349	0.079457	0.059112	0.016267
763.632929	0.078025	0.048685	0.006207
764.280720	0.077105	0.014878	0.011165
764.862073	0.075476	0.071606	0.010398
765.496035	0.077307	0.056196	0.009272
766.067602	0.081360	0.035954	0.018127
766.700995	0.082025	0.056750	0.010779
767.345947	0.081589	0.064086	0.013740
767.970983	0.074863	0.039646	0.017264
768.525716	0.079212	0.040637	0.010792
769.155628	0.078289	0.041503	0.010983
769.783944	0.079663	0.023339	0.015029
770.388125	0.078259	0.038487	0.010586
771.016199	0.078920	0.051766	0.011981
771.587790	0.079030	0.032230	0.010953
772.203994	0.080286	0.049945	0.008716
772.775976	0.079556	0.049873	0.011049
773.381341	0.080782	0.037468	0.012274
773.954840	0.078432	0.062852	0.012782
774.552686	0.076832	0.035847	0.032235
775.140072	0.075675	0.037014	0.008960
775.781964	0.080512	0.047472	0.013627
776.380302	0.078212	0.049363	0.007402
776.976234	0.078411	0.039535	0.011738
777.641920	0.075878	0.043924	0.007879
778.243122	0.081062	0.079647	0.010042
778.817517	0.082578	0.049586	0.011523
779.366767	0.080189	0.046349	0.006488
779.995997	0.077015	0.072751	0.016862
780.579440	0.073670	0.064699	0.014209
781.180466	0.075852	0.022480	0.016961
781.798204	0.083721	0.050885	0.012798
782.359957	0.075931	0.055480	0.016901
782.993447	0.076162	0.035008	0.011951
783.627565	0.082521	0.059663	0.013656
784.278437	0.083944	0.054922	0.007909
784.875515	0.076468	0.044577	0.012432
785.432663	0.081616	0.052740	0.017327
786.042560	0.077786	0.043554	0.012774
786.656663	0.073527	0.012653	0.012818
787.250712	0.079682	0.036305	0.013635
787.810775	0.080655	0.019879	0.011568
788.391599	0.079730	0.047953	0.012524
789.009180	0.076560	0.040273	0.019515
789.610812	0.078467	0.030692	0.010244
790.192943	0.081051	0.050427	0.016613
790.782426	0.076061	0.060238	0.010729
791.381601	0.079042	0.047442	0.012843
791.976825	0.076618	0.031644	0.013250
792.571228	0.073505	0.039753	0.011867
793.160704	0.075218	0.050817	0.019327
793.763341	0.073984	0.035985	0.011299
794.360393	0.077977	0.045033	0.009704
794.916719	0.077529	0.034967	0.007058
795.491548	0.080764	0.069574	0.018742
796.033928	0.083099	0.065397	0.016708
796.618689	0.082982	0.023967	0.009568
797.184660	0.080119	0.038431	0.021272
797.809880	0.080737	0.026120	0.014630
798.375356	0.083868	0.042409	0.010730
798.964837	0.073693	0.074791	0.016183
799.592861	0.078177	0.042119	0.007647
800.207486	0.073774	0.036695	0.016223
800.836988	0.087104	0.033845	0.009324
801.417934	0.077176	0.043617	0.019201
802.027088	0.080825	0.037791	0.009776
802.617436	0.082796	0.029184	0.009405
803.210481	0.079683	0.035769	0.013106
803.790395	0.074446	0.046168	0.008038
804.418667	0.075871	0.038104	0.006580
805.004415	0.082485	0.025347	0.010219
805.604413	0.078638	0.043463	0.020434
806.197687	0.077647	0.033166	0.016489
806.768645	0.074400	0.051147	0.009985
807.383596	0.082307	0.056463	0.019914
808.014212	0.082591	0.039218	0.010222
808.572516	0.082276	0.034633	0.012682
809.192074	0.079772	0.022390	0.015321
809.779226	0.078390	0.048823	0.012820
810.363038	0.079797	0.046713	0.023536
810.948357	0.077999	0.044360	0.008125
811.580461	0.067536	0.044572	0.010637
812.108958	0.077727	0.040753	0.010102
812.699283	0.075644	0.066999	0.018713
813.293964	0.077062	0.061454	0.009792
813.937398	0.079621	0.016896	0.026560
814.556689	0.078783	0.027979	0.014508
815.130868	0.080129	0.045030	0.021361
815.759655	0.079430	0.048234	0.015660
816.375486	0.080124	0.077450	0.029141
816.949474	0.078376	0.066025	0.010950
817.525337	0.079235	0.031238	0.008501
818.108665	0.079193	0.014778	0.023167
818.726738	0.080254	0.080303	0.008979
819.342059	0.078610	0.054430	0.012240
819.976362	0.077591	0.064845	0.006586
820.559222	0.078581	0.052851	0.017563
821.132780	0.080191	0.060004	0.024319
821.737688	0.077154	0.035088	0.007355
822.370555	0.073033	0.040864	0.023626
822.914223	0.077224	0.038213	0.016704
823.490877	0.076771	0.063303	0.021262
824.085390	0.083925	0.033028	0.013623
824.695104	0.080204	0.018642	0.022181
825.346674	0.074108	0.046443	0.010741
825.928171	0.077905	0.043530	0.022847
826.529539	0.075693	0.038281	0.010411
827.109716	0.081719	0.069930	0.009760
827.724723	0.082702	0.047761	0.008282
828.317991	0.079784	0.040789	0.019755
828.875429	0.073796	0.060333	0.012861
829.437657	0.076860	0.039999	0.009561
830.056537	0.078929	0.048597	0.020358
830.693457	0.076613	0.051431	0.008120
831.252499	0.077560	0.057376	0.022347
831.853241	0.075840	0.057749	0.009738
832.463477	0.083863	0.075217	0.025028
833.088754	0.076208	0.074139	0.020259
833.751080	0.077443	0.076634	0.019534
834.311794	0.077018	0.077298	0.020946
834.927804	0.074518	0.046797	0.016273
835.499641	0.077674	0.098128	0.010624
836.083537	0.077328	0.038381	0.012661
836.631580	0.078348	0.055188	0.020416
837.232490	0.076142	0.075510	0.010397
837.849599	0.078958	0.096588	0.008180
838.408427	0.073486	0.113106	0.023882
839.010038	0.081294	0.132446	0.021711
839.560228	0.082511	0.072117	0.015889
840.191859	0.080182	0.101682	0.021000
840.798146	0.077515	0.122071	0.014287
841.446636	0.083064	0.088602	0.016585
842.032973	0.080735	0.123067	0.014336
842.653969	0.079078	0.153287	0.027333
843.316539	0.075230	0.170402	0.021367
843.938899	0.080376	0.166474	0.020766
844.570623	0.082308	0.151941	0.013533
845.180633	0.078565	0.123353	0.036356
845.795213	0.077115	0.174009	0.017791
846.412025	0.079183	0.231861	0.017334
847.032872	0.079322	0.247220	0.013139
847.630113	0.078763	0.269249	0.023685
848.186212	0.082876	0.257035	0.027472
848.779127	0.077969	0.264569	0.020222
849.374615	0.078467	0.312370	0.012156
849.995287	0.078426	0.364776	0.015669
850.569422	0.081084	0.384655	0.010231
851.206098	0.077776	0.380744	0.017365
851.802546	0.076971	0.389270	0.013607
852.440965	0.077507	0.400235	0.018423
853.071876	0.080553	0.372670	0.014789
853.636269	0.078598	0.356333	0.009061
854.291158	0.082137	0.323103	0.016634
854.865686	0.077030	0.272254	0.019629
855.496365	0.078704	0.197937	0.030030
856.052074	0.078338	0.178351	0.007125
856.700332	0.077666	0.116979	0.029173
857.310975	0.077690	0.041258	0.012930
857.953971	0.079837	-0.010797	0.015853
858.529661	0.079830	-0.053437	0.033030
859.095655	0.078782	-0.120210	0.009654
859.708923	0.081765	-0.194751	0.013072
860.349433	0.080013	-0.235366	0.008159
860.922620	0.077073	-0.255499	0.010069
861.485433	0.076124	-0.322157	0.017237
862.042447	0.077425	-0.401328	0.007070
862.615689	0.078300	-0.416246	0.013579
863.192550	0.078752	-0.465303	0.013017
863.794373	0.078733	-0.544037	0.014535
864.368340	0.078561	-0.629132	0.021191
864.976808	0.079469	-0.655034	0.024446
865.558948	0.076821	-0.698388	0.018992
866.168631	0.079189	-0.759917	0.015880
866.742492	0.078706	-0.833529	0.012128
867.332437	0.080898	-0.834784	0.005752
867.924715	0.080226	-0.839005	0.020927
868.544977	0.080422	-0.826090	0.010853
869.167270	0.080265	-0.820008	0.024144
869.744841	0.078317	-0.849958	0.011853
870.374499	0.076869	-0.761154	0.022774
871.024653	0.077670	-0.725937	0.021036
871.581561	0.077790	-0.689388	0.007454
872.173404	0.076764	-0.648009	0.010902
872.739313	0.079559	-0.597590	0.016939
873.354201	0.079482	-0.576654	0.024788
874.005392	0.078226	-0.528438	0.029416
874.599177	0.077826	-0.478849	0.017804
875.156157	0.077628	-0.450310	0.025271
875.771796	0.081153	-0.399318	0.020865
876.378137	0.071254	-0.382162	0.019619
876.982577	0.080420	-0.346389	0.030273
877.572405	0.079099	-0.305238	0.013315
878.139431	0.080342	-0.316542	0.011689
878.756652	0.079823	-0.264729	0.008269
879.394305	0.078072	-0.239935	0.011087
880.027597	0.077899	-0.171185	0.014277
880.568484	0.079596	-0.167163	0.020007
881.170442	0.076161	-0.118384	0.017408
881.804281	0.077232	-0.074012	0.009039
882.399749	0.077341	-0.029794	0.018654
882.982633	0.080335	-0.048520	0.011757
883.539026	0.078731	0.007569	0.010466
884.144475	0.078650	-0.031799	0.009083
884.787229	0.079047	-0.025430	0.007664
885.442304	0.077387	-0.036822	0.020116
886.007962	0.078327	-0.047199	0.012443
886.635596	0.080895	-0.059962	0.012257
887.299542	0.080756	-0.050272	0.008215
887.937637	0.077156	-0.076690	0.022829
888.503458	0.075576	-0.072465	0.018637
889.061613	0.078356	-0.075215	0.012946
889.669141	0.077784	-0.104261	0.006188
890.300679	0.078201	-0.058151	0.013701
890.911029	0.076178	-0.107257	0.023355
891.521183	0.073832	-0.117145	0.020646
892.086263	0.076191	-0.120371	0.007161
892.708250	0.080340	-0.157576	0.010232
893.331970	0.077042	-0.132689	0.016739
893.953181	0.077448	-0.138010	0.010784
894.513085	0.078423	-0.147880	0.006893
895.076193	0.077558	-0.157222	0.018167
895.650574	0.079260	-0.151969	0.013883
896.274055	0.079895	-0.186378	0.020724
896.901757	0.074338	-0.127051	0.010011
897.464806	0.079619	-0.157586	0.007853
898.042528	0.070493	-0.137979	0.008437
898.660176	0.077511	-0.147537	0.006172
899.271402	0.082461	-0.129624	0.006709
899.843563	0.075703	-0.165855	0.005747
900.406261	0.078821	-0.119440	0.015466
900.997799	0.076977	-0.129625	0.012393
901.617398	0.072934	-0.127954	0.014496
902.219132	0.074069	-0.121593	0.009525
902.784927	0.081472	-0.140990	0.021318
903.370267	0.076727	-0.108765	0.011283
904.000225	0.078405	-0.066310	0.020296
904.564075	0.081382	-0.133355	0.017310
905.138912	0.077632	-0.101502	0.009078
905.702267	0.074296	-0.085264	0.022633
906.326003	0.083226	-0.098865	0.011146
906.953830	0.078673	-0.082007	0.013962
907.556712	0.077507	-0.093017	0.012660
908.126228	0.079980	-0.101049	0.020253
908.711698	0.082276	-0.112441	0.008211
909.345588	0.079974	-0.089706	0.017113
909.944139	0.078660	-0.095410	0.012480
910.577770	0.075168	-0.084458	0.013248
911.158136	0.077532	-0.069822	0.012716
911.748119	0.079589	-0.069473	0.007858
912.338611	0.081330	-0.085887	0.007313
912.956606	0.080602	-0.040317	0.017123
913.526668	0.080038	-0.049002	0.009747
914.135093	0.080981	-0.059649	0.010654
914.737533	0.074141	-0.049326	0.012261
915.371955	0.081791	-0.060690	0.010355
915.948090	0.074432	-0.062292	0.006378
916.537584	0.076355	-0.055393	0.007348
917.154370	0.078898	-0.025671	0.012552
917.799210	0.078730	-0.044400	0.016015
918.393642	0.076723	-0.042204	0.009007
918.965968	0.078667	-0.032235	0.005056
919.561619	0.068784	-0.054342	0.013179
920.194951	0.076731	-0.032415	0.010701
920.874773	0.078774	-0.048342	0.014897
921.461136	0.075162	-0.030821	0.022026
922.044446	0.080485	-0.044415	0.008179
922.669359	0.079285	-0.024948	0.006929
923.289750	0.076641	-0.038368	0.014441
923.891983	0.076976	-0.045893	0.015629
924.446850	0.076706	-0.010487	0.015367
925.054206	0.076964	-0.047528	0.011673
925.636059	0.081228	-0.009712	0.011316
926.232971	0.079186	-0.007830	0.006272
926.852937	0.077595	-0.026652	0.012679
927.427191	0.080461	-0.023266	0.018114
928.036581	0.076984	0.001965	0.012421
928.626698	0.077379	-0.026359	0.009604
929.230914	0.080295	-0.005858	0.011394
929.852230	0.081248	-0.014437	0.023132
930.423224	0.084004	-0.015974	0.014304
931.018231	0.079060	-0.002537	0.005625
931.629613	0.074851	0.005780	0.008331
932.210714	0.074642	-0.011223	0.010138
932.790805	0.081570	-0.021587	0.019626
933.393812	0.077745	0.014475	0.007848
933.979561	0.079293	0.023768	0.028076
934.557776	0.076059	0.001003	0.006653
935.168733	0.082655	-0.000891	0.017768
935.737035	0.077396	0.033304	0.020825
936.325387	0.075061	-0.004457	0.009148
936.911750	0.075803	-0.003544	0.013559
937.561063	0.077859	-0.001472	0.011284
938.138622	0.080010	0.018447	0.015782
938.759258	0.077881	0.019623	0.022306
939.384102	0.081716	0.028390	0.011715
939.987450	0.074340	0.028215	0.010899
940.564735	0.078142	0.024451	0.007440
941.122993	0.071832	0.018448	0.008131
941.727155	0.081671	0.028954	0.015221
942.338782	0.077689	0.022471	0.004543
942.948958	0.077263	0.033798	0.007702
943.529713	0.077464	0.038648	0.009893
944.111559	0.083489	0.053334	0.013686
944.762993	0.076153	0.029811	0.010467
945.344839	0.084218	0.030078	0.008330
946.001227	0.080072	0.035105	0.008634
946.597890	0.083463	0.049734	0.014659
947.231921	0.079793	0.047439	0.008908
947.850294	0.070272	0.040341	0.008956
948.437257	0.079117	0.053363	0.008795
949.068277	0.079202	0.045640	0.006561
949.633833	0.078119	0.050621	0.011178
950.228843	0.077035	0.040055	0.008167
950.817164	0.077995	0.047231	0.010724
951.440494	0.077979	0.037774	0.008950
951.988343	0.077952	0.068412	0.007020
952.606040	0.080893	0.060897	0.007346
953.198822	0.083470	0.064222	0.021733
953.869711	0.073850	0.049384	0.017080
954.463530	0.077292	0.040539	0.006573
955.015191	0.078851	0.074506	0.012905
955.573417	0.077287	0.058561	0.010558
956.201943	0.078478	0.067447	0.008899
956.814897	0.081814	0.051608	0.007205
957.398650	0.077372	0.085797	0.013664
958.037368	0.079918	0.065763	0.008270
958.624230	0.072801	0.059117	0.007513
959.236647	0.082918	0.066656	0.012769
959.811490	0.077385	0.057581	0.012045
960.365674	0.078211	0.078391	0.006240
960.964916	0.075651	0.074296	0.014779
961.571543	0.074034	0.074197	0.008914
962.170384	0.072119	0.096430	0.008152
962.734853	0.070362	0.082223	0.013530
963.330662	0.080963	0.098989	0.009359
963.956122	0.075817	0.097427	0.004774
964.561914	0.076877	0.096955	0.005125
964.921695	0.080829	0.108390	0.005413
964.344180	0.077011	0.088258	0.016228
963.743496	0.080267	0.100643	0.007322
963.076354	0.078698	0.071964	0.006970
962.480964	0.081340	0.086834	0.009482
961.877918	0.078431	0.101140	0.009821
961.343496	0.077830	0.075979	0.012585
960.740285	0.075987	0.071323	0.005309
960.137751	0.078836	0.082044	0.003813
959.517811	0.076794	0.076234	0.014999
958.949902	0.079083	0.090786	0.005526
958.363467	0.080925	0.064537	0.007825
957.771928	0.081043	0.073939	0.022966
957.149292	0.081353	0.055890	0.004658
956.520165	0.080357	0.078334	0.005312
955.945679	0.081241	0.078339	0.006596
955.350757	0.074582	0.075854	0.014245
954.726536	0.084046	0.047523	0.006386
954.112539	0.074440	0.043388	0.008751
953.528132	0.076315	0.056060	0.010351
952.928374	0.081051	0.056742	0.012095
952.310515	0.080059	0.070282	0.013569
951.710269	0.077760	0.044562	0.008305
951.152046	0.083583	0.073069	0.010067
950.550231	0.073703	0.063416	0.012800
949.948212	0.078025	0.050179	0.016097
949.357622	0.076687	0.050062	0.007319
948.747758	0.078461	0.045723	0.007538
948.179199	0.079348	0.040396	0.005402
947.570530	0.076403	0.044069	0.010077
946.966508	0.077050	0.038664	0.009519
946.375444	0.078941	0.065305	0.015933
945.794484	0.080222	0.038387	0.009188
945.246521	0.079242	0.033563	0.007101
944.684799	0.078114	0.019444	0.011070
944.069784	0.077047	0.024305	0.006592
943.461646	0.080033	0.011524	0.013036
942.863506	0.081084	0.023647	0.005218
942.221922	0.077930	0.018051	0.010919
941.634320	0.075883	0.014490	0.013786
941.037990	0.077035	0.057910	0.013332
940.415711	0.077995	0.033183	0.012619
939.840462	0.081739	0.004233	0.019735
939.230624	0.079987	0.014022	0.009760
938.655783	0.078430	0.020811	0.011643
938.062856	0.077492	-0.007865	0.009672
937.438894	0.081573	0.023551	0.007966
936.858426	0.077400	0.016872	0.007103
936.292864	0.078127	0.003305	0.013820
935.685671	0.077438	0.005707	0.015865
935.100757	0.075957	0.012462	0.004959
934.517425	0.077451	0.004707	0.009684
933.897962	0.076510	0.006378	0.011494
933.305656	0.080979	0.001549	0.007095
932.662355	0.077558	-0.020481	0.008627
932.087933	0.078336	0.011233	0.012746
931.504469	0.076445	0.004581	0.011613
930.873153	0.080325	-0.014842	0.010627
930.230842	0.077301	0.002595	0.004900
929.639882	0.078083	-0.007306	0.006773
929.073390	0.078911	-0.039071	0.015477
928.506570	0.079081	-0.017107	0.004338
927.905983	0.080453	-0.015086	0.011163
927.287345	0.079973	-0.005792	0.017433
926.705751	0.075227	-0.040922	0.007994
926.136578	0.076310	-0.020844	0.008919
925.562782	0.076994	-0.036562	0.010551
924.971090	0.080155	-0.021655	0.009547
924.351082	0.080000	-0.017320	0.013808
923.771580	0.079015	-0.016752	0.008193
923.133815	0.075902	-0.043456	0.013372
922.532375	0.079414	-0.024266	0.008728
921.894253	0.078913	-0.029133	0.006911
921.234629	0.078896	-0.048577	0.011734
920.633393	0.077818	-0.017934	0.012028
919.993829	0.080034	-0.031304	0.008899
919.445828	0.080863	-0.037959	0.015392
918.829215	0.079321	-0.062474	0.013622
918.216520	0.075553	-0.066266	0.011131
917.639107	0.082498	-0.038747	0.006705
917.063358	0.077950	-0.063346	0.003899
916.447933	0.081670	-0.064577	0.013374
915.824885	0.078979	-0.068952	0.019026
915.269198	0.079700	-0.070238	0.014334
914.632016	0.077093	-0.037686	0.011630
914.086567	0.078563	-0.062231	0.018455
913.493228	0.078204	-0.065418	0.017947
912.891903	0.078276	-0.077868	0.016532
912.329520	0.078206	-0.049290	0.021447
911.755686	0.078130	-0.064187	0.012995
911.145590	0.081204	-0.084033	0.010337
910.508668	0.079683	-0.070522	0.009867
909.931153	0.079235	-0.075433	0.029761
909.288180	0.079747	-0.098676	0.014025
908.667839	0.079639	-0.107961	0.022129
908.023796	0.077542	-0.096217	0.014112
907.455562	0.077433	-0.091274	0.020500
906.887657	0.081191	-0.119315	0.017403
906.263007	0.078305	-0.080897	0.014466
905.623688	0.079118	-0.110577	0.015257
905.053985	0.076865	-0.124722	0.013506
904.497449	0.079927	-0.102166	0.014611
903.889850	0.077887	-0.109668	0.014930
903.294425	0.079672	-0.090459	0.010542
902.682436	0.078248	-0.157504	0.022457
902.072573	0.076329	-0.129133	0.018117
901.495043	0.080627	-0.152922	0.026511
900.889949	0.078467	-0.103376	0.013399
900.324301	0.079422	-0.118355	0.009129
899.762457	0.079075	-0.130037	0.014112
899.152786	0.078219	-0.119762	0.008466
898.608854	0.079073	-0.145516	0.010311
898.022048	0.071660	-0.113523	0.013432
897.420416	0.079151	-0.114862	0.015645
896.854781	0.078113	-0.166168	0.010000
896.307535	0.077301	-0.137044	0.012288
895.678413	0.077910	-0.180869	0.011992
895.025302	0.078993	-0.144643	0.015490
894.435666	0.078121	-0.169837	0.008339
893.846306	0.079096	-0.146977	0.027784
893.275761	0.077744	-0.123054	0.018738
892.716373	0.075966	-0.124343	0.013610
892.135052	0.079487	-0.139216	0.013187
891.574020	0.075954	-0.163388	0.018298
891.000473	0.078602	-0.119831	0.021479
890.424041	0.077054	-0.115161	0.016760
889.768867	0.078765	-0.088846	0.007195
889.179979	0.080766	-0.084898	0.013314
888.597942	0.079407	-0.062185	0.022255
888.045600	0.077295	-0.086905	0.010458
887.463979	0.077662	-0.063664	0.010219
886.815225	0.078381	-0.035828	0.019643
886.196824	0.079333	-0.024826	0.010111
885.628908	0.080549	0.008446	0.021654
885.047451	0.079472	-0.018335	0.007991
884.474139	0.080326	-0.016200	0.009962
883.855645	0.078176	-0.002500	0.015098
883.238789	0.077740	-0.033247	0.014795
882.659423	0.077424	-0.018126	0.009190
882.064229	0.077704	-0.081525	0.020876
881.473085	0.077179	-0.060706	0.014555
880.890468	0.078529	-0.107466	0.014089
880.263321	0.079486	-0.144490	0.014719
879.701183	0.078890	-0.174415	0.009912
879.107839	0.078792	-0.246801	0.018802
878.481204	0.077469	-0.285367	0.023983
877.903259	0.077843	-0.266737	0.015387
877.349378	0.079027	-0.338297	0.017051
876.750421	0.079877	-0.364117	0.011910
876.171128	0.076660	-0.393984	0.023118
875.564058	0.077619	-0.414236	0.022812
874.948286	0.077070	-0.472973	0.004794
874.379968	0.079482	-0.489192	0.013569
873.771173	0.079162	-0.513293	0.019943
873.178331	0.079176	-0.587353	0.023169
872.543698	0.078752	-0.589184	0.012171
871.971059	0.079475	-0.648315	0.010255
871.398734	0.080511	-0.695699	0.016349
870.801280	0.078843	-0.740307	0.013433
870.160321	0.077986	-0.781357	0.029045
869.555984	0.079529	-0.773902	0.018621
868.971054	0.077328	-0.819672	0.015111
868.413608	0.077887	-0.836027	0.020208
867.789997	0.077673	-0.854931	0.012116
867.172923	0.080422	-0.845909	0.012587
866.610006	0.077319	-0.783568	0.027851
866.011100	0.078099	-0.762964	0.013196
865.389056	0.080198	-0.768816	0.018124
864.747162	0.077772	-0.667058	0.010454
864.189058	0.077827	-0.586453	0.021655
863.636217	0.078856	-0.561217	0.020994
862.986568	0.079088	-0.522105	0.017813
862.368236	0.077766	-0.424892	0.024029
861.748878	0.079658	-0.370496	0.027998
861.180971	0.078836	-0.328751	0.026673
860.579595	0.079298	-0.278379	0.025884
859.980664	0.080490	-0.226202	0.007321
859.326601	0.078766	-0.187330	0.014901
858.694175	0.078099	-0.069025	0.034826
858.138937	0.079979	-0.061638	0.013962
857.532586	0.078213	0.019623	0.014276
856.900938	0.079026	0.077729	0.007510
856.279166	0.078267	0.140287	0.023389
855.640021	0.078287	0.173653	0.019132
855.063377	0.079941	0.254498	0.007831
854.475270	0.078067	0.265468	0.006107
853.845061	0.078885	0.314489	0.023214
853.250420	0.078127	0.388955	0.012558
852.665083	0.077475	0.404943	0.011267
852.052290	0.078660	0.404711	0.015919
851.451338	0.077191	0.421223	0.023361
850.837950	0.077351	0.375996	0.013495
850.254253	0.078966	0.370701	0.008628
849.685839	0.079951	0.314167	0.015563
849.069323	0.078358	0.297585	0.022784
848.489396	0.078482	0.275102	0.021770
847.915241	0.078337	0.256889	0.016586
847.338854	0.078584	0.251472	0.008782
846.717714	0.079752	0.258207	0.024234
846.102804	0.079366	0.160007	0.016882
845.511828	0.080865	0.188459	0.017576
844.852630	0.079509	0.164854	0.006482
844.279420	0.079279	0.179334	0.022697
843.669918	0.078081	0.141284	0.023465
843.086003	0.080392	0.138896	0.014509
842.496863	0.077590	0.161224	0.020351
841.932546	0.079637	0.088657	0.012497
841.332904	0.079776	0.094155	0.018143
840.726556	0.078317	0.126127	0.019745
840.125386	0.078240	0.095812	0.012972
839.541818	0.080721	0.096710	0.010368
838.980259	0.078073	0.081063	0.016996
838.385484	0.078078	0.102534	0.007168
837.799954	0.078562	0.103023	0.025695
837.177240	0.078051	0.077962	0.003319
836.555237	0.080625	0.106232	0.031060
835.986547	0.081123	0.097621	0.013215
835.375733	0.080096	0.091657	0.013359
834.713288	0.078557	0.085252	0.013393
834.118026	0.079659	0.099182	0.015716
833.530051	0.078546	0.076067	0.011579
832.942303	0.079223	0.059980	0.012429
832.341363	0.079404	0.063411	0.011673
831.732285	0.079111	0.073612	0.010383
831.112018	0.079756	0.057782	0.008838
830.542868	0.080689	0.048136	0.016429
829.926663	0.079012	0.063459	0.026678
829.325846	0.080033	0.076202	0.021333
828.686642	0.079648	0.065733	0.011335
828.112998	0.078468	0.067222	0.009678
827.522434	0.078288	0.054723	0.012551
826.945407	0.077305	0.055013	0.015285
826.346118	0.079913	0.054477	0.017117
825.755986	0.078896	0.037626	0.015524
825.189624	0.079316	0.044197	0.007265
824.615046	0.078810	0.080392	0.020257
824.013250	0.077556	0.067087	0.018850
823.350029	0.077863	0.016231	0.015570
822.787721	0.078207	0.034922	0.014589
822.197871	0.078198	0.042999	0.011261
821.637958	0.077343	0.053530	0.007714
821.000978	0.077672	0.058487	0.018490
820.410788	0.079845	0.035569	0.022225
819.831664	0.078932	0.054220	0.020951
819.243680	0.078846	0.044284	0.007736
818.609237	0.078233	0.046473	0.027465
817.994670	0.077897	0.032815	0.014645
817.416899	0.079461	0.063398	0.012985
816.872887	0.079292	0.021454	0.007932
816.305807	0.078470	0.043023	0.015939
815.693871	0.079023	0.066465	0.015562
815.061612	0.080107	-0.000117	0.008628
814.462847	0.079663	0.061550	0.019806
813.805556	0.078887	0.044309	0.012923
813.183973	0.078480	0.068414	0.015664
812.531421	0.079029	0.042328	0.008008
811.905943	0.077559	0.039108	0.014992
811.389638	0.079057	0.021411	0.011848
810.759120	0.080026	0.033617	0.020896
810.128697	0.078070	0.057556	0.013803
809.555202	0.079717	0.053625	0.007193
808.966679	0.080145	0.059455	0.009405
808.374359	0.079494	0.055606	0.023069
807.795746	0.079238	0.053113	0.009893
807.218779	0.078066	0.053451	0.011426
806.615303	0.079313	0.044078	0.013191
806.051812	0.079214	0.045735	0.031589
805.435008	0.078487	0.027014	0.015735
804.829521	0.079872	0.071777	0.028895
804.220108	0.080545	0.045758	0.011395
803.657654	0.080601	0.059195	0.017815
803.064027	0.077180	0.037509	0.012738
802.441637	0.078428	0.048880	0.017722
801.846106	0.079757	0.045514	0.017827
801.201589	0.078032	0.021898	0.012565
800.613055	0.079378	0.039293	0.012749
800.021804	0.079599	0.054667	0.022674
799.445982	0.079509	0.052670	0.012642
798.846646	0.079182	0.014255	0.022752
798.235707	0.079054	0.064235	0.017084
797.650828	0.076379	0.029712	0.017605
797.054033	0.077305	0.032492	0.012832
796.429465	0.079494	0.051509	0.012770
795.791448	0.078968	0.048538	0.016856
795.218051	0.079058	0.043900	0.014485
794.660403	0.079973	0.019295	0.015427
794.023549	0.077420	0.033005	0.010351
793.433923	0.080666	0.019085	0.018583
792.814651	0.078294	0.048523	0.010770
792.249900	0.078859	0.070529	0.007997
791.670803	0.079888	0.044928	0.017305
791.060281	0.078875	0.049104	0.010906
790.474009	0.079870	0.039072	0.014691
789.904957	0.077874	0.047326	0.010555
789.288861	0.078555	0.063549	0.021564
788.667553	0.078907	0.033037	0.013446
788.054568	0.077957	0.046296	0.016341
787.426692	0.078891	0.031119	0.011435
786.863588	0.080989	0.038299	0.010000
786.239449	0.078553	0.035159	0.012507
785.694131	0.079501	0.071111	0.013156
785.094782	0.078893	0.045969	0.012940
784.528063	0.078833	0.044081	0.006234
783.930911	0.079317	0.062544	0.009718
783.271634	0.078426	0.057047	0.008551
782.658847	0.078953	0.092004	0.010644
782.093933	0.079909	0.032350	0.006952
781.521352	0.079135	0.072300	0.018415
780.934336	0.078364	0.039397	0.029429
780.292499	0.080001	0.026543	0.007556
779.668787	0.079316	0.030307	0.006134
779.092443	0.079034	0.051266	0.008094
778.461912	0.078210	0.029745	0.014507
777.843058	0.078485	0.072059	0.006995
777.258907	0.078351	0.013197	0.011762
776.660004	0.079225	0.046413	0.017517
776.095368	0.079871	0.035395	0.017659
775.518905	0.078248	0.056078	0.011905
774.886666	0.080002	0.042638	0.011096
774.319489	0.080210	0.044969	0.016890
773.688272	0.080122	0.040590	0.011078
773.116904	0.078537	0.053855	0.013808
772.486559	0.077582	0.037378	0.017948
771.868710	0.079026	0.057565	0.006595
771.262918	0.078724	0.044905	0.021970
770.668284	0.077435	0.043321	0.012309
770.112692	0.079419	0.027622	0.020733
769.547175	0.079432	0.062176	0.011795
768.927864	0.078939	0.025754	0.020483
768.322314	0.078897	0.054622	0.019761
767.752022	0.079777	0.018948	0.019646
767.167460	0.078445	0.061803	0.014721
766.562701	0.079763	0.061504	0.007908
765.965480	0.079561	0.041715	0.014761
765.393164	0.078881	0.035451	0.013868
764.799946	0.078725	0.062223	0.014058
764.211236	0.078652	0.056496	0.018076
763.588114	0.077737	0.022446	0.015703
762.949013	0.079188	0.047705	0.019405
762.398311	0.078723	0.042969	0.010899
761.839179	0.079819	0.075509	0.013119
761.259454	0.079045	0.040164	0.013259
760.638090	0.079213	0.047828	0.012048
760.062386	0.079854	0.044201	0.007291
759.481845	0.077124	0.037933	0.011347
758.880364	0.079536	0.056351	0.022133
758.244243	0.078322	0.038279	0.014940
757.628024	0.076303	0.079236	0.006400
757.074262	0.078995	0.057423	0.016671
756.443868	0.080668	0.056794	0.008175
755.814723	0.077482	0.068940	0.016364
755.204505	0.078809	0.063940	0.010686
754.576393	0.078348	0.026496	0.010538
754.023725	0.077761	0.064237	0.015408
753.419399	0.078675	0.037704	0.015223
752.813541	0.077616	0.049868	0.010692
752.175006	0.077439	0.056491	0.008575
751.612126	0.077609	0.039040	0.015197
751.007418	0.078377	0.092347	0.009118
750.424716	0.077931	0.068123	0.009304
749.799430	0.079312	0.054437	0.008969
749.181721	0.080645	0.045420	0.011653
748.611790	0.078375	0.048551	0.010452
748.022562	0.079158	0.073285	0.009530
747.397374	0.080205	0.073934	0.009592
746.779003	0.076685	0.055182	0.017302
746.221479	0.077773	0.042448	0.014502
745.589321	0.079455	0.074781	0.007173
744.966572	0.078893	0.073106	0.015474
744.397521	0.079921	0.066866	0.007129
743.781415	0.077560	0.072046	0.011378
743.238077	0.077528	0.050097	0.009309
742.635477	0.078056	0.073285	0.004843
742.049182	0.078738	0.056018	0.011743
741.436898	0.079793	0.085891	0.007873
740.879255	0.080476	0.075406	0.014631
740.271351	0.079007	0.076527	0.012886
739.660806	0.079913	0.076878	0.005950
739.088633	0.076859	0.100740	0.010327
738.500028	0.077136	0.091998	0.014885
737.933981	0.077983	0.091553	0.016263
737.355070	0.077177	0.103775	0.012847
736.738974	0.079772	0.113657	0.012601
736.151402	0.080018	0.113829	0.022430
735.514875	0.079107	0.133115	0.013072
734.937491	0.079167	0.090867	0.011274
734.317218	0.078196	0.128933	0.005735
733.683772	0.078922	0.131087	0.013031
733.056006	0.077873	0.135782	0.014742
732.488344	0.079937	0.149595	0.010001
731.906796	0.076623	0.152843	0.003249
731.281582	0.080903	0.171448	0.011530
730.690888	0.078373	0.156250	0.011873
730.106792	0.079934	0.197295	0.012005
729.560313	0.077708	0.193344	0.008403
728.963246	0.077596	0.213602	0.010015
728.354784	0.078956	0.228754	0.018635
727.778267	0.078047	0.225256	0.010252
727.217424	0.079508	0.252402	0.011736
726.635731	0.080967	0.276630	0.008008
726.079401	0.079169	0.264922	0.013068
725.486247	0.077875	0.268613	0.008089
724.940782	0.077304	0.268763	0.011987
724.376084	0.078469	0.230649	0.010761
723.750730	0.079638	0.194703	0.010191
723.143495	0.079868	0.171598	0.014971
722.530661	0.080121	0.118347	0.013086
721.971722	0.079083	0.032306	0.008800
721.355441	0.079388	-0.011544	0.010568
720.771630	0.079135	-0.083915	0.014142
720.140075	0.078608	-0.162333	0.021450
719.551231	0.080346	-0.233502	0.008785
718.978448	0.079027	-0.301197	0.008261
718.388430	0.077061	-0.381513	0.013657
717.777079	0.077585	-0.468328	0.006622
717.156707	0.078881	-0.531271	0.012893
716.579761	0.078210	-0.617457	0.017085
716.001696	0.077752	-0.688160	0.010516
715.388536	0.079895	-0.772427	0.015418
714.765900	0.078060	-0.850400	0.008500
714.147675	0.078997	-0.897641	0.010044
713.574247	0.079298	-0.982572	0.009719
712.968734	0.079249	-1.003969	0.011537
712.374941	0.079743	-1.032095	0.004802
711.787491	0.077609	-1.037189	0.012243
711.179141	0.080064	-0.975149	0.010479
710.618646	0.078321	-0.912534	0.007940
710.027835	0.081298	-0.818394	0.012638
709.400192	0.079315	-0.708419	0.025320
708.839831	0.077811	-0.573441	0.015633
708.291903	0.081364	-0.472512	0.006363
707.698231	0.078068	-0.363954	0.012438
707.110888	0.079448	-0.249185	0.013146
706.487331	0.078005	-0.137283	0.007863
705.883315	0.080069	0.040090	0.018292
705.308681	0.077153	0.163091	0.017094
704.676186	0.080928	0.294796	0.005647
704.061873	0.076941	0.416804	0.009805
703.526408	0.076320	0.524262	0.012878
702.979957	0.075994	0.654734	0.015295
702.417163	0.078609	0.772047	0.017764
701.826425	0.082896	0.893181	0.009135
701.182006	0.079850	0.986805	0.008225
700.586001	0.075724	1.076577	0.009408
700.025342	0.078911	1.108190	0.009840
699.424679	0.079495	1.108065	0.009891
698.804930	0.081751	1.101470	0.014136
698.199478	0.078612	1.035145	0.005825
697.582402	0.080451	0.962428	0.006688
696.934503	0.079778	0.864070	0.014803
696.344276	0.078513	0.744764	0.009744
695.687497	0.079451	0.630464	0.010313
695.065158	0.079007	0.555327	0.019005
694.485857	0.077698	0.429487	0.010293
693.887240	0.080413	0.340834	0.010442
693.271552	0.079312	0.266427	0.011669
692.694267	0.080053	0.170814	0.005786
692.119520	0.078893	0.070798	0.016030
691.545438	0.077074	-0.006546	0.012750
690.929877	0.082556	-0.125464	0.018927
690.303935	0.078842	-0.202853	0.013514
689.733461	0.077639	-0.278352	0.015819
689.184832	0.078420	-0.357019	0.015975
688.581311	0.080009	-0.457299	0.011750
687.972335	0.079539	-0.547311	0.013625
687.338794	0.079958	-0.635196	0.012478
686.726658	0.078569	-0.728785	0.009826
686.155409	0.080542	-0.812102	0.016184
685.547051	0.076861	-0.898214	0.011015
684.931432	0.079906	-0.897972	0.013601
684.299844	0.079244	-0.937607	0.010558
683.722849	0.076306	-0.908485	0.008499
683.121444	0.080849	-0.895757	0.009684
682.489093	0.082471	-0.854484	0.015734
681.896090	0.077925	-0.815807	0.009443
681.298999	0.078145	-0.749028	0.006526
680.756155	0.080307	-0.717442	0.007724
680.170252	0.077421	-0.652731	0.016750
679.550857	0.079148	-0.600729	0.008920
678.942346	0.079065	-0.560316	0.008676
678.364024	0.078196	-0.493731	0.011522
677.747638	0.079071	-0.477051	0.005564
677.127724	0.078963	-0.433691	0.010091
676.557645	0.077223	-0.373770	0.007336
675.975252	0.078036	-0.328568	0.015152
675.401511	0.079821	-0.312814	0.008279
674.765431	0.081063	-0.270800	0.004429
674.163779	0.079292	-0.250807	0.017101
673.530466	0.079905	-0.213216	0.010785
672.866287	0.078480	-0.177514	0.005777
672.210494	0.076062	-0.127492	0.009619
671.568036	0.079723	-0.092358	0.013232
670.918297	0.078881	-0.073137	0.004398
670.247259	0.078373	-0.061581	0.008533
669.682794	0.077151	-0.044059	0.008267
669.090625	0.075384	-0.026707	0.019486
668.496751	0.076560	-0.039726	0.011761
667.859780	0.076298	-0.016081	0.012023
667.259617	0.078745	-0.020170	0.009890
666.674325	0.078242	-0.030579	0.008645
666.092936	0.080090	-0.040703	0.009813
665.445800	0.079757	-0.048660	0.006059
664.841583	0.076991	-0.057423	0.006595
664.287043	0.076718	-0.068423	0.006387
663.708729	0.079199	-0.079750	0.005792
663.113677	0.078628	-0.043780	0.013488
662.488750	0.079551	-0.076512	0.009943
661.898190	0.076912	-0.084213	0.009236
661.307479	0.082330	-0.069777	0.010755
660.682626	0.078712	-0.090842	0.010218
660.126410	0.078727	-0.083995	0.010383
659.529073	0.078098	-0.099743	0.005051
658.957378	0.079560	-0.116996	0.010028
658.357859	0.082853	-0.090461	0.005395
657.752594	0.078629	-0.093852	0.007062
657.124108	0.079374	-0.097045	0.008461
656.578991	0.080733	-0.087877	0.012416
656.022169	0.077226	-0.095154	0.008210
655.439503	0.079493	-0.092990	0.011852
654.808060	0.080105	-0.087001	0.012014
654.181563	0.077778	-0.114101	0.015784
653.613036	0.078161	-0.101132	0.011641
653.084046	0.078346	-0.080810	0.007851
652.471881	0.079616	-0.094905	0.014125
651.848388	0.079618	-0.082777	0.009213
651.245256	0.078429	-0.089231	0.008871
650.690799	0.078253	-0.116526	0.007275
650.084613	0.080236	-0.098189	0.021024
649.463508	0.078995	-0.103923	0.006395
648.873194	0.078595	-0.097490	0.009760
648.279860	0.076024	-0.088789	0.013552
647.728012	0.080872	-0.090776	0.007825
647.105611	0.077437	-0.104762	0.009469
646.524884	0.077658	-0.097051	0.014213
645.922883	0.078051	-0.104293	0.006032
645.376910	0.079902	-0.110924	0.004832
644.742579	0.079074	-0.093214	0.009051
644.120002	0.081623	-0.100341	0.011640
643.525376	0.078029	-0.114065	0.017874
642.871810	0.077929	-0.079924	0.008778
642.293484	0.079375	-0.089345	0.008793
641.717126	0.077032	-0.084843	0.011543
641.159723	0.077619	-0.099498	0.008867
640.518539	0.077661	-0.095307	0.022704
639.942345	0.077444	-0.120403	0.007803
639.332878	0.082325	-0.098967	0.006249
638.735514	0.077809	-0.107340	0.010270
638.114562	0.077097	-0.085219	0.018035
637.511542	0.082296	-0.086173	0.006814
636.935847	0.079178	-0.109468	0.015604
636.334455	0.079319	-0.090375	0.016479
635.748441	0.077687	-0.116398	0.011244
635.120259	0.078704	-0.103829	0.007723
635.428061	0.076909	-0.079388	0.013300
636.019757	0.078784	-0.092746	0.007144
636.611887	0.081980	-0.109774	0.010667
637.247858	0.080960	-0.100703	0.013631
637.829452	0.078691	-0.088734	0.018596
638.399689	0.079928	-0.113065	0.006736
638.972279	0.077687	-0.127335	0.019542
639.612456	0.081040	-0.109064	0.004630
640.195599	0.083353	-0.103120	0.009531
640.832221	0.079350	-0.092875	0.009288
641.405618	0.078380	-0.107468	0.012768
642.003657	0.079706	-0.091948	0.008758
642.608115	0.076280	-0.108677	0.008096
643.177115	0.081872	-0.118691	0.022513
643.726485	0.079372	-0.090404	0.010457
644.315803	0.079002	-0.105883	0.017123
644.908663	0.079136	-0.092906	0.007652
645.479915	0.079781	-0.114856	0.004838
646.044874	0.077540	-0.099986	0.007490
646.610945	0.077599	-0.119159	0.012401
647.190847	0.081531	-0.100310	0.017186
647.841865	0.079377	-0.086359	0.008387
648.442232	0.079481	-0.107355	0.009549
649.045577	0.077942	-0.096260	0.024432
649.693481	0.077713	-0.093242	0.008399
650.287402	0.079273	-0.082365	0.010504
650.909520	0.080850	-0.107440	0.013257
651.515788	0.080090	-0.088222	0.017070
652.064207	0.080211	-0.082879	0.015632
652.667052	0.078151	-0.074331	0.010941
653.241252	0.078094	-0.083183	0.007721
653.832359	0.080846	-0.084980	0.004779
654.442035	0.078350	-0.097839	0.007591
655.013373	0.076209	-0.086464	0.016773
655.657742	0.079716	-0.073267	0.008135
656.288528	0.077365	-0.084397	0.008335
656.887012	0.081845	-0.087145	0.009404
657.443770	0.079992	-0.082429	0.012538
658.053239	0.078681	-0.102128	0.011432
658.680172	0.078596	-0.070830	0.009407
659.275419	0.079905	-0.081169	0.006919
659.925293	0.080912	-0.078229	0.004950
660.469685	0.076737	-0.082674	0.012106
661.058094	0.081114	-0.088437	0.006149
661.654857	0.079433	-0.078449	0.009378
662.265099	0.077832	-0.083295	0.011917
662.857059	0.078332	-0.069164	0.009796
663.452362	0.078351	-0.070226	0.011674
664.045582	0.076914	-0.052549	0.016171
664.649553	0.078906	-0.065235	0.007630
665.231828	0.078034	-0.083663	0.016997
665.804557	0.077652	-0.052397	0.008871
666.410761	0.078114	-0.034898	0.022942
667.096491	0.076020	-0.029464	0.008147
667.690708	0.075911	-0.018786	0.008044
668.279389	0.078811	-0.026775	0.016207
668.915385	0.078874	-0.018117	0.008720
669.496767	0.078630	-0.033686	0.005385
670.083710	0.079429	-0.061416	0.013129
670.722757	0.078922	-0.054701	0.007130
671.282222	0.080017	-0.064105	0.008887
671.913269	0.078898	-0.098597	0.008996
672.531319	0.079398	-0.144263	0.007006
673.151602	0.078624	-0.172951	0.009725
673.713048	0.080500	-0.210001	0.009476
674.278244	0.079822	-0.250339	0.003862
674.863748	0.081506	-0.272241	0.009151
675.474425	0.078377	-0.296026	0.006625
676.049997	0.078627	-0.347198	0.008169
676.617649	0.078932	-0.376575	0.005472
677.199607	0.078883	-0.408465	0.008190
677.846595	0.077378	-0.455692	0.006667
678.443979	0.078970	-0.499999	0.007736
679.048353	0.079855	-0.549281	0.008235
679.610279	0.079657	-0.578882	0.007656
680.187672	0.079323	-0.629954	0.016177
680.793484	0.079021	-0.697051	0.006860
681.415263	0.077577	-0.731902	0.010211
681.990223	0.072795	-0.798483	0.006704
682.611397	0.076866	-0.869365	0.013823
683.215656	0.079067	-0.885611	0.009707
683.814823	0.077801	-0.891139	0.004383
684.482603	0.081131	-0.924822	0.013854
685.048857	0.078879	-0.895816	0.005632
685.645039	0.080859	-0.866422	0.007546
686.271932	0.077828	-0.822276	0.006277
686.876724	0.077884	-0.725793	0.013607
687.441818	0.077062	-0.680865	0.006825
688.017218	0.076935	-0.570380	0.010816
688.610084	0.079360	-0.480597	0.015259
689.191678	0.078258	-0.400587	0.008885
689.806702	0.077639	-0.312484	0.009565
690.362089	0.081568	-0.225347	0.015974
690.967068	0.080072	-0.124796	0.004882
691.554367	0.077969	-0.055868	0.013910
692.157739	0.079831	0.066583	0.007834
692.734567	0.079024	0.150649	0.014051
693.372478	0.080404	0.240987	0.017032
693.949240	0.077045	0.324521	0.016511
694.530753	0.079135	0.412255	0.011283
695.113775	0.079908	0.502956	0.022541
695.669544	0.081486	0.577013	0.012692
696.286809	0.075785	0.719037	0.011961
696.860109	0.079483	0.795868	0.015072
697.434627	0.079080	0.895707	0.010287
698.026163	0.080794	0.983900	0.009928
698.595908	0.078158	1.057777	0.022200
699.176086	0.079748	1.110148	0.005670
699.764966	0.078945	1.112934	0.007651
700.345130	0.077801	1.113847	0.015037
700.906812	0.076993	1.078044	0.018077
701.530168	0.081150	0.979290	0.019556
702.144632	0.080989	0.878607	0.017077
702.741514	0.078804	0.767909	0.017388
703.384334	0.081732	0.607528	0.014591
703.943792	0.080460	0.508772	0.015754
704.539807	0.079283	0.344357	0.020196
705.190604	0.078592	0.229826	0.010922
705.787820	0.079395	0.094974	0.015178
706.351793	0.078587	-0.027118	0.010113
706.940029	0.078787	-0.155181	0.017976
707.501361	0.078726	-0.277618	0.010995
708.122394	0.079795	-0.408374	0.017285
708.737695	0.077544	-0.532810	0.005989
709.326811	0.079814	-0.642930	0.015399
709.951847	0.079539	-0.748661	0.017191
710.564103	0.079759	-0.857468	0.015060
711.145048	0.078650	-0.943977	0.014347
711.748794	0.080698	-1.003544	0.014125
712.362140	0.078139	-1.046872	0.008179
712.965344	0.078171	-1.035818	0.015510
713.516283	0.077046	-0.988714	0.004498
714.080091	0.077561	-0.961108	0.010467
714.668590	0.079213	-0.895167	0.009251
715.261790	0.080498	-0.817057	0.009131
715.821959	0.076863	-0.736742	0.008973
716.431980	0.078454	-0.668659	0.007308
717.015535	0.079112	-0.585053	0.008476
717.589720	0.079585	-0.517118	0.013527
718.220066	0.080563	-0.441464	0.009100
718.837943	0.077998	-0.341625	0.017853
719.428454	0.077605	-0.270109	0.011019
720.029760	0.077860	-0.197529	0.022458
720.673153	0.082427	-0.124762	0.005160
721.258948	0.078809	-0.056705	0.019431
721.876108	0.076584	-0.004434	0.016879
722.475629	0.079746	0.086129	0.018774
723.055750	0.078624	0.110319	0.011740
723.654931	0.077954	0.176323	0.009636
724.271862	0.077297	0.224648	0.011073
724.885884	0.079217	0.261876	0.015412
725.448344	0.080586	0.265998	0.007807
726.087002	0.078880	0.262332	0.009611
726.719915	0.080964	0.271482	0.004815
727.319079	0.080910	0.254785	0.010388
727.901752	0.075232	0.240764	0.007749
728.466662	0.079434	0.213376	0.012119
729.081374	0.078464	0.214154	0.017902
729.712731	0.075513	0.198666	0.009064
730.349154	0.080492	0.197414	0.018088
730.922194	0.076809	0.173486	0.012350
731.554486	0.079863	0.167376	0.017223
732.174073	0.079632	0.146001	0.004268
732.766682	0.079106	0.144355	0.010254
733.325636	0.078381	0.144216	0.012394
733.950255	0.076284	0.140636	0.008810
734.595560	0.082273	0.131468	0.011905
735.207686	0.074767	0.125198	0.008011
735.821614	0.079097	0.101719	0.005567
736.445016	0.076349	0.117455	0.009836
737.037977	0.082036	0.115843	0.010268
737.670652	0.082630	0.120905	0.009893
738.274794	0.075607	0.083275	0.007290
738.866232	0.075198	0.111402	0.008793
739.428386	0.075653	0.081335	0.012585
739.994607	0.074158	0.084046	0.012058
740.613841	0.073344	0.073316	0.009452
741.242551	0.080283	0.084409	0.013924
741.788092	0.078731	0.074390	0.007409
742.356924	0.081015	0.070322	0.005748
742.983721	0.081267	0.074492	0.015041
743.572352	0.079043	0.076830	0.009680
744.200611	0.077859	0.059048	0.025243
744.800727	0.083678	0.065170	0.017379
745.424757	0.079731	0.067184	0.018450
746.029943	0.079391	0.067483	0.014097
746.644120	0.076972	0.074935	0.011604
747.250679	0.075388	0.076660	0.009443
747.826405	0.076824	0.057405	0.009765
748.450779	0.081438	0.061740	0.005716
749.053755	0.078228	0.059790	0.016720
749.655244	0.079298	0.054406	0.007400
750.231278	0.081763	0.048844	0.010099
750.859785	0.077283	0.054596	0.012127
751.475872	0.081928	0.042965	0.014617
752.099229	0.075475	0.042331	0.009031
752.757545	0.073206	0.029877	0.016291
753.333615	0.080878	0.026322	0.015596
753.946708	0.081645	0.070623	0.013039
754.512039	0.084208	0.058487	0.012895
755.111424	0.076847	0.075786	0.018172
755.662791	0.081071	0.053160	0.010750
756.268026	0.079060	0.034622	0.012504
756.857622	0.078806	0.064622	0.006610
757.473628	0.081517	0.043649	0.008456
758.067909	0.080364	0.045815	0.016488
758.623879	0.075185	0.032055	0.008015
759.237844	0.083663	0.045279	0.014168
759.857734	0.077656	0.055937	0.012232
760.455483	0.082187	0.041629	0.017337
761.053948	0.080849	0.063607	0.013591
761.618159	0.072737	0.058333	0.011311
762.210876	0.077359	0.086939	0.007054
762.834039	0.082015	0.005039	0.007952
763.413386	0.077718	0.021081	0.014173
763.985049	0.076311	0.041904	0.018298
764.600414	0.079497	0.039034	0.011487
765.221919	0.078963	0.037210	0.022619
765.793686	0.079503	0.044272	0.014507
766.338919	0.075774	0.038519	0.011885
766.908460	0.083366	0.040302	0.008400
767.453151	0.076355	0.080013	0.013315
768.008320	0.079574	0.049791	0.016309
768.544018	0.077796	0.056134	0.008125
769.105184	0.078848	0.033820	0.004945
769.671692	0.080019	0.022770	0.010610
770.232684	0.084212	0.057695	0.010264
770.850840	0.076458	0.052996	0.015563
771.469210	0.080122	0.042832	0.012657
772.045937	0.080447	0.029626	0.015020
772.696452	0.083546	0.051579	0.014233
773.370208	0.081056	0.073566	0.015203
773.913969	0.073368	0.054452	0.009965
774.493447	0.074655	0.028686	0.008566
775.067556	0.076974	0.033640	0.015715
775.675730	0.081214	0.051570	0.009871
776.330935	0.083656	0.050713	0.018690
776.972222	0.077620	0.040305	0.010831
777.596639	0.076741	0.049272	0.015450
778.150070	0.083322	0.028367	0.010401
778.783331	0.082914	0.060222	0.013947
779.426035	0.076600	0.051538	0.010282
780.102628	0.078119	0.044935	0.004173
780.764268	0.075995	0.042279	0.010037
781.353417	0.074697	0.058787	0.026604
781.951011	0.075573	0.054083	0.011649
782.600945	0.077784	0.029648	0.020703
783.273407	0.076530	0.073852	0.017466
783.941102	0.078277	0.050417	0.008159
784.534699	0.080944	0.049390	0.007991
785.121766	0.078040	0.059385	0.009502
785.735197	0.078224	0.073720	0.028877
786.365528	0.082560	0.048599	0.018803
787.023182	0.079307	0.038794	0.020416
787.663995	0.080651	0.036260	0.016489
788.251820	0.076230	0.058471	0.015711
788.948817	0.082983	0.065813	0.013872
789.630538	0.079881	0.048892	0.013459
790.262934	0.075877	0.047370	0.006315
790.907914	0.082369	0.063632	0.017144
791.483462	0.076046	0.038258	0.014585
792.080561	0.085268	0.039969	0.017644
792.671041	0.078401	0.068776	0.017162
793.316159	0.080532	0.026649	0.009116
793.996341	0.078255	0.044370	0.016432
794.641217	0.080357	0.055225	0.011075
795.203310	0.078847	0.018681	0.014051
795.812995	0.074897	0.042750	0.011067
796.467701	0.074303	0.050642	0.008532
797.113761	0.074153	0.060854	0.013346
797.774362	0.080084	0.056189	0.010783
798.372230	0.079381	0.059014	0.008550
799.007457	0.080304	0.049611	0.010364
799.664050	0.084605	0.052383	0.014225
