800.443438	0.078094	0.051458	0.018816
801.063491	0.080522	0.043221	0.017610
801.615056	0.078623	0.030665	0.020968
802.214397	0.079651	0.025845	0.018630
802.807803	0.074539	0.084495	0.019960
803.402512	0.078508	0.027486	0.027061
803.988230	0.082962	0.025687	0.010534
804.596874	0.081651	0.041171	0.018507
805.144368	0.082373	0.042256	0.023917
805.713108	0.078787	0.039462	0.017058
806.299846	0.078281	0.007581	0.015698
806.873388	0.079363	0.025434	0.028117
807.443479	0.079180	0.059687	0.007410
807.998460	0.078670	0.057295	0.012929
808.557163	0.081546	0.079214	0.018564
809.190166	0.080753	0.046679	0.012722
809.825999	0.078920	0.052661	0.007877
810.378854	0.075627	0.047334	0.007162
810.928032	0.076938	0.046634	0.007128
811.509196	0.080243	0.041470	0.010392
812.018223	0.078257	0.017221	0.009354
812.676225	0.078038	0.034537	0.017129
813.256640	0.079822	0.037639	0.010499
813.848406	0.074269	0.070196	0.013021
814.467090	0.076521	0.041865	0.012016
815.065839	0.075572	0.044299	0.006846
815.625023	0.077431	0.058607	0.020803
816.212747	0.083443	0.075581	0.009128
816.758671	0.081344	0.051127	0.015120
817.311213	0.075149	0.038986	0.012048
817.846334	0.078739	0.052377	0.008268
818.406680	0.079044	0.033346	0.017570
818.956068	0.083169	0.045071	0.011319
819.509511	0.081915	0.049651	0.019661
820.088015	0.080292	0.075189	0.013388
820.674813	0.082365	0.045586	0.018285
821.219414	0.080727	0.039240	0.012711
821.809680	0.082985	0.062221	0.017728
822.409690	0.074018	0.046922	0.008789
822.998095	0.079533	0.032819	0.012378
823.591452	0.075256	0.059695	0.011769
824.218146	0.081371	0.074169	0.014454
824.832350	0.078709	0.063880	0.009561
825.385722	0.078939	0.042539	0.026217
825.954645	0.081244	0.030217	0.012132
826.539008	0.078404	0.069803	0.011249
827.139000	0.081328	0.039600	0.012460
827.701363	0.080875	0.030032	0.004720
828.329583	0.083315	0.065906	0.017001
828.897682	0.080583	0.051248	0.015540
829.512223	0.083107	0.056865	0.020422
830.093299	0.078442	0.053960	0.016031
830.710535	0.083106	0.029467	0.008331
831.283888	0.081440	0.062637	0.018825
831.938279	0.081625	0.041879	0.016565
832.584572	0.079358	0.069807	0.025682
833.185403	0.081283	0.034542	0.011392
833.747588	0.081694	0.042597	0.015561
834.366418	0.073899	0.065850	0.005871
834.964553	0.078345	0.098118	0.016654
835.625397	0.075078	0.078196	0.016323
836.175489	0.082712	0.084419	0.013783
836.762777	0.079029	0.077321	0.009622
837.353075	0.078863	0.109437	0.017189
837.897993	0.079941	0.075847	0.022151
838.529638	0.077501	0.128758	0.010402
839.138477	0.077496	0.082529	0.016963
839.715445	0.080349	0.086584	0.022748
840.312939	0.076342	0.102279	0.015088
840.864072	0.080880	0.124391	0.016769
841.497439	0.083357	0.103672	0.015827
842.095568	0.079977	0.121177	0.016649
842.696274	0.077501	0.151284	0.026391
843.283900	0.078987	0.153948	0.018059
843.854640	0.080871	0.125139	0.021672
844.465912	0.077404	0.175831	0.010259
845.068913	0.079521	0.172464	0.016817
845.636322	0.080512	0.199064	0.013231
846.217258	0.077649	0.184561	0.012749
846.856730	0.080154	0.215278	0.011064
847.451914	0.079556	0.246357	0.007561
848.013124	0.078204	0.285491	0.016734
848.574577	0.080183	0.280744	0.010477
849.133945	0.081117	0.304303	0.016378
849.708621	0.076698	0.343092	0.014900
850.261965	0.078319	0.364465	0.014320
850.839529	0.078990	0.357356	0.008473
851.430065	0.077182	0.361068	0.010227
852.029731	0.078549	0.392141	0.024120
852.587187	0.079441	0.411146	0.012010
853.200527	0.079817	0.397352	0.016072
853.788471	0.079035	0.332525	0.017870
854.382623	0.077339	0.357532	0.007379
854.918493	0.078614	0.246165	0.009397
855.531270	0.077328	0.236680	0.006048
856.152013	0.077613	0.172773	0.005851
856.762858	0.077876	0.091888	0.031473
857.343895	0.078882	0.058934	0.009193
857.962915	0.077345	0.001769	0.006152
858.607445	0.078735	-0.102839	0.014911
859.199533	0.080491	-0.124556	0.020536
859.761135	0.079042	-0.198548	0.011598
860.335087	0.076807	-0.251003	0.014825
860.944983	0.075930	-0.283513	0.004543
861.547528	0.075998	-0.321174	0.011539
862.099155	0.082175	-0.391369	0.021175
862.698048	0.078509	-0.459031	0.020131
863.314801	0.077779	-0.490906	0.019151
863.868279	0.081751	-0.556303	0.012336
864.446957	0.078809	-0.607577	0.015968
864.999794	0.079135	-0.674155	0.014521
865.545469	0.076133	-0.730646	0.012760
866.128357	0.081242	-0.759650	0.007278
866.747503	0.080834	-0.803105	0.017705
867.334590	0.080122	-0.826210	0.022263
867.916313	0.078360	-0.846731	0.014450
868.509654	0.078014	-0.830702	0.023894
869.157550	0.081690	-0.828415	0.005585
869.771125	0.079167	-0.790592	0.012033
870.339059	0.078264	-0.757989	0.021789
870.903830	0.075866	-0.722620	0.008700
871.490437	0.078312	-0.717380	0.012702
872.046999	0.078330	-0.662087	0.019929
872.657473	0.076139	-0.628082	0.020326
873.227511	0.079977	-0.574408	0.013520
873.814443	0.079007	-0.513810	0.016402
874.420863	0.077517	-0.478555	0.006372
875.031263	0.078834	-0.476227	0.026811
875.622836	0.077681	-0.459588	0.012317
876.225761	0.079412	-0.406845	0.005524
876.837927	0.078489	-0.341965	0.013923
877.426231	0.074993	-0.351864	0.013556
877.995503	0.075464	-0.307162	0.012061
878.553444	0.079628	-0.258231	0.004830
879.110782	0.076902	-0.237465	0.007675
879.681928	0.081997	-0.205001	0.018514
880.291502	0.082529	-0.179729	0.011551
880.899399	0.077557	-0.144020	0.032733
881.469049	0.078234	-0.061929	0.019020
882.071564	0.082282	-0.060750	0.018008
882.693433	0.077108	-0.097006	0.013734
883.309188	0.076411	0.001304	0.007050
883.877230	0.078510	-0.021019	0.011606
884.491970	0.082837	-0.019583	0.011114
885.110887	0.080182	0.001235	0.006278
885.727049	0.083361	-0.013263	0.015191
886.284657	0.079152	-0.060991	0.009642
886.841111	0.076605	-0.034280	0.014019
887.488784	0.077728	-0.065818	0.006855
888.136933	0.078048	-0.052248	0.016713
888.716893	0.080744	-0.080029	0.015876
889.346876	0.081241	-0.055069	0.012691
889.972390	0.078265	-0.109785	0.014448
890.549176	0.080470	-0.112273	0.005665
891.162860	0.079609	-0.102910	0.006516
891.716355	0.076733	-0.119097	0.006823
892.344820	0.080107	-0.150436	0.008798
892.934235	0.077209	-0.167538	0.016783
893.512651	0.076321	-0.111770	0.017069
894.058052	0.080349	-0.158241	0.015593
894.638175	0.076560	-0.181757	0.019357
895.261657	0.081758	-0.138038	0.018017
895.870291	0.080014	-0.163387	0.013851
896.503735	0.078264	-0.185660	0.011714
897.096259	0.076203	-0.181172	0.014269
897.658909	0.080714	-0.128301	0.009818
898.225955	0.076566	-0.163305	0.019405
898.850402	0.079255	-0.161097	0.016538
899.460783	0.077120	-0.139925	0.010596
900.076437	0.082102	-0.110156	0.026810
900.640032	0.081243	-0.144694	0.006757
901.265064	0.082966	-0.112644	0.010279
901.845687	0.081353	-0.114423	0.022459
902.426276	0.081251	-0.115051	0.016608
902.974884	0.075865	-0.136107	0.009556
903.576637	0.081635	-0.111562	0.013694
904.181947	0.079835	-0.100936	0.006219
904.749631	0.076811	-0.094289	0.013759
905.349712	0.078766	-0.106139	0.007710
905.891839	0.077004	-0.090925	0.021540
906.436004	0.078812	-0.107534	0.016021
907.044131	0.072260	-0.103389	0.012256
907.669085	0.079445	-0.073049	0.011704
908.234140	0.078968	-0.092523	0.010250
908.824408	0.081171	-0.124283	0.008718
909.486526	0.079241	-0.041430	0.014199
910.109327	0.082333	-0.057725	0.018371
910.696793	0.079703	-0.067151	0.016663
911.259645	0.076769	-0.066634	0.006059
911.859555	0.081160	-0.079849	0.012874
912.471568	0.077658	-0.100776	0.009487
913.092893	0.078200	-0.061697	0.017766
913.752911	0.075168	-0.048322	0.028142
914.365866	0.079537	-0.039381	0.015899
914.913138	0.080510	-0.051277	0.012774
915.477455	0.076731	-0.051520	0.008694
916.084411	0.081769	-0.035266	0.011478
916.661594	0.078265	-0.049061	0.007076
917.274003	0.077342	-0.031961	0.018275
917.874850	0.077683	-0.037779	0.007490
918.497842	0.079286	-0.046112	0.007187
919.116917	0.080140	-0.035834	0.006945
919.665146	0.079443	-0.057577	0.007218
920.326935	0.084647	-0.058868	0.008507
920.929905	0.077015	-0.023757	0.006270
921.551037	0.079858	-0.042719	0.008018
922.124156	0.080428	-0.027876	0.005434
922.750044	0.079239	-0.025707	0.013390
923.325477	0.079277	-0.012182	0.019898
923.941290	0.079267	-0.039888	0.009813
924.558092	0.079425	-0.006844	0.007979
925.142833	0.080281	-0.040614	0.007201
925.775746	0.082540	-0.043288	0.011874
926.408468	0.077605	-0.005730	0.010177
926.980967	0.077353	-0.008980	0.017484
927.545365	0.077982	-0.004054	0.006450
928.151899	0.077110	-0.009028	0.019455
928.755359	0.078249	-0.001648	0.011645
929.370225	0.079071	-0.002627	0.008573
929.998760	0.079215	0.010564	0.014875
930.646259	0.080964	-0.000120	0.011127
931.221914	0.081501	-0.004062	0.007229
931.832267	0.081385	-0.019957	0.011707
932.429577	0.078190	-0.003807	0.009841
933.003636	0.079382	-0.010318	0.014982
933.578591	0.078830	0.016788	0.009487
934.209625	0.078712	0.008272	0.017882
934.822159	0.079804	-0.011305	0.006371
935.437650	0.079497	0.012932	0.022471
936.012353	0.077789	-0.016509	0.013486
936.631791	0.078424	0.017196	0.013756
937.251764	0.078095	0.024003	0.011284
937.803218	0.075918	0.020586	0.010764
938.364806	0.077117	0.019603	0.011619
939.011554	0.076071	0.021208	0.012743
939.620790	0.078359	-0.014296	0.020836
940.233106	0.077560	0.006863	0.013137
940.845400	0.079475	0.036031	0.011964
941.379692	0.081385	0.045090	0.013181
941.992378	0.077431	0.032596	0.015784
942.575536	0.078418	0.057189	0.012147
943.162567	0.081439	0.048979	0.007489
943.730439	0.078920	0.024887	0.013422
944.277951	0.079525	0.030803	0.022419
944.853180	0.081074	0.032414	0.019139
945.436679	0.078638	0.043369	0.006176
946.074037	0.076974	0.043167	0.010485
946.652689	0.079309	0.048703	0.005539
947.277292	0.079270	0.040441	0.007116
947.898475	0.075032	0.027492	0.015503
948.483621	0.075983	0.042306	0.012596
949.090243	0.078762	0.075393	0.014022
949.666205	0.080038	0.052315	0.012681
950.259995	0.078086	0.076041	0.007671
950.861591	0.080092	0.045925	0.008077
951.511632	0.076734	0.055462	0.009296
952.102510	0.078378	0.058595	0.005622
952.699660	0.077966	0.056245	0.016727
953.291628	0.076610	0.055315	0.009583
953.879760	0.080347	0.063077	0.005015
954.487791	0.080283	0.068910	0.009336
955.043730	0.077661	0.088143	0.006252
955.687825	0.078356	0.060516	0.009358
956.278688	0.079750	0.084125	0.006071
956.898222	0.080173	0.064669	0.008867
957.489280	0.078135	0.061449	0.007285
958.107592	0.077008	0.102712	0.014617
958.703147	0.074238	0.077150	0.007603
959.293989	0.082833	0.073194	0.006205
959.874991	0.078711	0.084649	0.012563
960.440781	0.077765	0.091344	0.012706
961.020149	0.079239	0.061063	0.014321
961.603675	0.077880	0.085355	0.006528
962.185541	0.075764	0.090559	0.009368
962.766787	0.071727	0.089178	0.016256
963.353847	0.076231	0.085323	0.011607
963.983804	0.078711	0.093174	0.008643
964.597546	0.077201	0.107164	0.013242
964.912028	0.078539	0.095822	0.005593
964.321623	0.077751	0.088453	0.005418
963.736048	0.079699	0.078416	0.007102
963.136311	0.077560	0.086876	0.008314
962.516180	0.080828	0.083680	0.007173
961.907774	0.079338	0.081518	0.010699
961.336471	0.077035	0.081824	0.014503
960.729441	0.078518	0.078024	0.007400
960.120787	0.079551	0.088123	0.007551
959.528802	0.076084	0.081706	0.006477
958.955055	0.080604	0.069497	0.009827
958.362997	0.077545	0.048339	0.016597
957.770674	0.078683	0.075620	0.016242
957.176184	0.081075	0.088549	0.008933
956.581481	0.079647	0.098311	0.008882
956.038194	0.076108	0.059166	0.006612
955.424366	0.078551	0.072335	0.009821
954.824842	0.078590	0.055423	0.011460
954.199240	0.077869	0.062688	0.019527
953.615132	0.079092	0.078609	0.005882
952.960297	0.079085	0.066770	0.007068
952.351801	0.078252	0.050909	0.014826
951.787913	0.079234	0.039055	0.011692
951.189148	0.076462	0.070098	0.016194
950.644688	0.076806	0.072719	0.007206
950.027210	0.078329	0.052001	0.007936
949.463971	0.075302	0.029013	0.005915
948.861104	0.080597	0.049938	0.012581
948.251466	0.078115	0.064254	0.011102
947.710141	0.082119	0.047959	0.008956
947.119538	0.077072	0.046822	0.012141
946.511529	0.077530	0.053033	0.018405
945.906001	0.079859	0.050960	0.014982
945.348923	0.077614	0.036645	0.003539
944.737207	0.079346	0.028388	0.012546
944.112443	0.080853	0.031409	0.008812
943.557319	0.078705	0.038477	0.006473
942.966614	0.079180	0.027954	0.007033
942.366152	0.078044	0.020979	0.008281
941.781270	0.079555	0.038927	0.004971
941.171755	0.072468	0.024783	0.005650
940.540296	0.077799	0.008242	0.020674
939.990999	0.077334	0.032044	0.010675
939.407845	0.078884	0.034820	0.013851
938.813526	0.078944	0.034458	0.007276
938.235302	0.077136	-0.000600	0.007924
937.650639	0.078189	0.003732	0.011642
937.079705	0.077628	0.027082	0.015505
936.494205	0.079547	0.010408	0.010574
935.868820	0.079217	-0.008234	0.009084
935.212956	0.078066	0.013726	0.010294
934.630331	0.079979	-0.024201	0.009258
934.011699	0.079347	0.019229	0.012246
933.335688	0.080107	0.000978	0.011214
932.733312	0.078374	0.014622	0.020618
932.084475	0.076923	0.018823	0.009562
931.465743	0.075233	-0.009496	0.005807
930.841661	0.078312	-0.003893	0.005729
930.231484	0.080879	0.003165	0.009562
929.639487	0.078341	-0.004088	0.013069
929.052294	0.082266	0.008380	0.014068
928.490022	0.078915	-0.014147	0.012145
927.854673	0.079272	-0.029247	0.007405
927.235379	0.079330	-0.011713	0.008952
926.663061	0.080720	-0.016476	0.008829
926.103624	0.078010	-0.025960	0.010224
925.484557	0.078129	-0.013768	0.012844
924.894774	0.078871	-0.015291	0.011499
924.285822	0.077570	-0.027350	0.009549
923.655478	0.078529	-0.015251	0.015266
923.091184	0.077881	-0.053645	0.009907
922.481822	0.079975	-0.026427	0.010093
921.888138	0.079837	-0.001941	0.009384
921.257097	0.079256	-0.018026	0.009719
920.696288	0.075913	-0.059818	0.006763
920.083575	0.078178	-0.054267	0.014721
919.489972	0.072827	-0.049517	0.013248
918.881075	0.081902	-0.046273	0.024418
918.261936	0.080001	-0.070268	0.025623
917.705661	0.077609	-0.022212	0.009272
917.101826	0.080672	-0.075861	0.010796
916.490326	0.080383	-0.059938	0.008052
915.889452	0.077289	-0.069575	0.006314
915.329268	0.076856	-0.046992	0.008338
914.728679	0.080944	-0.040779	0.011250
914.121691	0.078730	-0.065828	0.007519
913.497775	0.080620	-0.063760	0.025102
912.880622	0.077896	-0.054785	0.019756
912.319960	0.080581	-0.072768	0.017764
911.694294	0.079808	-0.066814	0.009403
911.115717	0.077695	-0.092432	0.018083
910.508273	0.076980	-0.092948	0.007567
909.909190	0.078080	-0.098407	0.007919
909.283182	0.078985	-0.088396	0.012370
908.700578	0.079333	-0.063702	0.007922
908.067114	0.078469	-0.078535	0.009051
907.461025	0.077126	-0.092547	0.006771
906.900772	0.079741	-0.097173	0.010987
906.294866	0.079586	-0.109938	0.011103
905.673608	0.079075	-0.107482	0.011204
905.062288	0.077747	-0.107210	0.009221
904.426346	0.078153	-0.119303	0.007482
903.853853	0.079280	-0.112077	0.012029
903.285555	0.074512	-0.116675	0.012512
902.695262	0.076732	-0.118371	0.009736
902.078555	0.076505	-0.114111	0.010018
901.539692	0.079138	-0.139615	0.016708
900.922308	0.078054	-0.154835	0.009473
900.300306	0.078614	-0.114044	0.019088
899.650795	0.080094	-0.129646	0.020210
899.024288	0.077729	-0.147830	0.008724
898.438002	0.080942	-0.145499	0.010321
897.877272	0.080494	-0.122686	0.015820
897.278162	0.075689	-0.165117	0.018803
896.668628	0.078199	-0.131385	0.007274
896.077209	0.078490	-0.149688	0.010476
895.493097	0.078174	-0.141403	0.024162
894.866268	0.077821	-0.147979	0.016702
894.291681	0.077477	-0.131320	0.017491
893.686645	0.080495	-0.157280	0.008513
893.119580	0.079353	-0.167679	0.020305
892.517195	0.078574	-0.161374	0.016353
891.892745	0.080611	-0.137820	0.014816
891.244936	0.076375	-0.108741	0.021631
890.663747	0.079196	-0.113092	0.015758
890.045834	0.079167	-0.122378	0.017208
889.387514	0.078961	-0.071678	0.024426
888.759152	0.077963	-0.081237	0.007567
888.132211	0.077783	-0.078505	0.013545
887.557229	0.078177	-0.069414	0.022239
886.924907	0.079472	-0.060282	0.025340
886.296593	0.080022	-0.052056	0.023207
885.675986	0.078396	-0.013222	0.005498
885.046724	0.080201	-0.011681	0.013278
884.475882	0.080811	-0.021354	0.009332
883.834793	0.076441	0.016980	0.008117
883.262932	0.077355	-0.007379	0.012247
882.661682	0.078716	-0.013324	0.012858
882.117763	0.078089	-0.031689	0.012234
881.516342	0.079636	-0.083957	0.010976
880.911053	0.079071	-0.082153	0.006795
880.303468	0.080470	-0.139528	0.010994
879.659803	0.078920	-0.164872	0.008297
879.085274	0.078262	-0.228220	0.010455
878.512361	0.079996	-0.267944	0.015488
877.921191	0.078950	-0.304658	0.008994
877.284854	0.079416	-0.318409	0.013091
876.728974	0.077948	-0.366349	0.009201
876.155014	0.079580	-0.375966	0.010316
875.556350	0.079355	-0.434106	0.011478
874.937487	0.079019	-0.437792	0.023133
874.303094	0.080064	-0.507000	0.022754
873.732919	0.081612	-0.519087	0.015672
873.119200	0.077225	-0.542693	0.011614
872.501238	0.078607	-0.604044	0.024923
871.911021	0.076277	-0.663535	0.013411
871.329694	0.079830	-0.685999	0.018187
870.702815	0.079083	-0.706639	0.016474
870.063353	0.078357	-0.747523	0.008225
869.482449	0.077999	-0.817417	0.031150
868.866130	0.079981	-0.843534	0.010425
868.306659	0.078614	-0.840502	0.004471
867.713344	0.080576	-0.820344	0.015051
867.101274	0.079899	-0.814603	0.020295
866.472324	0.080845	-0.778160	0.014802
865.862727	0.077891	-0.753131	0.026775
865.275568	0.079590	-0.711153	0.017610
864.645010	0.078261	-0.653023	0.015474
864.016123	0.079403	-0.609319	0.026874
863.416582	0.079380	-0.516226	0.005931
862.838304	0.077557	-0.498190	0.027519
862.211589	0.075113	-0.455458	0.023929
861.626425	0.077196	-0.366171	0.012407
861.058778	0.077298	-0.318520	0.027719
860.522963	0.080143	-0.264097	0.012744
859.959895	0.079377	-0.178958	0.014456
859.346869	0.077879	-0.166683	0.018934
858.758544	0.077455	-0.085298	0.009077
858.160884	0.079923	-0.046431	0.011884
857.582858	0.077737	-0.025982	0.029491
856.955409	0.079340	0.077041	0.022609
856.361986	0.078719	0.117933	0.011725
855.758077	0.080490	0.176100	0.007916
855.159095	0.077270	0.260189	0.008827
854.604852	0.076900	0.257299	0.015946
853.971568	0.079684	0.337134	0.016384
853.375523	0.074892	0.363801	0.013651
852.778936	0.078531	0.397248	0.022695
852.223174	0.078763	0.443098	0.006314
851.594505	0.078808	0.418713	0.019106
851.002648	0.080571	0.362792	0.022942
850.435006	0.078462	0.373570	0.008714
849.825967	0.079523	0.329653	0.011609
849.254436	0.078271	0.333638	0.014878
848.657690	0.077282	0.281162	0.020046
848.100292	0.077595	0.261466	0.029365
847.512652	0.078373	0.270466	0.027556
846.887287	0.079659	0.226087	0.010868
846.266262	0.079171	0.224176	0.008044
845.654252	0.080897	0.214011	0.018688
845.013573	0.079475	0.199792	0.010701
844.411131	0.078292	0.156564	0.008925
843.808429	0.079510	0.164484	0.016931
843.211911	0.080207	0.141686	0.011844
842.617148	0.076641	0.135521	0.012913
842.002905	0.080058	0.118489	0.009905
841.369492	0.079894	0.121694	0.012591
840.785585	0.077689	0.143179	0.008561
840.182726	0.079220	0.124007	0.016095
839.604266	0.079979	0.107344	0.009821
838.977206	0.078653	0.110616	0.028696
838.395431	0.076862	0.088194	0.016678
837.799295	0.078636	0.084453	0.008769
837.228668	0.079417	0.103284	0.009119
836.608892	0.078734	0.105853	0.011598
835.977920	0.081424	0.083123	0.015313
835.400877	0.077374	0.050671	0.009957
834.789070	0.079676	0.068476	0.016586
834.191520	0.079578	0.083549	0.023419
833.581031	0.078981	0.055337	0.008383
833.001878	0.077886	0.068488	0.017626
832.355702	0.080514	0.064515	0.008026
831.712108	0.078112	0.049409	0.010549
831.128816	0.078514	0.063286	0.009640
830.492634	0.079568	0.053739	0.009488
829.923811	0.079463	0.073431	0.032910
829.335164	0.078750	0.048146	0.007987
828.771035	0.078431	0.040788	0.013494
828.173599	0.078091	0.056017	0.013628
827.597286	0.078711	0.026383	0.005592
826.978430	0.079379	0.048970	0.023136
826.411018	0.077437	0.066476	0.016922
825.787314	0.079268	0.041802	0.013992
825.164252	0.078658	0.042016	0.012459
824.574330	0.078903	0.050344	0.036333
824.015010	0.079282	0.056415	0.014262
823.450923	0.077307	0.061527	0.014608
822.857578	0.077189	0.045638	0.031328
822.273477	0.078495	0.035638	0.013038
821.706388	0.076952	0.047261	0.023625
821.103372	0.077600	0.047004	0.013528
820.507125	0.079031	0.094969	0.024343
819.872881	0.078660	0.058517	0.016786
819.306466	0.079278	0.050246	0.013596
818.713440	0.079909	0.044154	0.008898
818.130701	0.078839	0.061612	0.017529
817.531092	0.077820	0.069642	0.010934
816.929749	0.079463	0.032287	0.019667
816.356189	0.077669	0.064447	0.009667
815.757451	0.078257	0.044537	0.017667
815.132798	0.079248	0.058000	0.019035
814.512218	0.079277	0.070534	0.021811
813.910924	0.078498	0.046906	0.018455
813.268265	0.078971	0.071886	0.006199
812.629383	0.077647	0.025990	0.020730
811.982241	0.076755	0.058753	0.007792
811.420586	0.079666	0.034258	0.009814
810.870270	0.079424	0.038814	0.023745
810.295548	0.077822	0.042619	0.024757
809.689167	0.080216	0.043956	0.026788
809.073020	0.080232	0.027080	0.013259
808.507008	0.080118	0.052988	0.012927
807.888213	0.079535	0.027687	0.029517
807.257888	0.078756	0.019151	0.016902
806.661958	0.078789	0.042480	0.024848
806.061121	0.079720	0.035069	0.007973
805.493726	0.078330	0.034174	0.029128
804.874664	0.076916	0.064394	0.011190
804.270931	0.078414	0.056627	0.011892
803.698332	0.078485	0.068451	0.015559
803.077725	0.078579	0.020827	0.023416
802.502810	0.078448	0.024707	0.019661
801.912404	0.077658	0.029550	0.014539
801.295494	0.081379	0.074850	0.012303
800.615580	0.078677	0.051474	0.010913
800.028683	0.080635	0.046693	0.021249
799.444391	0.080041	0.027334	0.011239
798.806518	0.081330	0.044492	0.009856
798.204079	0.081487	0.049446	0.012201
797.611625	0.078517	0.053154	0.015590
797.058780	0.080615	0.052404	0.014615
796.475689	0.078637	0.034840	0.006781
795.849278	0.078305	0.044811	0.011377
795.242670	0.079965	0.030186	0.011385
794.652605	0.080159	0.036247	0.024061
794.029771	0.078532	0.064283	0.007313
793.426431	0.079860	0.024254	0.012978
792.846232	0.078639	0.060600	0.029537
792.222820	0.078614	0.055728	0.008188
791.635636	0.080726	0.034347	0.008214
791.003320	0.078379	0.071675	0.012525
790.431778	0.078778	0.048410	0.019277
789.837747	0.079315	0.037860	0.020277
789.256518	0.079778	0.028884	0.018308
788.637865	0.078407	0.057438	0.010795
788.044889	0.079537	0.051528	0.032710
787.413755	0.079003	0.031402	0.005620
786.815887	0.077913	0.048535	0.017740
786.210592	0.079468	0.051045	0.025441
785.576381	0.078524	0.042606	0.009638
784.948001	0.079684	0.038424	0.009694
784.370722	0.080901	0.052018	0.015547
783.745208	0.078933	0.052693	0.016305
783.122032	0.079242	0.025320	0.012223
782.486907	0.079804	0.006714	0.015467
781.911910	0.078584	0.052341	0.009097
781.274029	0.078550	0.046640	0.005970
780.729687	0.078914	0.044477	0.019135
780.164250	0.077753	0.023923	0.012191
779.579223	0.079611	0.036430	0.010298
778.986493	0.078480	0.028379	0.013359
778.418725	0.078834	0.037654	0.007259
777.814416	0.079401	0.078922	0.022979
777.251440	0.079181	0.032856	0.022849
776.677337	0.078559	0.055806	0.008748
776.125338	0.078909	0.057659	0.012765
775.528896	0.078403	0.056542	0.018065
774.946016	0.080025	0.038888	0.007017
774.335064	0.079375	0.043649	0.019211
773.735231	0.079996	0.043945	0.011405
773.079798	0.078626	0.038398	0.017542
772.501210	0.078603	0.020672	0.009736
771.889632	0.078805	0.049598	0.007813
771.300370	0.077849	0.063251	0.005296
770.675764	0.079921	0.045652	0.012770
770.098797	0.078948	0.027958	0.005459
769.533728	0.078780	0.056901	0.019727
768.927316	0.078627	0.036653	0.003817
768.294140	0.078570	0.062654	0.014706
767.677795	0.077999	0.050382	0.018763
767.104779	0.077947	0.040557	0.022513
766.461560	0.079122	0.031106	0.007471
765.860074	0.079179	0.059438	0.022122
765.236086	0.079634	0.051129	0.013604
764.600210	0.077978	0.065774	0.010437
764.036226	0.079193	0.047816	0.004386
763.402848	0.078229	0.044373	0.009018
762.790720	0.079103	0.038556	0.007777
762.183090	0.077457	0.034152	0.008116
761.605605	0.078554	0.059257	0.009428
761.022165	0.079736	0.055090	0.015229
760.413658	0.078858	0.042010	0.009086
759.803835	0.079826	0.059348	0.013151
759.149000	0.079101	0.045371	0.010613
758.582288	0.079447	0.068980	0.019536
757.993674	0.079038	0.068337	0.005262
757.421637	0.077080	0.035548	0.003690
756.865952	0.078552	0.053007	0.015773
756.297988	0.076944	0.046773	0.014006
755.671164	0.079517	0.035688	0.006365
755.064701	0.079073	0.066928	0.010022
754.466497	0.077435	0.046238	0.012468
753.841948	0.079403	0.035651	0.009861
753.258908	0.079922	0.045693	0.015514
752.677069	0.079325	0.072818	0.021433
752.053489	0.078041	0.053165	0.006769
751.439506	0.078180	0.063101	0.010488
750.880501	0.078293	0.079982	0.017326
750.283517	0.078719	0.059745	0.013391
749.635216	0.079836	0.032077	0.005450
749.040946	0.080666	0.060742	0.008468
748.425649	0.079237	0.047462	0.015465
747.851439	0.077943	0.064638	0.010545
747.243671	0.078661	0.056343	0.009075
746.643047	0.076243	0.065818	0.011058
746.040844	0.077080	0.065142	0.008316
745.386689	0.078264	0.070413	0.016784
744.813746	0.081361	0.078193	0.011907
744.204357	0.079809	0.082527	0.005524
743.557428	0.079263	0.088914	0.005300
742.937489	0.079987	0.079761	0.004101
742.371663	0.078832	0.083332	0.010901
741.764071	0.078450	0.071671	0.015622
741.135301	0.077579	0.081322	0.010416
740.540748	0.076210	0.069744	0.022729
739.915404	0.079637	0.064857	0.009728
739.345753	0.079855	0.083347	0.006461
738.740030	0.077635	0.070848	0.006120
738.131110	0.079029	0.097835	0.016593
737.467904	0.079480	0.114024	0.009037
736.893137	0.078266	0.117938	0.016079
736.279574	0.078913	0.132802	0.008756
735.655348	0.077791	0.119873	0.003992
735.046949	0.077822	0.113827	0.006963
734.407866	0.078922	0.114641	0.004397
733.818238	0.078050	0.126542	0.008099
733.220948	0.079049	0.120774	0.013391
732.661019	0.077331	0.145271	0.016881
732.102467	0.078720	0.166471	0.013463
731.534015	0.080105	0.168911	0.006400
730.966142	0.078298	0.176140	0.012314
730.350589	0.078081	0.180192	0.004801
729.769452	0.080986	0.215094	0.010668
729.163270	0.081446	0.200939	0.019158
728.598974	0.080087	0.190402	0.006320
727.980449	0.079989	0.230491	0.005651
727.347683	0.079313	0.251746	0.023983
726.787911	0.082034	0.270764	0.015393
726.229703	0.079356	0.288861	0.013609
725.630588	0.078640	0.290899	0.012162
725.047601	0.079105	0.267764	0.017047
724.429148	0.080077	0.264010	0.013270
723.819357	0.078156	0.194196	0.004733
723.184443	0.079977	0.152802	0.009257
722.586826	0.077606	0.091781	0.006522
721.940504	0.080440	0.052881	0.007971
721.302186	0.080160	-0.022127	0.006222
720.737067	0.079978	-0.097289	0.011329
720.192929	0.078285	-0.148728	0.014068
719.601236	0.079535	-0.226484	0.008732
718.960983	0.078364	-0.317175	0.013401
718.359766	0.078487	-0.367900	0.007917
717.796717	0.079503	-0.433494	0.011969
717.191151	0.078662	-0.521246	0.006644
716.614188	0.077617	-0.610243	0.004614
716.010546	0.078438	-0.688959	0.016894
715.408033	0.079841	-0.786380	0.011209
714.799780	0.079701	-0.858482	0.026015
714.207084	0.079567	-0.920455	0.006093
713.606353	0.077185	-0.981952	0.005504
713.012582	0.076440	-1.015148	0.008197
712.427011	0.082059	-1.010547	0.003812
711.789733	0.079028	-1.009193	0.012698
711.197762	0.079002	-0.975610	0.011321
710.563814	0.076825	-0.891422	0.006962
709.958054	0.076743	-0.794635	0.020183
709.370999	0.080423	-0.705214	0.011905
708.805851	0.078462	-0.589618	0.010428
708.192113	0.077922	-0.444803	0.008910
707.563374	0.080516	-0.315450	0.014237
706.994398	0.078284	-0.203136	0.016946
706.442560	0.078130	-0.067154	0.007351
705.809078	0.079997	0.053572	0.014292
705.191938	0.080210	0.175830	0.012749
704.609546	0.081022	0.323075	0.015923
704.052086	0.079124	0.422928	0.014049
703.491603	0.078723	0.558291	0.023174
702.896442	0.075873	0.676929	0.017074
702.285992	0.078264	0.795335	0.012797
701.703153	0.079142	0.915500	0.021489
701.105775	0.076672	0.999751	0.013991
700.481912	0.077203	1.086810	0.012260
699.858564	0.082986	1.115659	0.006448
699.282935	0.075805	1.119186	0.015840
698.669994	0.079673	1.088617	0.015162
698.033060	0.078265	1.022343	0.012137
697.447304	0.080220	0.933489	0.005545
696.876127	0.077970	0.838919	0.011943
696.268968	0.079498	0.745624	0.019470
695.655083	0.078567	0.642173	0.008976
695.066567	0.079387	0.535990	0.004582
694.419782	0.074829	0.426020	0.012205
693.842767	0.079891	0.338452	0.013989
693.251664	0.078569	0.216110	0.011591
692.674975	0.079481	0.148099	0.009089
692.102302	0.076646	0.090759	0.019865
691.503659	0.076153	-0.033033	0.005950
690.930629	0.078681	-0.106270	0.010144
690.316583	0.080714	-0.219318	0.021069
689.712650	0.080714	-0.277340	0.007397
689.049192	0.078662	-0.362478	0.009327
688.434152	0.079147	-0.476868	0.007125
687.866676	0.077469	-0.557219	0.022331
687.277783	0.079558	-0.640523	0.012334
686.679070	0.079513	-0.731144	0.019900
686.067268	0.075926	-0.816085	0.006341
685.447076	0.076881	-0.874086	0.007879
684.820682	0.079472	-0.906154	0.005014
684.220286	0.079571	-0.931593	0.008473
683.583512	0.078246	-0.913752	0.006197
682.977952	0.078821	-0.887676	0.019135
682.391698	0.080511	-0.852127	0.010758
681.850546	0.078028	-0.795477	0.012687
681.211625	0.079840	-0.746815	0.009694
680.606858	0.079578	-0.676840	0.012347
679.999922	0.081382	-0.619706	0.013903
679.402586	0.078722	-0.601231	0.019461
678.793869	0.081672	-0.528568	0.011104
678.198588	0.078424	-0.504299	0.011319
677.576308	0.079198	-0.436185	0.008240
677.009137	0.080958	-0.421926	0.021251
676.453835	0.078218	-0.349250	0.010792
675.820309	0.078073	-0.330899	0.006672
675.240226	0.075510	-0.308568	0.010321
674.608334	0.080161	-0.263692	0.008618
674.040709	0.078502	-0.230276	0.008748
673.454297	0.080044	-0.209195	0.009887
672.864919	0.082431	-0.174596	0.014748
672.244699	0.076622	-0.139751	0.010386
671.609741	0.076715	-0.125838	0.005498
671.029158	0.079262	-0.100538	0.008399
670.421490	0.077956	-0.049722	0.004978
669.836553	0.075044	-0.032260	0.009511
669.207143	0.084373	-0.030449	0.013648
668.638257	0.079800	-0.024994	0.010537
668.002411	0.077729	0.000675	0.012555
667.401687	0.080459	-0.026550	0.005665
666.818758	0.078989	-0.036895	0.004139
666.191324	0.078307	-0.033788	0.010038
665.624304	0.079590	-0.051532	0.004933
665.011460	0.079542	-0.041117	0.007347
664.456110	0.077648	-0.063006	0.014902
663.856234	0.080472	-0.041067	0.012778
663.249552	0.078260	-0.066827	0.020577
662.672654	0.078152	-0.087312	0.009423
662.061592	0.080336	-0.066351	0.017176
661.484870	0.079795	-0.064740	0.008394
660.897773	0.076600	-0.088808	0.005002
660.345626	0.075162	-0.071695	0.006782
659.739577	0.078536	-0.077202	0.018945
659.137483	0.077526	-0.080817	0.005756
658.495173	0.079298	-0.083001	0.023021
657.939326	0.077324	-0.089889	0.009464
657.354089	0.079818	-0.076695	0.006715
656.759527	0.080367	-0.087583	0.007785
656.152626	0.080690	-0.101926	0.011522
655.531231	0.077936	-0.110068	0.013860
654.958577	0.079870	-0.094665	0.006901
654.383440	0.078205	-0.095099	0.007753
653.774841	0.079329	-0.105907	0.006956
653.174089	0.079663	-0.086632	0.018871
652.526739	0.080641	-0.070506	0.018625
651.955528	0.079468	-0.083736	0.014693
651.326710	0.079056	-0.100634	0.011632
650.707526	0.079894	-0.086753	0.008968
650.139246	0.080418	-0.107721	0.023350
649.575190	0.080754	-0.095170	0.005587
648.994633	0.077608	-0.100678	0.010066
648.385579	0.081390	-0.103525	0.009706
647.816234	0.079820	-0.093260	0.007659
647.185862	0.076287	-0.089374	0.011171
646.630114	0.080640	-0.102409	0.014111
645.988954	0.078129	-0.092085	0.007516
645.404031	0.080774	-0.081080	0.011678
644.775867	0.080407	-0.093423	0.007733
644.195814	0.078912	-0.090071	0.012881
643.603066	0.079235	-0.112266	0.012926
643.018812	0.080730	-0.074591	0.011052
642.454838	0.081510	-0.115821	0.008143
641.851102	0.080111	-0.094064	0.006178
641.280718	0.077934	-0.091935	0.013843
640.649929	0.081431	-0.084810	0.010981
640.051665	0.080890	-0.100007	0.006207
639.408284	0.079622	-0.100917	0.005334
638.788105	0.076658	-0.122513	0.008951
638.197280	0.081485	-0.125398	0.012484
637.596207	0.079640	-0.082722	0.008611
636.995650	0.079818	-0.097611	0.018622
636.383405	0.081460	-0.092603	0.005868
635.825453	0.074959	-0.109336	0.011623
635.203479	0.076825	-0.116202	0.024401
635.435919	0.077338	-0.081771	0.020634
636.023066	0.077810	-0.090236	0.008442
636.632735	0.080135	-0.095064	0.004967
637.223596	0.079427	-0.076810	0.005441
637.840260	0.081053	-0.110330	0.005038
638.397311	0.074667	-0.105719	0.012107
638.996769	0.078066	-0.083973	0.009571
639.579591	0.079298	-0.111382	0.010916
640.207567	0.078320	-0.104620	0.016773
640.772871	0.081088	-0.088057	0.020333
641.401334	0.078353	-0.091937	0.011144
641.998215	0.079915	-0.100275	0.012659
642.558296	0.078184	-0.104844	0.007234
643.130077	0.078849	-0.079706	0.008651
643.715606	0.078364	-0.096815	0.014664
644.354312	0.079021	-0.104085	0.009377
644.960406	0.076521	-0.090892	0.007304
645.555444	0.076726	-0.116564	0.015230
646.158640	0.077506	-0.115484	0.008684
646.771734	0.077963	-0.103542	0.012228
647.371183	0.081654	-0.099570	0.010467
647.943852	0.077849	-0.114561	0.010165
648.525180	0.080138	-0.103573	0.005775
649.149895	0.079049	-0.093136	0.008068
649.766767	0.081542	-0.096211	0.004579
650.351240	0.078052	-0.101365	0.008756
650.963908	0.078170	-0.098854	0.015776
651.581696	0.080649	-0.102623	0.006378
652.158882	0.078874	-0.087135	0.008922
652.753788	0.076958	-0.071576	0.006971
653.309990	0.076690	-0.095792	0.010651
653.870599	0.077875	-0.105403	0.008710
654.445892	0.082521	-0.087792	0.007527
655.054583	0.078732	-0.081346	0.005349
655.623641	0.080318	-0.096315	0.013617
656.190100	0.079066	-0.096020	0.011046
656.786956	0.079473	-0.096457	0.008742
657.380215	0.076443	-0.077236	0.006981
658.006966	0.078491	-0.086571	0.008388
658.581578	0.080817	-0.076143	0.007734
659.191025	0.078144	-0.085946	0.008148
659.792605	0.077333	-0.108644	0.013246
660.389079	0.075618	-0.081368	0.009258
660.995476	0.079177	-0.081404	0.015927
661.570709	0.078824	-0.092274	0.006239
662.169871	0.078929	-0.070118	0.017573
662.732053	0.079707	-0.062594	0.011128
663.316193	0.077177	-0.051729	0.012704
663.864035	0.079302	-0.059879	0.015853
664.466795	0.077783	-0.035993	0.012931
665.047170	0.077841	-0.047278	0.019439
665.656272	0.076267	-0.068785	0.007808
666.239250	0.078558	-0.043146	0.011462
666.831342	0.078556	-0.041692	0.008558
667.438553	0.079224	-0.018597	0.015234
668.062134	0.079178	-0.008630	0.009057
668.653559	0.079014	-0.023538	0.009385
669.256900	0.078452	-0.037564	0.007105
669.831863	0.075402	-0.036050	0.005423
670.455034	0.078487	-0.047562	0.007407
671.015097	0.079572	-0.059683	0.007932
671.607760	0.079083	-0.097785	0.009348
672.168696	0.077399	-0.134463	0.015082
672.790771	0.078749	-0.154940	0.009725
673.387098	0.079084	-0.182351	0.008385
673.965024	0.080551	-0.216528	0.012598
674.535055	0.079377	-0.252928	0.010682
675.097327	0.082761	-0.283239	0.012069
675.724106	0.078612	-0.308898	0.004501
676.322258	0.079213	-0.360163	0.009840
676.923404	0.078345	-0.389120	0.008558
677.473228	0.077709	-0.406104	0.007846
678.062774	0.081054	-0.476390	0.009600
678.642626	0.075389	-0.511629	0.009598
679.253379	0.080356	-0.559775	0.008163
679.879780	0.076486	-0.600619	0.011866
680.441055	0.078892	-0.643644	0.008559
681.062203	0.078883	-0.693882	0.009877
681.661615	0.079179	-0.771195	0.011241
682.297980	0.078615	-0.832044	0.015313
682.857906	0.078308	-0.855124	0.008725
683.451206	0.078264	-0.892987	0.007955
684.034596	0.078392	-0.907159	0.009899
684.595176	0.076722	-0.919859	0.003924
685.220138	0.079417	-0.899347	0.011572
685.786020	0.078896	-0.853052	0.007133
686.375181	0.078997	-0.788635	0.014936
686.995547	0.080435	-0.721358	0.012777
687.599840	0.077295	-0.640165	0.010573
688.198265	0.081765	-0.554462	0.018971
688.758754	0.076545	-0.468570	0.005923
689.339133	0.080022	-0.361918	0.005447
689.899806	0.081160	-0.281704	0.005765
690.489422	0.078074	-0.179131	0.015121
691.051696	0.079045	-0.120976	0.013979
691.634815	0.078191	-0.023401	0.013761
692.236042	0.076884	0.059083	0.006819
692.854705	0.080179	0.161419	0.013202
693.470468	0.079248	0.247190	0.012067
694.015532	0.079220	0.317628	0.010355
694.628740	0.079024	0.446635	0.012787
695.231586	0.079017	0.519095	0.025221
695.855785	0.079532	0.636304	0.021430
696.422415	0.076844	0.713707	0.006213
697.024690	0.079742	0.825766	0.013282
697.593970	0.076096	0.924899	0.009022
698.221917	0.076467	1.012878	0.007800
698.819080	0.078759	1.073656	0.008568
699.387886	0.079742	1.109930	0.010906
699.972831	0.078378	1.128326	0.006103
700.526402	0.080576	1.090394	0.007389
701.095669	0.080124	1.043323	0.011419
701.678961	0.079148	0.963309	0.010656
702.292184	0.077233	0.840608	0.009750
702.896978	0.078919	0.743004	0.026701
703.483301	0.080366	0.607551	0.018297
704.088033	0.081311	0.467722	0.023118
704.654835	0.079051	0.358655	0.008911
705.258689	0.079890	0.214183	0.011871
705.851643	0.078682	0.094035	0.010081
706.477883	0.078259	-0.042163	0.024460
707.040737	0.080776	-0.187627	0.009904
707.686750	0.078447	-0.319239	0.014526
708.262077	0.080209	-0.421819	0.021699
708.853547	0.078941	-0.548825	0.012455
709.484448	0.080341	-0.675405	0.018511
710.059601	0.079333	-0.779221	0.018648
710.688937	0.077772	-0.894047	0.020029
711.305452	0.078702	-0.968243	0.007375
711.894871	0.078154	-1.034445	0.007835
712.479850	0.078472	-1.040368	0.017290
713.057565	0.078626	-1.032503	0.012189
713.679339	0.079672	-0.998227	0.019422
714.302606	0.079054	-0.927494	0.005592
714.888452	0.080031	-0.875368	0.016299
715.433300	0.078582	-0.791697	0.016272
716.027286	0.079655	-0.698439	0.016334
716.619468	0.080368	-0.626794	0.013408
717.247681	0.079841	-0.530776	0.011694
717.845336	0.080052	-0.468560	0.018246
718.416592	0.078757	-0.405625	0.023063
719.052477	0.078508	-0.327406	0.017617
719.627536	0.079853	-0.264900	0.009515
720.264040	0.080692	-0.176110	0.018561
720.863151	0.079040	-0.103969	0.017443
721.464421	0.079201	-0.033211	0.007595
722.058341	0.079130	0.041494	0.005677
722.669605	0.078687	0.106788	0.019638
723.292182	0.080283	0.146535	0.011531
723.868197	0.076694	0.197300	0.016242
724.492419	0.078684	0.234157	0.018239
725.111238	0.081093	0.267622	0.007063
725.674551	0.078525	0.261348	0.004773
726.247905	0.077382	0.259983	0.010417
726.861188	0.078835	0.267431	0.008934
727.456839	0.079079	0.253451	0.009270
728.062338	0.078795	0.240372	0.014303
728.693527	0.078282	0.226372	0.012114
729.256684	0.077893	0.213870	0.010299
729.863798	0.079487	0.198492	0.012975
730.462584	0.078835	0.180175	0.023039
731.080445	0.079314	0.183363	0.010801
731.693218	0.078895	0.157126	0.006883
732.261768	0.077935	0.160441	0.011014
732.882288	0.080533	0.134804	0.008434
733.500141	0.079209	0.123372	0.015237
734.077707	0.078574	0.132262	0.004550
734.644899	0.075313	0.105322	0.015377
735.261001	0.079512	0.111633	0.012007
735.830133	0.078531	0.099974	0.009048
736.423794	0.078567	0.106505	0.010985
737.044558	0.078365	0.096259	0.021264
737.617171	0.078612	0.076816	0.009704
738.224758	0.076890	0.093187	0.006886
738.831987	0.079066	0.115932	0.019998
739.418947	0.080628	0.097261	0.007634
739.982733	0.079511	0.083944	0.010021
740.583000	0.078545	0.086083	0.014739
741.182015	0.078798	0.068860	0.009761
741.756685	0.078941	0.094450	0.012624
742.347893	0.079865	0.043689	0.005835
742.941934	0.080004	0.060643	0.008636
743.497259	0.077455	0.062957	0.016081
744.112413	0.079971	0.053490	0.008442
744.750589	0.080153	0.066159	0.008256
745.331230	0.079722	0.069651	0.022764
745.926832	0.079455	0.070142	0.011722
746.517743	0.077560	0.076038	0.016644
747.098439	0.079812	0.070500	0.009658
747.670874	0.079409	0.066270	0.007919
748.254045	0.077014	0.073956	0.005537
748.866902	0.081079	0.062357	0.008728
749.484808	0.079232	0.046021	0.012564
750.078556	0.077699	0.068485	0.015889
750.723589	0.078519	0.080283	0.009119
751.300666	0.079961	0.065292	0.011105
751.872170	0.078308	0.050989	0.006403
752.477847	0.078807	0.053869	0.012948
753.077105	0.078337	0.058918	0.007975
753.639817	0.078424	0.038374	0.017211
754.231185	0.075223	0.052607	0.012718
754.838558	0.079589	0.061899	0.016813
755.454396	0.077233	0.036435	0.008730
756.058681	0.077805	0.043444	0.008357
756.634424	0.078440	0.052469	0.017850
757.205269	0.079648	0.048053	0.011214
757.788011	0.080212	0.051189	0.019737
758.384821	0.080169	0.073788	0.009977
758.968516	0.076848	0.042496	0.017627
759.594003	0.078845	0.045203	0.024089
760.162101	0.079556	0.053462	0.008510
760.770627	0.079246	0.048891	0.014022
761.403595	0.079138	0.058547	0.019701
761.969123	0.079984	0.055351	0.018536
762.598039	0.078926	0.052090	0.022933
763.180407	0.077678	0.043193	0.008007
763.810353	0.080072	0.045946	0.011927
764.381372	0.077754	0.037132	0.016627
764.961573	0.076670	0.053045	0.007846
765.526592	0.077304	0.035437	0.011364
766.147519	0.081327	0.013099	0.014173
766.724446	0.079592	0.037715	0.010636
767.338331	0.078585	0.059692	0.011789
767.962812	0.077889	0.046508	0.009601
768.571045	0.079445	0.046509	0.015842
769.148110	0.078316	0.053532	0.013280
769.716785	0.078323	0.037281	0.012883
770.272112	0.078733	0.054233	0.015230
770.828611	0.079789	0.038065	0.014395
771.443181	0.078651	0.048431	0.012755
772.037110	0.079126	0.058151	0.008061
772.611622	0.078811	0.041291	0.012719
773.254265	0.078635	0.045099	0.005212
773.871863	0.078688	0.057699	0.019393
774.462684	0.077873	0.046213	0.016528
775.048650	0.079591	0.038908	0.009477
775.596756	0.079060	0.043531	0.009576
776.175228	0.078515	0.055251	0.014781
776.779985	0.078050	0.045406	0.012494
777.380770	0.078526	0.079326	0.012620
777.945498	0.080363	0.038973	0.007874
778.551933	0.077741	0.034863	0.010685
779.138705	0.077556	0.060705	0.012523
779.744575	0.080436	0.042956	0.010189
780.327796	0.080169	0.053307	0.007956
780.905451	0.079487	0.062511	0.004730
781.510901	0.078724	0.051469	0.007759
782.118491	0.079654	0.048308	0.008332
782.743195	0.078895	0.038782	0.006515
783.324905	0.077391	0.035852	0.007443
783.937193	0.079116	0.039760	0.007858
784.531680	0.078423	0.053899	0.011715
785.115132	0.079795	0.042217	0.011410
785.750484	0.080198	0.050344	0.012141
786.322407	0.080263	0.063558	0.012800
786.907565	0.078973	0.036973	0.013991
787.482448	0.078047	0.015427	0.020117
788.088246	0.077901	0.027324	0.007886
788.718407	0.078264	0.056238	0.010828
789.388511	0.078014	0.043238	0.016512
789.986751	0.075618	0.025954	0.018160
790.586678	0.080113	0.029494	0.008166
791.151560	0.078898	0.057750	0.007437
791.783946	0.078956	0.029135	0.012898
792.410240	0.078402	0.050663	0.020109
793.069449	0.078235	0.046532	0.007760
793.698800	0.079341	0.028038	0.016326
794.339156	0.078949	0.060972	0.010216
795.036138	0.079294	0.025126	0.018510
795.715934	0.079420	0.031530	0.007627
796.374790	0.079380	0.057322	0.027232
796.997386	0.078045	0.048170	0.022656
797.559097	0.079801	0.042830	0.010223
798.206665	0.079262	0.051489	0.010381
798.832262	0.080844	0.059834	0.010689
799.486787	0.077876	0.024773	0.007681
800.150302	0.077921	0.032535	0.011531
800.730027	0.083319	0.041521	0.024295
801.381281	0.080697	0.065541	0.021148
802.004525	0.079782	0.037626	0.022419
802.651318	0.079629	0.022063	0.010917
803.300529	0.080217	0.065225	0.023032
803.916232	0.078811	0.064257	0.023218
804.474881	0.078594	0.030935	0.023226
805.122619	0.078846	0.028613	0.014429
805.767985	0.078592	0.043307	0.010505
806.432158	0.078383	0.022903	0.014761
807.073605	0.078451	0.049920	0.013508
807.626943	0.078321	0.039942	0.016029
808.222113	0.077080	0.029107	0.009348
808.858589	0.079455	0.045968	0.015330
809.522131	0.080642	0.043084	0.007903
810.152643	0.078354	0.050055	0.019514
810.720867	0.080743	0.047489	0.006775
811.299167	0.077986	0.047346	0.011374
811.860869	0.079860	0.063817	0.009547
812.543129	0.079089	0.071606	0.019696
813.220288	0.079032	0.030924	0.010604
813.849147	0.078933	0.042834	0.015970
814.415598	0.079321	0.054160	0.008743
815.017955	0.080093	0.045694	0.007346
815.684953	0.076705	0.029200	0.010858
816.328095	0.078941	0.047789	0.011755
817.005140	0.078971	0.056070	0.021791
817.596850	0.078422	0.004519	0.027757
818.271175	0.077753	0.071391	0.011854
818.927445	0.079874	0.041154	0.008169
819.495333	0.078751	0.016471	0.006045
820.063835	0.078218	0.064523	0.007965
820.624539	0.078698	0.052157	0.013852
821.207204	0.080036	0.059071	0.010558
821.783307	0.077585	0.071088	0.026576
822.399389	0.074012	0.043102	0.010049
822.954782	0.079056	0.064233	0.010999
823.571852	0.077705	0.055851	0.013731
824.158512	0.078755	0.055932	0.011652
824.763470	0.079233	0.055202	0.014815
825.370155	0.078246	0.034598	0.007551
825.930636	0.080191	0.037701	0.013785
826.531318	0.079505	0.039590	0.010925
827.105759	0.079735	0.051257	0.012191
827.677492	0.079149	0.047910	0.019073
828.234056	0.077454	0.028238	0.020757
828.851830	0.078052	0.050686	0.012796
829.465153	0.078230	0.074627	0.009598
830.024742	0.079084	0.064647	0.017609
830.602825	0.078262	0.076067	0.013075
831.180988	0.080513	0.060531	0.022708
831.787860	0.079152	0.058749	0.024142
832.381703	0.079017	0.087816	0.019919
832.949634	0.077993	0.052916	0.011346
833.561579	0.078230	0.029821	0.027134
834.118437	0.078916	0.050452	0.020894
834.685284	0.078702	0.079497	0.018362
835.317188	0.078467	0.070598	0.015404
835.905206	0.078060	0.087478	0.012049
836.480804	0.077796	0.085264	0.034002
837.109345	0.078784	0.082865	0.008529
837.704782	0.079507	0.114338	0.025791
838.303431	0.078930	0.081591	0.015954
838.931477	0.079691	0.088466	0.015027
839.509561	0.080301	0.085563	0.013848
840.095646	0.078216	0.090918	0.012401
840.689531	0.077514	0.119729	0.015013
841.316869	0.079638	0.112842	0.033711
841.894441	0.079530	0.090891	0.011684
842.507470	0.076896	0.118522	0.015825
843.060017	0.077535	0.158297	0.021647
843.678741	0.078967	0.136977	0.009779
844.318090	0.078104	0.169594	0.007863
844.884066	0.079065	0.173941	0.013026
845.478128	0.079581	0.173403	0.020587
846.124400	0.078977	0.218988	0.014362
846.726634	0.077859	0.194705	0.009862
847.330788	0.078660	0.246194	0.009169
847.931214	0.077777	0.252587	0.008760
848.566015	0.079973	0.278585	0.025286
849.158386	0.079310	0.291007	0.026747
849.778005	0.078779	0.311401	0.026696
850.359054	0.078458	0.377014	0.015281
850.952136	0.078110	0.381380	0.005896
851.567288	0.079856	0.375494	0.011651
852.189515	0.080697	0.407816	0.020380
852.789693	0.079459	0.373698	0.019687
853.378413	0.076211	0.367504	0.019629
853.945367	0.078020	0.342140	0.015660
854.540842	0.081235	0.271290	0.010659
855.108379	0.078437	0.226373	0.019242
855.701952	0.078745	0.169588	0.011536
856.274240	0.078414	0.150817	0.015978
856.901010	0.080255	0.089813	0.010556
857.506921	0.077642	0.048176	0.007723
858.088956	0.078100	-0.027743	0.008117
858.669228	0.078815	-0.089119	0.016783
859.259995	0.080485	-0.120509	0.016154
859.900277	0.079342	-0.213081	0.007278
860.485976	0.078817	-0.236658	0.023992
861.051483	0.077465	-0.322257	0.018019
861.657297	0.077651	-0.347370	0.016191
862.267571	0.078792	-0.422360	0.011412
862.830346	0.080509	-0.476304	0.018614
863.455091	0.079273	-0.516289	0.013785
864.009512	0.079770	-0.545043	0.017069
864.634939	0.077503	-0.621185	0.015491
865.241293	0.079890	-0.702336	0.023889
865.788214	0.079214	-0.708655	0.012936
866.351254	0.077705	-0.771815	0.009287
866.958082	0.078426	-0.828530	0.009631
867.555266	0.078300	-0.854042	0.009866
868.148919	0.078093	-0.829310	0.012376
868.731807	0.077730	-0.814092	0.013811
869.292723	0.080191	-0.806650	0.024545
869.890097	0.079165	-0.804170	0.011698
870.473437	0.080101	-0.777540	0.009063
871.104455	0.077837	-0.729762	0.012308
871.675773	0.077861	-0.690355	0.007064
872.236817	0.079795	-0.645861	0.021881
872.819611	0.079789	-0.583774	0.034729
873.433273	0.080025	-0.580822	0.022594
874.042504	0.077346	-0.521569	0.013812
874.618034	0.077831	-0.499780	0.022645
875.200986	0.076996	-0.487672	0.007398
875.812301	0.079949	-0.419454	0.014961
876.417957	0.074333	-0.389021	0.013948
876.984763	0.079784	-0.368628	0.014267
877.543142	0.078090	-0.309783	0.020615
878.100297	0.078642	-0.290730	0.016613
878.738773	0.077988	-0.254315	0.005159
879.339498	0.077271	-0.215848	0.014433
879.940200	0.078409	-0.186224	0.010788
880.573280	0.077551	-0.109791	0.006809
881.192735	0.078282	-0.133331	0.025002
881.768951	0.078532	-0.105406	0.017045
882.370527	0.077589	-0.031161	0.021373
882.934373	0.079538	-0.010037	0.017664
883.555152	0.077892	0.012497	0.012617
884.130306	0.079873	0.006032	0.010486
884.713240	0.079450	-0.026223	0.010544
885.285895	0.078578	-0.020480	0.017116
885.902203	0.076975	-0.027247	0.013010
886.505925	0.078344	-0.022120	0.018015
887.139732	0.085052	-0.036835	0.019294
887.770749	0.079160	-0.055624	0.032910
888.350570	0.080153	-0.062379	0.012944
888.942615	0.078552	-0.086243	0.013028
889.578709	0.078096	-0.100598	0.012474
890.182826	0.077143	-0.098421	0.014104
890.786748	0.077883	-0.068356	0.011540
891.438257	0.077783	-0.115244	0.020145
892.069663	0.078360	-0.157951	0.018123
892.709376	0.079477	-0.144715	0.011431
893.301139	0.078850	-0.152552	0.012208
893.848588	0.079361	-0.165893	0.006903
894.464723	0.078335	-0.137955	0.008125
895.094931	0.078529	-0.150315	0.022592
895.729729	0.078034	-0.138454	0.021915
896.349514	0.077849	-0.174102	0.014669
896.915886	0.075031	-0.182460	0.020199
897.498602	0.080601	-0.149046	0.009445
898.038091	0.076353	-0.157329	0.009558
898.634187	0.080004	-0.132611	0.020603
899.188821	0.080153	-0.146793	0.019996
899.793847	0.079347	-0.155553	0.015510
900.421886	0.078639	-0.132764	0.010561
901.024585	0.076773	-0.122592	0.005641
901.651506	0.078671	-0.121101	0.016158
902.215339	0.078282	-0.119947	0.014172
902.828922	0.079180	-0.137718	0.014794
903.413778	0.079170	-0.145409	0.009545
904.019177	0.077893	-0.113016	0.007574
904.601041	0.077158	-0.118487	0.010176
905.173357	0.078413	-0.102401	0.024473
905.768156	0.081207	-0.101956	0.006040
906.401505	0.077600	-0.094165	0.014489
907.025112	0.081404	-0.063163	0.014242
907.594228	0.078696	-0.076929	0.012644
908.226854	0.079031	-0.093785	0.009552
908.838374	0.078831	-0.107589	0.016346
909.419885	0.078105	-0.090322	0.004884
909.995051	0.079856	-0.067718	0.006249
910.631871	0.078425	-0.062158	0.007140
911.262650	0.076395	-0.113432	0.005947
911.845279	0.078092	-0.075685	0.014330
912.480042	0.079144	-0.078016	0.020502
913.034809	0.077239	-0.066115	0.008473
913.636264	0.078963	-0.062778	0.018515
914.235187	0.080710	-0.062791	0.007134
914.874041	0.076786	-0.074551	0.023171
915.466849	0.078680	-0.074021	0.017403
916.040915	0.076102	-0.042981	0.025647
916.684553	0.077476	-0.060909	0.016968
917.330377	0.076909	-0.048084	0.014829
917.881861	0.077478	-0.064940	0.006695
918.433617	0.080111	-0.041072	0.015660
919.033884	0.079731	-0.063903	0.011317
919.619268	0.073464	-0.043812	0.013914
920.210682	0.079346	0.002599	0.007988
920.810152	0.078639	-0.030792	0.012129
921.360598	0.081044	-0.070706	0.023017
921.948038	0.080126	-0.021401	0.010630
922.551134	0.079321	-0.045088	0.010201
923.160673	0.081765	-0.032122	0.013162
923.736548	0.079903	-0.035385	0.008967
924.366809	0.079751	-0.014652	0.020350
924.984463	0.079197	-0.030090	0.025857
925.605143	0.077321	-0.047450	0.016184
926.255313	0.075801	-0.040427	0.011832
926.812242	0.077957	-0.031713	0.011155
927.390672	0.080536	-0.046441	0.010847
928.004080	0.076572	0.003151	0.009120
928.629170	0.077796	-0.019894	0.015594
929.189936	0.079043	-0.024760	0.008693
929.770312	0.080151	-0.021265	0.016882
930.344932	0.078708	-0.023845	0.016023
930.938413	0.078372	0.006744	0.010827
931.555056	0.076827	-0.013941	0.013256
932.128741	0.080446	-0.016418	0.016008
932.692678	0.077122	0.017246	0.005643
933.281435	0.077972	0.023202	0.009653
933.882152	0.079209	-0.000920	0.010015
934.497633	0.080744	0.012009	0.010721
935.090417	0.077998	0.000462	0.010824
935.683973	0.078573	0.020427	0.012884
936.317610	0.078094	-0.003696	0.008708
936.937035	0.078915	-0.000762	0.010645
937.477107	0.078918	0.013578	0.014631
938.081462	0.080211	0.001076	0.007096
938.678186	0.082029	0.018793	0.019784
939.288931	0.077851	-2.372542E-5	0.013618
939.864525	0.078822	0.008074	0.012282
940.423289	0.075552	0.013968	0.009269
941.034327	0.078728	0.017316	0.019340
941.623072	0.080207	0.030844	0.008685
942.214278	0.078756	0.021584	0.009601
942.785871	0.077703	0.039169	0.010293
943.396401	0.079589	0.035560	0.010476
943.967577	0.079585	0.059663	0.008451
944.596897	0.078559	0.043365	0.009925
945.206695	0.075666	0.048487	0.008798
945.760642	0.078995	0.037286	0.017717
946.353756	0.078511	0.063733	0.010499
946.995184	0.076521	0.055301	0.010715
947.578686	0.079061	0.069750	0.009543
948.159441	0.079511	0.049087	0.011082
948.742526	0.080202	0.060474	0.014402
949.339657	0.081194	0.048244	0.005890
949.948795	0.076987	0.046405	0.007884
950.510169	0.079008	0.059457	0.007144
951.078519	0.079044	0.040904	0.008277
951.661755	0.077093	0.049063	0.005654
952.281945	0.080718	0.060402	0.006287
952.862623	0.080780	0.056368	0.007827
953.450406	0.077485	0.069320	0.008470
954.008034	0.078903	0.080000	0.010670
954.579078	0.078524	0.063059	0.003967
955.199807	0.076994	0.056669	0.005502
955.838267	0.080244	0.044274	0.013515
956.386979	0.076831	0.066934	0.010597
956.978805	0.079488	0.060150	0.010648
957.619106	0.078331	0.059741	0.009902
958.234183	0.079730	0.067277	0.010186
958.891537	0.079573	0.062557	0.009158
959.460554	0.078057	0.070450	0.012351
960.029581	0.084164	0.087906	0.006276
960.597658	0.078915	0.082580	0.007202
961.162244	0.078605	0.082583	0.010832
961.702338	0.077836	0.103489	0.008183
962.350826	0.076387	0.090226	0.006706
962.894828	0.080357	0.089419	0.009295
963.520624	0.078594	0.088757	0.007032
964.169330	0.076462	0.086664	0.006442
964.735397	0.080400	0.096319	0.006916
964.796180	0.078287	0.093213	0.006445
964.217344	0.078865	0.100510	0.009059
963.607534	0.077107	0.095330	0.006245
963.041530	0.079325	0.090805	0.013327
962.429927	0.078589	0.101648	0.008023
961.835327	0.078150	0.092699	0.005576
961.224880	0.078032	0.088141	0.008377
960.588665	0.077402	0.071029	0.011352
960.018110	0.082200	0.089073	0.006253
959.443320	0.076926	0.068927	0.010090
958.816415	0.077651	0.078926	0.019495
958.214774	0.081614	0.095875	0.012910
957.658021	0.082034	0.099264	0.005656
957.086403	0.078792	0.068207	0.005299
956.494671	0.079303	0.080239	0.007689
955.877641	0.080541	0.080099	0.009155
955.284062	0.075778	0.052055	0.006027
954.696636	0.079965	0.054338	0.009556
954.035351	0.076222	0.064158	0.008344
953.419745	0.078810	0.066721	0.011173
952.818374	0.079474	0.088696	0.012114
952.218752	0.077935	0.055514	0.006097
951.656456	0.078093	0.032346	0.013665
951.072034	0.077690	0.056672	0.006847
950.514232	0.079215	0.046868	0.011901
949.954052	0.077775	0.039391	0.004969
949.369902	0.079023	0.051281	0.011219
948.752624	0.078599	0.028038	0.009238
948.133319	0.076967	0.035974	0.012683
947.523449	0.075832	0.043392	0.008274
946.926382	0.076412	0.034986	0.008397
946.347039	0.077420	0.048384	0.015523
945.733359	0.078992	0.046701	0.012255
945.109039	0.079642	0.017625	0.011882
944.489998	0.076903	0.034506	0.008572
943.911272	0.079444	0.038879	0.008523
943.293741	0.077211	0.023076	0.004475
942.684915	0.078631	0.036534	0.010464
942.039380	0.078655	0.048634	0.013488
941.435889	0.077234	0.025427	0.009784
940.857446	0.080552	0.014100	0.013051
940.252071	0.079887	0.015788	0.022562
939.665026	0.077354	0.021921	0.010016
939.075223	0.078486	0.002090	0.014100
938.498103	0.079188	0.017810	0.008228
937.850235	0.077364	0.012305	0.006907
937.267721	0.079944	0.011949	0.006956
936.652087	0.080277	0.016669	0.009416
936.047577	0.076168	0.015547	0.010382
935.473163	0.077377	0.011710	0.008219
934.845478	0.078192	0.031411	0.009650
934.232324	0.077824	0.018316	0.020186
933.633037	0.075460	0.013025	0.007908
932.998455	0.079561	0.006223	0.004567
932.431277	0.080267	0.001176	0.008544
931.819487	0.079080	-0.006130	0.008906
931.264460	0.078470	0.004259	0.019502
930.659772	0.078269	-0.022908	0.007716
930.110773	0.078110	-0.014490	0.007330
929.477742	0.077569	-0.009994	0.014365
928.896748	0.076084	-0.002897	0.012446
928.275337	0.081068	0.003030	0.010865
927.656781	0.078571	-0.021909	0.011257
927.052287	0.076940	-0.019690	0.015227
926.467290	0.079506	-0.018346	0.008974
925.823953	0.078803	-0.017748	0.012014
925.259687	0.078985	-0.022687	0.025774
924.674846	0.080751	-0.037833	0.008387
924.098978	0.078040	-0.025152	0.008988
923.516314	0.079867	-0.032606	0.020544
922.897582	0.080764	-0.034570	0.010106
922.285570	0.077883	-0.024389	0.021245
921.688990	0.078890	-0.021689	0.024029
921.119029	0.081484	-0.022573	0.006348
920.508843	0.078880	-0.029974	0.009895
919.872678	0.079447	-0.045694	0.010956
919.306950	0.076936	-0.048668	0.019982
918.681766	0.079267	-0.058818	0.011347
918.056282	0.077234	-0.046135	0.008577
917.385991	0.078708	-0.046776	0.014385
916.765522	0.079090	-0.038902	0.019762
916.199586	0.077155	-0.065840	0.014621
915.567522	0.077942	-0.051528	0.010986
914.969966	0.078523	-0.070254	0.016745
914.385563	0.079321	-0.044877	0.024841
913.732884	0.077038	-0.040030	0.011636
913.181270	0.079257	-0.042560	0.014907
912.571499	0.078798	-0.062674	0.028405
911.956587	0.078099	-0.095579	0.015022
911.292765	0.078529	-0.099813	0.015503
910.622874	0.078319	-0.080275	0.010919
909.968349	0.076900	-0.097806	0.014803
909.308386	0.078783	-0.094432	0.021860
908.742531	0.079793	-0.100617	0.009393
908.142284	0.079984	-0.073771	0.008635
907.574160	0.078404	-0.080172	0.025788
906.958877	0.076460	-0.088370	0.006725
906.331756	0.080010	-0.099858	0.018817
905.751296	0.079853	-0.125522	0.009125
905.198844	0.076624	-0.124752	0.018659
904.618221	0.079219	-0.107548	0.007685
904.020174	0.079625	-0.105574	0.018209
903.412496	0.077825	-0.128084	0.009040
902.820843	0.079287	-0.119135	0.021979
902.273198	0.080375	-0.100835	0.027190
901.679572	0.079910	-0.139657	0.008604
901.099870	0.077541	-0.118912	0.017651
900.461378	0.078855	-0.142350	0.006042
899.873514	0.078605	-0.145210	0.014841
899.219170	0.082616	-0.137334	0.026167
898.584540	0.079012	-0.126310	0.006058
897.979880	0.068156	-0.147990	0.008267
897.394319	0.078585	-0.154033	0.014463
896.827377	0.078597	-0.160801	0.011037
896.222346	0.078813	-0.147445	0.007893
895.599243	0.077298	-0.175511	0.029403
894.978936	0.076946	-0.175655	0.005813
894.392956	0.078162	-0.171450	0.011922
893.837760	0.079568	-0.167901	0.006394
893.227624	0.079370	-0.138597	0.014141
892.595701	0.077877	-0.164587	0.007862
891.998213	0.080643	-0.092637	0.012927
891.409833	0.078269	-0.126438	0.011679
890.804443	0.077232	-0.127056	0.008410
890.192338	0.079243	-0.071825	0.014498
889.552500	0.078637	-0.076019	0.016489
888.963382	0.078251	-0.068994	0.019599
888.380540	0.078741	-0.091352	0.015782
887.800224	0.078947	-0.076868	0.032973
887.208714	0.084965	-0.064093	0.006790
886.600492	0.076762	-0.078626	0.014237
886.026351	0.079013	-0.030829	0.005408
885.443201	0.079149	-0.041943	0.009995
884.834940	0.077252	0.010673	0.017687
884.187844	0.079011	-0.009724	0.020063
883.597841	0.079170	-0.008187	0.005577
883.032404	0.078118	-0.016056	0.020212
882.392477	0.078811	-0.014714	0.013245
881.777893	0.080177	-0.070773	0.012592
881.192193	0.077546	-0.088569	0.015038
880.612245	0.078143	-0.127051	0.010472
880.034191	0.078252	-0.129066	0.019996
879.433918	0.077636	-0.202880	0.019520
878.808382	0.078378	-0.219199	0.010298
878.236562	0.078200	-0.263172	0.020113
877.667297	0.079030	-0.273759	0.020426
877.023195	0.079169	-0.363197	0.006278
876.421293	0.072556	-0.379680	0.008435
875.861592	0.080639	-0.435529	0.015428
875.313899	0.078582	-0.465764	0.011277
874.710218	0.077623	-0.478311	0.007027
874.110305	0.079361	-0.516663	0.018662
873.521476	0.079315	-0.559405	0.029912
872.942006	0.077391	-0.588544	0.015528
872.381063	0.078034	-0.609304	0.015258
871.810036	0.079033	-0.660412	0.007241
871.164983	0.077607	-0.703939	0.007524
870.544897	0.079501	-0.759321	0.013311
869.925734	0.079895	-0.776866	0.007752
869.341276	0.080032	-0.820296	0.013108
868.719610	0.079472	-0.822663	0.015493
868.087321	0.079952	-0.834852	0.009166
867.443045	0.077350	-0.831220	0.019792
866.870799	0.078540	-0.824573	0.014712
866.225106	0.079331	-0.763473	0.019839
865.635508	0.074806	-0.741674	0.027900
865.051080	0.081715	-0.666523	0.012921
864.408035	0.078707	-0.636192	0.011131
863.780916	0.077218	-0.574748	0.011310
863.157410	0.079591	-0.508857	0.020125
862.554735	0.078595	-0.449046	0.013443
861.919752	0.079419	-0.381999	0.017748
861.352419	0.077247	-0.324097	0.015188
860.748720	0.078301	-0.271192	0.011981
860.095879	0.079563	-0.220177	0.011380
859.455352	0.079403	-0.184756	0.021696
858.824955	0.076850	-0.097562	0.014507
858.261403	0.080486	-0.079297	0.009954
857.687404	0.079871	-0.001125	0.013633
857.065991	0.078571	0.034520	0.010970
856.419326	0.078452	0.092419	0.011541
855.863808	0.078918	0.184487	0.014263
855.272468	0.077624	0.208685	0.010766
854.684746	0.079051	0.269366	0.009510
854.077103	0.078900	0.304993	0.010304
853.436685	0.077721	0.349417	0.029899
852.870500	0.077888	0.371928	0.006022
852.263132	0.078613	0.401145	0.027472
851.669199	0.079071	0.401389	0.009313
851.083626	0.079176	0.364178	0.026968
850.466285	0.078942	0.388476	0.011160
849.895708	0.077940	0.332195	0.012866
849.279079	0.077406	0.310703	0.030812
848.679524	0.077955	0.292991	0.010408
848.063027	0.079287	0.264337	0.016777
847.476674	0.079762	0.238217	0.019491
846.837310	0.079583	0.258219	0.016125
846.216323	0.078675	0.197843	0.018647
845.621328	0.080105	0.213055	0.008719
844.985424	0.078475	0.182037	0.021816
844.403508	0.080105	0.168721	0.017742
843.789540	0.078223	0.172824	0.029358
843.205939	0.080553	0.159454	0.011546
842.620131	0.077644	0.126319	0.015997
842.040379	0.079964	0.153781	0.020304
841.446495	0.079074	0.125056	0.026547
840.864597	0.079788	0.112772	0.010875
840.271823	0.079329	0.087800	0.016092
839.679293	0.078774	0.113620	0.012615
839.122438	0.079550	0.089455	0.024925
838.532923	0.078350	0.105202	0.006350
837.919863	0.080045	0.063808	0.012250
837.303521	0.079090	0.100986	0.008450
836.723941	0.079894	0.081065	0.022203
836.089699	0.079698	0.063453	0.007352
835.512106	0.079676	0.041916	0.035288
834.913935	0.078799	0.069770	0.013583
834.308180	0.077374	0.075867	0.009902
833.744543	0.078477	0.092183	0.019302
833.161540	0.079811	0.045486	0.015180
832.607674	0.079633	0.074916	0.021606
832.038400	0.078805	0.050314	0.011271
831.443867	0.079022	0.055470	0.018928
830.866376	0.079717	0.055473	0.032171
830.244181	0.078407	0.089169	0.018353
829.652198	0.077944	0.072066	0.020176
829.049728	0.078680	0.037018	0.007676
828.484532	0.078026	0.056255	0.008702
827.876674	0.078184	0.044377	0.018586
827.274597	0.080202	0.061312	0.009097
826.692721	0.079978	0.047094	0.019945
826.079129	0.078412	0.064214	0.021140
825.521647	0.078191	0.075538	0.014972
824.919874	0.079328	0.036961	0.033990
824.296126	0.079907	0.039585	0.020256
823.674136	0.078846	0.060055	0.010682
823.110925	0.078667	0.043041	0.015289
822.486439	0.078831	0.044018	0.012014
821.900789	0.078498	0.042159	0.010435
821.288487	0.078718	0.037560	0.023317
820.692214	0.078316	0.035105	0.012845
820.126101	0.078384	0.051393	0.034731
819.527694	0.078070	0.091778	0.022119
818.892584	0.079996	0.074391	0.007637
818.301436	0.078866	0.081642	0.020246
817.731315	0.079508	0.059290	0.020079
817.162333	0.079437	0.049972	0.014086
816.535769	0.079964	0.054977	0.013212
815.897063	0.078772	0.043564	0.013249
815.248304	0.078793	0.032304	0.024897
814.678576	0.079164	0.048504	0.017801
814.066261	0.078616	0.050401	0.017992
813.420312	0.079424	0.034501	0.027339
812.804030	0.078792	0.047225	0.021379
812.205673	0.080050	0.043442	0.019373
811.660123	0.069754	0.066039	0.007777
811.122105	0.077990	0.030911	0.021641
810.535172	0.079900	0.040111	0.012490
809.949511	0.077847	0.062258	0.031729
809.367429	0.079678	0.040252	0.009861
808.732291	0.079207	0.035837	0.011541
808.097550	0.078339	0.065881	0.022488
807.514858	0.079209	0.073058	0.011645
806.915073	0.077487	0.067103	0.019247
806.326425	0.078770	0.042468	0.022207
805.725292	0.077862	0.046375	0.006990
805.123136	0.079475	0.058603	0.010648
804.504135	0.077195	0.037326	0.006649
803.934258	0.079798	0.054927	0.014568
803.327174	0.080060	0.085078	0.011656
802.730383	0.079996	0.033819	0.011220
802.094312	0.078856	0.029315	0.006106
801.481000	0.079588	0.048134	0.006506
800.912124	0.083049	0.054745	0.004907
800.315204	0.078746	0.036864	0.013604
799.735876	0.078354	0.053454	0.010362
799.114928	0.079441	0.052989	0.016925
798.526282	0.079844	0.050488	0.017061
797.910841	0.079094	0.035982	0.013099
797.271810	0.079459	0.032563	0.014200
796.647584	0.079381	0.054823	0.021692
796.079455	0.078411	0.084767	0.020624
795.517846	0.077335	0.034441	0.010038
794.931321	0.076531	0.060094	0.008251
794.304326	0.078086	0.056179	0.015047
793.701620	0.080099	0.051196	0.008566
793.112842	0.079669	0.021068	0.020361
792.561289	0.078794	0.043884	0.013034
791.992535	0.079324	0.011233	0.011383
791.382682	0.078721	0.059748	0.022220
790.758361	0.078037	0.046222	0.018354
790.174468	0.078284	0.045027	0.026240
789.575661	0.078735	0.065908	0.008872
788.956637	0.080029	0.046430	0.016359
788.377861	0.079528	0.035540	0.008882
787.764466	0.078630	0.049845	0.015085
787.197104	0.079564	0.055443	0.006437
786.580012	0.077779	0.061171	0.019736
785.961510	0.077310	0.055770	0.009073
785.333753	0.077012	0.062693	0.010676
784.776102	0.078683	0.051795	0.022056
784.185276	0.079234	0.043482	0.008389
783.606598	0.079482	0.066034	0.015067
782.987648	0.077963	0.031017	0.008761
782.357957	0.079299	0.043248	0.010315
781.780280	0.079368	0.042023	0.012969
781.182160	0.079032	0.057063	0.009753
780.595288	0.077636	0.066708	0.015959
779.980081	0.079370	0.059784	0.015456
779.400181	0.080157	0.042133	0.011151
778.796718	0.077865	0.051912	0.009539
778.211876	0.078916	0.049669	0.013521
777.589096	0.077654	0.037844	0.006264
777.004526	0.078017	0.042732	0.035527
776.449324	0.080174	0.039755	0.008506
775.836567	0.075236	0.052086	0.005640
775.231729	0.079016	0.060286	0.018496
774.609329	0.078220	0.047293	0.008996
774.036880	0.079061	0.043531	0.019219
773.378623	0.079275	0.055859	0.008674
772.801120	0.079476	0.044797	0.009912
772.175286	0.079010	0.050914	0.010280
771.547654	0.079832	0.039797	0.011895
770.952585	0.079288	0.078068	0.008198
770.301742	0.078045	0.030168	0.008221
769.681341	0.079723	0.038286	0.018812
769.023578	0.079654	0.044169	0.009606
768.416549	0.077495	0.042798	0.018330
767.858936	0.079911	0.036280	0.017982
767.261270	0.080437	0.065236	0.018817
766.637062	0.080462	0.022471	0.015161
766.027139	0.079583	0.056881	0.013644
765.439059	0.078991	0.038092	0.012391
764.788692	0.079586	0.013159	0.007537
764.219864	0.078818	0.028776	0.012523
763.608704	0.077278	0.041343	0.012607
762.964485	0.077393	0.021401	0.013532
762.347206	0.078649	0.072510	0.014853
761.717472	0.078740	0.018397	0.010829
761.121963	0.079374	0.038652	0.011532
760.501983	0.078689	0.047033	0.017478
759.942095	0.079358	0.046974	0.010714
759.310682	0.076310	0.065217	0.010928
758.718027	0.080776	0.047965	0.007075
758.142452	0.079633	0.031772	0.009240
757.575056	0.077017	0.053672	0.009075
757.004543	0.078858	0.040811	0.015425
756.407270	0.078600	0.061683	0.012574
755.804459	0.078949	0.037363	0.006649
755.193612	0.079467	0.050192	0.004840
754.617572	0.079223	0.072618	0.010779
754.032945	0.078124	0.056283	0.012890
753.398490	0.078432	0.043406	0.016507
752.763476	0.077779	0.048025	0.011698
752.085888	0.077426	0.062296	0.009496
751.434419	0.079606	0.057570	0.014127
750.751734	0.078019	0.065057	0.010673
750.130131	0.079986	0.053485	0.009599
749.540257	0.079322	0.060814	0.008679
748.945175	0.079039	0.058038	0.010749
748.381550	0.081514	0.060853	0.007237
747.835776	0.079597	0.058804	0.021832
747.230555	0.079196	0.073085	0.007968
746.611328	0.076709	0.089395	0.008573
746.026526	0.079487	0.086729	0.012830
745.433227	0.078786	0.060984	0.012916
744.837947	0.083121	0.088152	0.011020
744.200604	0.080258	0.076763	0.008758
743.584403	0.079563	0.065162	0.007498
743.042408	0.078432	0.070989	0.017825
742.445549	0.077015	0.080482	0.012173
741.825525	0.079684	0.070305	0.006600
741.231656	0.079653	0.083161	0.007629
740.665826	0.078800	0.071218	0.007836
740.064522	0.078504	0.068515	0.010077
739.466040	0.079559	0.073382	0.014357
738.852080	0.078533	0.087362	0.007249
738.222899	0.078613	0.085937	0.018099
737.655210	0.081547	0.089920	0.013975
737.042624	0.077508	0.088102	0.010181
736.473768	0.078619	0.097308	0.006650
735.865894	0.078145	0.099294	0.014366
735.302557	0.077561	0.096459	0.007808
734.717851	0.079886	0.123611	0.019273
734.093017	0.078712	0.104810	0.014680
733.516875	0.077713	0.105400	0.004945
732.892428	0.079064	0.146773	0.012965
732.347966	0.078834	0.142966	0.008211
731.738315	0.079097	0.165765	0.005483
731.158401	0.078339	0.170523	0.011038
730.548757	0.078738	0.172322	0.013571
729.916048	0.076670	0.172927	0.013637
729.328847	0.079075	0.200474	0.010302
728.739044	0.079141	0.222413	0.005880
728.108347	0.078795	0.219875	0.008570
727.499670	0.078897	0.251441	0.010279
726.924683	0.080257	0.255820	0.032701
726.306233	0.079315	0.261405	0.006399
725.691518	0.078548	0.283895	0.009278
725.100667	0.080050	0.256867	0.007374
724.535950	0.079243	0.229663	0.012473
723.978471	0.080704	0.226724	0.009533
723.384460	0.079167	0.183140	0.004574
722.783961	0.076681	0.123472	0.007872
722.177327	0.079383	0.063624	0.018694
721.630046	0.078295	0.001816	0.008490
721.026521	0.080191	-0.064786	0.004843
720.397002	0.078610	-0.130800	0.016203
719.783790	0.079724	-0.198917	0.014890
719.169024	0.077546	-0.288267	0.011613
718.600397	0.078426	-0.371286	0.008866
717.998394	0.078651	-0.426181	0.010709
717.415135	0.076663	-0.492685	0.012729
716.859275	0.080887	-0.552329	0.010157
716.296083	0.081487	-0.622745	0.013104
715.667697	0.079821	-0.712999	0.007803
715.066420	0.080235	-0.809797	0.019902
714.474886	0.083068	-0.856534	0.009052
713.886948	0.079376	-0.940703	0.006271
713.283697	0.077525	-1.005785	0.005854
712.717062	0.082631	-1.012683	0.007879
712.108161	0.079938	-1.007936	0.009663
711.502874	0.079088	-1.004578	0.010660
710.920854	0.078739	-0.933137	0.006583
710.379335	0.077941	-0.881850	0.010866
709.776792	0.082152	-0.773001	0.011147
709.184280	0.078713	-0.658479	0.012931
708.594978	0.079710	-0.557383	0.026833
708.029525	0.078809	-0.420979	0.017241
707.427634	0.080657	-0.301937	0.020972
706.831823	0.077751	-0.168867	0.004690
706.213039	0.078979	-0.054153	0.010956
705.629174	0.080336	0.090450	0.014271
705.072244	0.080111	0.206423	0.015882
704.460337	0.079272	0.334875	0.013742
703.873996	0.077795	0.464154	0.014204
703.305679	0.080733	0.590769	0.010373
702.727277	0.079493	0.721952	0.008786
702.113187	0.080488	0.826578	0.011872
701.492807	0.081198	0.941157	0.018238
700.875673	0.083301	1.034200	0.015416
700.277801	0.077550	1.095094	0.010743
699.682992	0.077044	1.116547	0.011233
699.053479	0.078346	1.096826	0.010274
698.481127	0.079560	1.084214	0.009130
697.879822	0.079498	0.989974	0.016637
697.301256	0.080365	0.920483	0.013966
696.703292	0.082185	0.825707	0.011080
696.114108	0.079687	0.715299	0.015793
695.505400	0.077033	0.618349	0.008307
694.868279	0.078915	0.502560	0.018864
694.282153	0.077704	0.416438	0.012012
693.645324	0.078452	0.302189	0.010986
693.003966	0.078303	0.207767	0.007900
692.405833	0.079935	0.139844	0.007932
691.854210	0.079194	0.027904	0.020679
691.250927	0.079012	-0.042946	0.009200
690.632367	0.077620	-0.133344	0.023473
690.023030	0.080465	-0.239545	0.009230
689.420437	0.076938	-0.318523	0.015037
688.816816	0.077884	-0.432210	0.023068
688.227192	0.079134	-0.507070	0.006429
687.597264	0.079060	-0.599064	0.012841
686.958953	0.080278	-0.691580	0.008647
686.382225	0.079740	-0.764572	0.014413
685.817710	0.080115	-0.830163	0.007252
685.209669	0.079524	-0.883927	0.009187
684.586164	0.077707	-0.920407	0.007125
683.975987	0.081567	-0.912123	0.003565
683.384230	0.078171	-0.907229	0.008650
682.755483	0.078156	-0.874031	0.005764
682.151484	0.081038	-0.825192	0.010325
681.555824	0.079034	-0.773433	0.012895
680.933289	0.080336	-0.703402	0.008590
680.374801	0.078408	-0.677490	0.004619
679.734182	0.080605	-0.616189	0.006245
679.124203	0.078668	-0.537594	0.012505
678.524398	0.079369	-0.508863	0.011376
677.947487	0.074330	-0.481634	0.009009
677.350066	0.081055	-0.436787	0.009376
676.727775	0.076301	-0.392201	0.006916
676.129071	0.078494	-0.364758	0.006431
675.508558	0.080957	-0.310875	0.023766
674.936099	0.077984	-0.310646	0.012985
674.341074	0.079529	-0.253267	0.010390
673.732172	0.078802	-0.216686	0.019414
673.119239	0.079147	-0.207847	0.009414
672.564685	0.078849	-0.146332	0.020159
671.954512	0.079791	-0.123054	0.004905
671.364560	0.077139	-0.071106	0.004196
670.763947	0.076633	-0.058156	0.011377
670.198258	0.079150	-0.051099	0.007124
669.632896	0.079173	-0.039426	0.007485
669.007484	0.079269	-0.024090	0.006596
668.396948	0.079701	-0.026473	0.008952
667.754952	0.077316	-0.010812	0.015096
667.155981	0.076610	-0.033664	0.017681
666.580872	0.076384	-0.033673	0.010436
665.987212	0.078798	-0.043378	0.014525
665.365381	0.082258	-0.050838	0.011830
664.743380	0.079968	-0.079012	0.011229
664.168196	0.079040	-0.047997	0.010473
663.563369	0.078514	-0.047620	0.010395
662.962248	0.077271	-0.064799	0.013998
662.392339	0.079780	-0.071711	0.016390
661.800094	0.079503	-0.092687	0.004289
661.253879	0.077608	-0.076290	0.009519
660.652112	0.080268	-0.107253	0.016825
660.068630	0.077300	-0.070836	0.014254
659.458937	0.079315	-0.089057	0.011164
658.844169	0.076437	-0.091904	0.015010
658.208005	0.082239	-0.089721	0.006501
657.602424	0.075232	-0.091908	0.010981
656.970741	0.076695	-0.097282	0.013309
656.385253	0.076626	-0.098237	0.015532
655.805118	0.079402	-0.091527	0.006030
655.223414	0.080386	-0.102463	0.005788
654.607592	0.079021	-0.095142	0.010896
653.997472	0.076644	-0.096400	0.012274
653.415118	0.078887	-0.106196	0.012916
652.844645	0.079598	-0.092514	0.008101
652.238478	0.079967	-0.095761	0.014059
651.597565	0.080098	-0.099135	0.007563
650.992106	0.077584	-0.086423	0.018162
650.406573	0.078082	-0.115775	0.006454
649.793917	0.082052	-0.099145	0.012804
649.187766	0.080561	-0.109033	0.008623
648.602872	0.080293	-0.096928	0.009263
647.978499	0.078350	-0.077241	0.009863
647.394437	0.083343	-0.100040	0.012179
646.804841	0.079165	-0.103459	0.006596
646.179958	0.079532	-0.089561	0.005349
645.540538	0.081419	-0.098444	0.008596
644.951949	0.077322	-0.117407	0.014089
644.321634	0.078963	-0.100737	0.007491
643.716256	0.079100	-0.091942	0.009192
643.151825	0.076286	-0.095922	0.007190
642.579890	0.079571	-0.098818	0.019672
642.013198	0.080640	-0.091638	0.007777
641.417310	0.077715	-0.107305	0.004211
640.789836	0.082514	-0.103283	0.010483
640.182346	0.077253	-0.095991	0.008336
639.612456	0.078954	-0.097213	0.010399
639.008329	0.078488	-0.098690	0.008653
638.424491	0.080978	-0.116778	0.006505
637.835885	0.078853	-0.107626	0.009855
637.240697	0.078436	-0.119021	0.013951
636.608364	0.079747	-0.110206	0.006980
635.984502	0.081059	-0.106137	0.007941
635.348271	0.078807	-0.112850	0.023892
635.288553	0.081919	-0.093454	0.012887
635.891208	0.079956	-0.088101	0.012413
636.553468	0.080264	-0.075662	0.009370
637.173421	0.078789	-0.101880	0.017826
637.774567	0.078397	-0.099763	0.011753
638.384873	0.080320	-0.088985	0.007528
638.939965	0.079126	-0.096573	0.006589
639.532572	0.079749	-0.098763	0.014619
640.168765	0.080813	-0.103167	0.011073
640.775809	0.079396	-0.096669	0.024928
641.391509	0.079839	-0.105597	0.016906
641.957510	0.080665	-0.088395	0.009293
642.556067	0.078336	-0.094847	0.012793
643.157178	0.079475	-0.107477	0.011343
643.749244	0.079580	-0.106224	0.012398
644.333598	0.080965	-0.107216	0.017458
644.918402	0.078498	-0.107432	0.006596
645.550064	0.080456	-0.113706	0.008967
646.158629	0.079793	-0.099528	0.012577
646.771449	0.076137	-0.103261	0.009778
647.339156	0.081339	-0.086005	0.011864
647.962951	0.079437	-0.099142	0.009521
648.507326	0.076830	-0.081022	0.008708
649.089942	0.078634	-0.091898	0.008070
649.652861	0.078606	-0.085246	0.011214
650.294718	0.083434	-0.107796	0.004676
650.936280	0.080528	-0.080502	0.008418
651.574503	0.078627	-0.093784	0.004393
652.181489	0.080419	-0.093473	0.006553
652.741856	0.075757	-0.106427	0.006524
653.341580	0.077898	-0.099232	0.010004
653.950593	0.078663	-0.088221	0.008538
654.576177	0.076518	-0.111102	0.009543
655.137900	0.077671	-0.089815	0.011160
655.757644	0.080737	-0.103099	0.009059
656.351500	0.076700	-0.114280	0.007414
656.953646	0.078919	-0.092415	0.020184
657.557651	0.078340	-0.080693	0.004841
658.136569	0.079042	-0.068408	0.009226
658.730546	0.076873	-0.077824	0.016648
659.311512	0.077641	-0.092411	0.006674
659.897809	0.079792	-0.079834	0.011976
660.421261	0.073112	-0.092822	0.008816
661.025385	0.079328	-0.073945	0.010164
661.647282	0.077022	-0.068727	0.006161
662.256010	0.079490	-0.073518	0.007497
662.871732	0.077143	-0.055749	0.017857
663.440651	0.082915	-0.042101	0.008977
664.042321	0.078476	-0.081538	0.007309
664.654570	0.077507	-0.054167	0.009212
665.285421	0.080563	-0.054863	0.009111
665.890977	0.076424	-0.036733	0.005437
666.470345	0.076123	-0.032327	0.008296
667.091495	0.076376	-0.019541	0.007192
667.735980	0.079052	-0.027581	0.010517
668.329258	0.075568	-0.027673	0.006842
668.901579	0.079762	-0.016832	0.009266
669.554455	0.078637	-0.031342	0.011607
670.139303	0.079480	-0.040380	0.012156
670.753288	0.080395	-0.069800	0.005694
671.374883	0.081445	-0.094162	0.020014
671.955513	0.077827	-0.127553	0.008286
672.588597	0.076308	-0.129124	0.011866
673.237452	0.079750	-0.174362	0.022043
673.825825	0.077377	-0.197472	0.007722
674.385809	0.077033	-0.237372	0.009009
674.996230	0.079892	-0.278479	0.018523
675.598313	0.076078	-0.326347	0.008989
676.180324	0.079690	-0.323191	0.013077
676.821018	0.078832	-0.390579	0.008836
677.405107	0.079012	-0.414498	0.011848
677.996489	0.075048	-0.453327	0.007500
678.577815	0.077884	-0.495587	0.006163
679.218037	0.079016	-0.565701	0.004288
679.808532	0.078959	-0.594202	0.010988
680.396565	0.080342	-0.642062	0.008059
681.000526	0.080004	-0.689801	0.008800
681.590482	0.079359	-0.767229	0.015103
682.196052	0.078700	-0.810391	0.006814
682.769546	0.077136	-0.865734	0.011938
683.400513	0.074328	-0.885996	0.016613
684.027007	0.077760	-0.929607	0.010357
684.620304	0.077181	-0.920161	0.011662
685.229065	0.081046	-0.905336	0.009901
685.793632	0.078874	-0.847097	0.012247
686.415217	0.078621	-0.799944	0.012002
687.022804	0.080003	-0.718300	0.014760
687.668809	0.080546	-0.640061	0.028217
688.248482	0.077160	-0.549437	0.009704
688.835833	0.076361	-0.453585	0.013254
689.394432	0.079241	-0.347543	0.007433
690.031126	0.080141	-0.278924	0.011049
690.667864	0.079714	-0.164487	0.011880
691.218963	0.080337	-0.101164	0.012957
691.786779	0.079755	-0.001112	0.020073
692.370925	0.079637	0.093015	0.018652
693.003993	0.078418	0.155095	0.011471
693.593494	0.080259	0.255948	0.008578
694.182459	0.079477	0.377173	0.013557
694.777914	0.080453	0.461312	0.015758
695.400670	0.078138	0.553974	0.025476
696.008949	0.079353	0.646104	0.011140
696.567578	0.080029	0.761379	0.016597
697.192015	0.078672	0.863208	0.005806
697.822922	0.079885	0.964057	0.011908
698.396985	0.077455	1.040910	0.021463
698.958118	0.079997	1.103025	0.014498
699.525665	0.078599	1.126507	0.006390
700.156065	0.077558	1.108513	0.007715
700.775561	0.082036	1.064759	0.013706
701.396398	0.079074	0.993849	0.012852
701.954086	0.078515	0.910920	0.007894
702.537649	0.077492	0.791426	0.008093
703.157097	0.077896	0.664001	0.010088
703.763214	0.077752	0.520655	0.012302
704.408739	0.079438	0.397237	0.032601
704.982075	0.078072	0.284589	0.017762
705.612593	0.079164	0.115583	0.011565
706.225121	0.080407	0.011897	0.012769
706.798544	0.078946	-0.126587	0.014488
707.388537	0.078813	-0.264954	0.013225
707.970989	0.078039	-0.363872	0.021256
708.593190	0.077001	-0.498987	0.012763
709.197434	0.079224	-0.621949	0.005982
709.847518	0.079509	-0.745325	0.007920
710.412692	0.078697	-0.835751	0.015143
711.000155	0.077984	-0.922973	0.007430
711.563652	0.078408	-0.995326	0.007500
712.175526	0.080106	-1.031755	0.003792
712.828919	0.080610	-1.019924	0.006524
713.493612	0.081479	-0.979337	0.009422
714.060535	0.078502	-0.941507	0.004351
714.686890	0.078696	-0.873642	0.019564
715.264144	0.079965	-0.817098	0.005579
715.820147	0.080611	-0.754346	0.010731
716.389088	0.079935	-0.652418	0.009707
717.015282	0.079617	-0.579219	0.006713
717.621807	0.079487	-0.502399	0.009906
718.202144	0.079229	-0.437504	0.025930
718.836991	0.078881	-0.350801	0.010256
719.458310	0.079045	-0.294301	0.014362
720.070069	0.077716	-0.220882	0.011991
720.719331	0.080171	-0.119595	0.013973
721.316217	0.079644	-0.043113	0.008857
721.973945	0.078592	0.005311	0.009283
722.598052	0.079580	0.075587	0.010509
723.216164	0.080269	0.138762	0.006787
723.834840	0.080164	0.196431	0.008397
724.433356	0.080186	0.230290	0.012442
725.012909	0.079605	0.258907	0.008798
725.619451	0.078842	0.262354	0.011086
726.267680	0.078491	0.275592	0.005895
726.844377	0.077758	0.279066	0.008395
727.456744	0.079549	0.255369	0.004446
728.077646	0.079627	0.223655	0.004091
728.682231	0.077704	0.200487	0.014442
729.327957	0.077775	0.211006	0.008948
729.907040	0.077598	0.199877	0.012730
730.498296	0.079003	0.194257	0.013016
731.108552	0.077206	0.159608	0.007710
731.748186	0.078654	0.168066	0.010701
732.298395	0.076234	0.119033	0.025634
732.864876	0.079021	0.119878	0.019609
733.446766	0.079749	0.140395	0.011306
734.055420	0.080092	0.126922	0.005786
734.676947	0.078148	0.117492	0.009916
735.246316	0.079373	0.121111	0.009446
735.866287	0.078183	0.102911	0.007442
736.511662	0.078964	0.100947	0.009441
737.107884	0.079517	0.085379	0.007724
737.656587	0.079601	0.093350	0.008392
738.266458	0.079620	0.079190	0.006132
738.866432	0.078605	0.092352	0.010105
739.481036	0.080041	0.102424	0.016516
740.130791	0.079680	0.087009	0.009439
740.715645	0.078170	0.086440	0.007839
741.325360	0.078396	0.087159	0.007306
741.965979	0.078880	0.085998	0.005486
742.566724	0.078826	0.054212	0.011907
743.143502	0.078804	0.076875	0.009262
743.724177	0.079803	0.075700	0.016067
744.330553	0.079231	0.070789	0.008440
744.948765	0.079662	0.077722	0.005841
745.523414	0.078971	0.064297	0.009678
746.078513	0.077954	0.074644	0.013866
746.651578	0.077944	0.043574	0.014781
747.257234	0.077768	0.085106	0.018937
747.859156	0.077356	0.053533	0.006376
748.442568	0.078172	0.069638	0.017584
749.018872	0.077563	0.064943	0.012878
749.574558	0.080201	0.049124	0.012430
750.181486	0.079998	0.045299	0.016874
750.813927	0.077776	0.055700	0.007499
751.394925	0.077886	0.055049	0.013331
752.018188	0.078056	0.061687	0.013172
752.634910	0.078876	0.062000	0.005453
753.236516	0.079478	0.060478	0.010684
753.872975	0.078692	0.062719	0.013792
754.444170	0.078580	0.040564	0.012202
755.037316	0.077883	0.045655	0.004616
755.608863	0.079755	0.048987	0.007812
756.232748	0.078113	0.066519	0.008247
756.804549	0.076812	0.043613	0.006738
757.420118	0.077954	0.040906	0.023762
758.015060	0.079356	0.042905	0.009795
758.649659	0.077854	0.030408	0.023092
759.274550	0.079141	0.051906	0.008650
759.830184	0.078593	0.053582	0.016417
760.414555	0.078966	0.052611	0.007626
761.026096	0.079580	0.053116	0.016064
761.635203	0.077873	0.050848	0.006070
762.198966	0.078983	0.034646	0.008163
762.843467	0.077754	0.031873	0.011818
763.412404	0.077978	0.062283	0.011756
764.007422	0.079595	0.055860	0.016447
764.620715	0.080012	0.054956	0.012614
765.178271	0.077980	0.058384	0.004511
765.746107	0.078379	0.035580	0.023677
766.357602	0.078868	0.023856	0.020044
766.976320	0.080311	0.037307	0.020832
767.512541	0.079816	0.032940	0.008003
768.046386	0.079189	0.040955	0.006536
768.584492	0.079477	0.053298	0.011337
769.153711	0.079024	0.025798	0.007357
769.717682	0.078135	0.027570	0.024808
770.290059	0.079029	0.057302	0.006379
770.849538	0.079283	0.055346	0.007239
771.405608	0.078419	0.057755	0.009390
771.992639	0.080022	0.039062	0.007481
772.554621	0.078484	0.058449	0.008276
773.141583	0.079485	0.045142	0.008129
773.702352	0.078635	0.035757	0.012161
774.264032	0.080371	0.034664	0.008968
774.833117	0.078819	0.041641	0.010156
775.412883	0.079303	0.069276	0.016062
775.983271	0.079284	0.050955	0.010148
776.591925	0.079364	0.033836	0.012377
777.199702	0.078549	0.039014	0.011558
777.797285	0.078410	0.040082	0.004684
778.361608	0.079720	0.057845	0.009817
778.948129	0.079962	0.055855	0.006112
779.555759	0.080170	0.051266	0.025399
780.161559	0.078784	0.035094	0.006995
780.729325	0.078193	0.048072	0.016221
781.348757	0.077676	0.051166	0.025707
781.972035	0.077416	0.036066	0.024863
782.582511	0.080310	0.048900	0.010840
783.211709	0.078958	0.044753	0.017271
783.798300	0.078631	0.048592	0.014822
784.422275	0.079151	0.032219	0.008508
785.054554	0.079812	0.038923	0.009246
785.684146	0.079087	0.037064	0.010013
786.249997	0.079045	0.017585	0.010079
786.792083	0.078120	0.040656	0.010486
787.415657	0.079972	0.052222	0.008406
788.004587	0.078986	0.049461	0.019176
788.564519	0.080031	0.037975	0.010418
789.115757	0.079546	0.037213	0.010331
789.665678	0.078799	0.061293	0.011903
790.241668	0.080139	0.070093	0.013709
790.853460	0.077325	0.064958	0.013320
791.490540	0.079620	0.055966	0.012595
792.060724	0.079602	0.049757	0.013102
792.602934	0.079330	0.044565	0.014327
793.161737	0.078574	0.051469	0.004310
793.738723	0.078325	0.017294	0.012818
794.300922	0.078156	0.051797	0.016237
794.883191	0.078870	0.057746	0.012497
795.485297	0.079012	0.029393	0.015905
796.096743	0.078364	0.063764	0.014775
796.718407	0.078669	0.045508	0.011539
797.286972	0.079550	0.069830	0.015799
797.869188	0.079272	0.044733	0.032574
798.510894	0.080124	0.028673	0.035362
799.101960	0.078940	0.033137	0.009090
799.673551	0.080384	0.036191	0.015124
