800.451549	0.078968	0.015023	0.007915
801.041332	0.080356	0.022264	0.004122
801.636599	0.079219	0.007617	0.012726
802.200073	0.078372	0.016735	0.006954
802.806994	0.079736	0.002584	0.005012
803.368115	0.078705	0.006448	0.007044
803.949537	0.079274	0.001974	0.010460
804.566708	0.079320	0.015110	0.008239
805.121944	0.079697	0.014354	0.008829
805.742694	0.078347	-0.000173	0.008075
806.347343	0.078503	0.008483	0.009795
806.902651	0.079419	0.007551	0.006434
807.472946	0.079399	-0.015199	0.004781
808.032127	0.080078	0.012802	0.005015
808.597548	0.078023	-0.001331	0.008655
809.165040	0.079153	0.004414	0.016153
809.765036	0.079509	0.013384	0.005763
810.387939	0.081015	-0.002150	0.005414
810.956075	0.078862	0.022787	0.008262
811.537645	0.075580	0.014748	0.005243
812.091570	0.080515	0.015613	0.004175
812.649217	0.079324	0.008330	0.015205
813.265469	0.078800	0.018071	0.014226
813.874253	0.079061	0.004678	0.004465
814.464117	0.079385	0.013842	0.007720
815.036971	0.080573	0.006682	0.004359
815.637840	0.079094	0.002967	0.007798
816.232239	0.079789	0.010947	0.006857
816.816880	0.079064	-0.001609	0.007732
817.418151	0.078523	0.007840	0.010782
817.985216	0.078994	0.008244	0.005414
818.553130	0.078399	0.011882	0.005794
819.173053	0.079846	0.009877	0.008234
819.751933	0.080443	0.012218	0.022233
820.393761	0.080140	0.003183	0.010075
820.976964	0.078959	0.019834	0.010948
821.594992	0.079454	0.016614	0.016083
822.246248	0.079351	-6.594740E-6	0.006343
822.849703	0.078332	0.016559	0.007012
823.408318	0.078640	0.009105	0.007281
824.039413	0.078760	0.007597	0.006242
824.645713	0.080214	0.014671	0.013344
825.230225	0.080104	-0.004408	0.009444
825.781143	0.079963	-0.001598	0.007343
826.363558	0.079369	0.014014	0.004822
826.990859	0.079443	-0.010067	0.005671
827.598499	0.077979	0.010128	0.011237
828.215129	0.078876	0.016697	0.011394
828.775040	0.077410	0.017774	0.004629
829.401042	0.080053	0.007374	0.007500
830.000617	0.079546	-0.011690	0.008697
830.554209	0.080129	0.005601	0.009722
831.113402	0.079867	0.020177	0.006635
831.739212	0.079484	0.004547	0.007104
832.344863	0.080094	-0.002088	0.008445
832.967088	0.078195	0.006106	0.008658
833.549473	0.079416	0.019777	0.009634
834.205485	0.078542	-0.011046	0.003801
834.825824	0.079468	0.009212	0.005615
835.455939	0.077995	0.025023	0.004000
836.009709	0.079932	0.002609	0.010491
836.595269	0.079108	0.007643	0.012883
837.185376	0.078635	0.007876	0.009268
837.762576	0.080258	0.007224	0.006062
838.338172	0.079167	0.024166	0.010662
838.979730	0.078912	0.029569	0.004884
839.570256	0.079712	0.020218	0.004435
840.196761	0.079668	0.010608	0.009836
840.758439	0.078615	0.014850	0.006718
841.383812	0.080019	0.024499	0.005697
841.957189	0.079718	0.010646	0.005695
842.596357	0.076413	0.026222	0.009211
843.172080	0.080449	0.027223	0.010694
843.764457	0.079614	0.041034	0.006093
844.368763	0.079453	0.045284	0.005481
845.003055	0.079641	0.039029	0.011018
845.593417	0.079283	0.051229	0.004320
846.195399	0.079997	0.036318	0.005267
846.817076	0.079005	0.056515	0.006482
847.417600	0.079778	0.053871	0.016821
847.996418	0.078325	0.056755	0.005518
848.553997	0.079104	0.067729	0.014662
849.152166	0.079747	0.077154	0.014157
849.760706	0.079338	0.076986	0.010665
850.390951	0.078659	0.094944	0.003885
850.960759	0.078831	0.100685	0.008366
851.587646	0.079710	0.114207	0.009679
852.214515	0.079936	0.098910	0.007317
852.821346	0.079483	0.121469	0.009860
853.450466	0.077124	0.107553	0.005158
854.004647	0.080253	0.083852	0.009218
854.585942	0.078038	0.067215	0.007465
855.163251	0.079304	0.052975	0.005885
855.791772	0.080089	0.028589	0.007317
856.361527	0.078377	0.020454	0.011328
856.991123	0.078648	-0.013930	0.010596
857.587527	0.078481	-0.010862	0.006384
858.215206	0.079410	-0.038701	0.011107
858.805960	0.076982	-0.064081	0.006915
859.391623	0.079590	-0.051401	0.009845
859.999663	0.078206	-0.061730	0.012729
860.610772	0.079713	-0.093285	0.009529
861.243137	0.079504	-0.110838	0.019802
861.814210	0.078835	-0.121342	0.006676
862.433311	0.080196	-0.145303	0.011050
863.059384	0.078199	-0.148726	0.012244
863.666849	0.079782	-0.167391	0.009063
864.287074	0.078170	-0.222422	0.007756
864.850010	0.079856	-0.216925	0.004138
865.426355	0.079425	-0.240655	0.005219
866.027056	0.079063	-0.264206	0.013720
866.624024	0.079219	-0.291169	0.008225
867.184596	0.079761	-0.297721	0.008480
867.815654	0.079371	-0.304154	0.011110
868.447533	0.078876	-0.287054	0.010863
869.066524	0.078604	-0.262322	0.013614
869.636360	0.076930	-0.289699	0.009173
870.247034	0.079310	-0.283684	0.010785
870.869746	0.078260	-0.260056	0.014724
871.477644	0.080221	-0.237307	0.015529
872.043722	0.079723	-0.230080	0.005353
872.629850	0.078709	-0.214165	0.006551
873.252335	0.080453	-0.215078	0.015220
873.854907	0.078458	-0.194573	0.011231
874.473267	0.077412	-0.179452	0.007108
875.037893	0.078033	-0.161896	0.017841
875.658418	0.080032	-0.146725	0.008105
876.239770	0.078855	-0.146024	0.004389
876.832032	0.078540	-0.138448	0.007236
877.401871	0.079314	-0.128754	0.007268
878.007424	0.078746	-0.100657	0.014324
878.622087	0.077257	-0.092340	0.011708
879.256572	0.078309	-0.076296	0.008366
879.816844	0.078192	-0.077374	0.005264
880.429354	0.077750	-0.086104	0.008416
881.004109	0.079976	-0.073116	0.007224
881.602830	0.077046	-0.038975	0.007610
882.156516	0.077670	-0.042271	0.005171
882.753950	0.079882	-0.030334	0.003385
883.375211	0.078295	-0.028930	0.004348
883.975248	0.079184	-0.018727	0.012186
884.620887	0.078047	-0.008845	0.006336
885.193780	0.079309	-0.011064	0.007526
885.813156	0.078714	-0.021385	0.017256
886.392790	0.077485	-0.021970	0.007422
887.014888	0.079672	-0.024327	0.010667
887.603640	0.080964	-0.042277	0.015726
888.214387	0.079173	-0.034045	0.011917
888.819582	0.078059	-0.033306	0.012302
889.442658	0.079784	-0.039273	0.009271
890.033669	0.079491	-0.047072	0.013024
890.602995	0.077549	-0.069736	0.012244
891.225436	0.078246	-0.048584	0.012551
891.841969	0.080321	-0.057711	0.007220
892.407525	0.077441	-0.050189	0.004682
893.051552	0.078955	-0.076704	0.006862
893.668963	0.080318	-0.045456	0.006363
894.236430	0.079582	-0.061877	0.006831
894.801459	0.080090	-0.051821	0.009566
895.433579	0.077551	-0.052320	0.004005
896.073409	0.082288	-0.084325	0.011618
896.655251	0.077839	-0.078815	0.006450
897.260168	0.077193	-0.065120	0.004219
897.836638	0.080851	-0.062204	0.006518
898.389313	0.079648	-0.065701	0.007940
898.992209	0.078222	-0.064152	0.008201
899.592350	0.078085	-0.057419	0.004728
900.215552	0.077814	-0.074612	0.004732
900.770700	0.079915	-0.072124	0.011004
901.367007	0.079135	-0.039825	0.003872
901.968950	0.078052	-0.051121	0.007971
902.569470	0.079690	-0.056546	0.005303
903.157437	0.078188	-0.035887	0.004614
903.752329	0.077967	-0.055800	0.012721
904.393400	0.080214	-0.053018	0.010787
905.006074	0.079657	-0.047511	0.004999
905.600764	0.078229	-0.041563	0.005727
906.198990	0.079325	-0.052937	0.004965
906.838557	0.078907	-0.053073	0.009257
907.411069	0.076808	-0.037350	0.012081
908.039559	0.077186	-0.042448	0.017637
908.620811	0.078511	-0.030503	0.004389
909.223904	0.081860	-0.032300	0.008300
909.792667	0.076718	-0.043069	0.007289
910.381884	0.078869	-0.026525	0.009333
911.015247	0.079436	-0.028476	0.009265
911.578358	0.081729	-0.031021	0.006225
912.194011	0.078805	-0.024465	0.005381
912.774826	0.079345	-0.037797	0.005550
913.357610	0.076659	-0.037999	0.012583
913.934318	0.080728	-0.028841	0.003928
914.565332	0.078923	-0.021790	0.008712
915.156366	0.080912	-0.028313	0.003368
915.762319	0.079029	-0.024583	0.004939
916.377595	0.079530	-0.031136	0.007543
916.978782	0.082526	-0.029607	0.008608
917.569913	0.079136	-0.040564	0.004476
918.176409	0.079100	-0.009952	0.005376
918.735266	0.077347	-0.032125	0.014588
919.291236	0.079308	-0.019748	0.006904
919.832057	0.079021	-0.030503	0.008802
920.390174	0.079829	-0.019347	0.009485
920.963841	0.082426	-0.017305	0.003657
921.561445	0.081292	-0.023492	0.016399
922.117237	0.080989	-0.013551	0.006682
922.718140	0.078363	-0.013589	0.018896
923.328637	0.080344	-0.038940	0.007551
923.922157	0.078356	-0.013499	0.006719
924.540646	0.077850	-0.005576	0.004222
925.110835	0.077500	-0.025599	0.016509
925.704453	0.080108	-0.004100	0.008072
926.269013	0.077810	-0.027150	0.003881
926.847619	0.078017	-0.005019	0.006409
927.404590	0.079528	-0.017351	0.006331
928.019546	0.079680	-0.007828	0.005060
928.634146	0.078231	-0.015394	0.010949
929.227580	0.077909	-0.004461	0.013337
929.836631	0.077832	0.003421	0.008862
930.427107	0.080593	-0.015451	0.007527
931.040044	0.076800	-0.013212	0.008663
931.611608	0.079086	0.008105	0.006294
932.218130	0.079719	0.010332	0.010374
932.803555	0.081129	-0.002454	0.006993
933.427438	0.080950	-0.010096	0.006890
934.022638	0.080262	-0.017353	0.008492
934.660504	0.079359	0.004307	0.011202
935.284924	0.081899	0.001960	0.007900
935.868329	0.079506	0.006308	0.006973
936.471613	0.077884	0.001827	0.005427
937.082663	0.078930	-0.008954	0.007277
937.668010	0.079763	-0.006911	0.004587
938.280340	0.078363	0.012556	0.007454
938.866232	0.079934	-0.004808	0.007372
939.471921	0.078962	0.009061	0.005887
940.080029	0.079546	-0.007947	0.006630
940.695253	0.078521	0.007647	0.006769
941.246437	0.077690	-0.002661	0.008058
941.848034	0.077580	0.013379	0.005339
942.422676	0.078696	0.015570	0.008788
943.020952	0.080114	0.019615	0.011134
943.660280	0.081155	0.000689	0.014228
944.223407	0.078492	-0.004422	0.005287
944.833326	0.078324	0.009251	0.006890
945.417411	0.077299	0.005661	0.004686
946.041629	0.081101	0.006224	0.009590
946.631352	0.081349	0.000452	0.006003
947.250322	0.080431	0.013180	0.009149
947.869641	0.075423	0.018618	0.006179
948.493730	0.075327	0.010720	0.003662
949.066929	0.080251	0.007306	0.004559
949.643178	0.076275	0.015261	0.004595
950.252305	0.078302	0.021736	0.004516
950.851334	0.078824	0.016305	0.005658
951.442354	0.078775	0.021670	0.004994
952.038856	0.079560	0.026936	0.006655
952.628114	0.079725	0.015313	0.009098
953.241032	0.079679	0.028718	0.007049
953.818363	0.076812	0.025094	0.004643
954.462070	0.079384	0.017355	0.007873
955.037920	0.075708	0.026135	0.005554
955.646395	0.079006	0.035791	0.004355
956.238169	0.077121	0.024357	0.004713
956.845841	0.076601	0.022841	0.005449
957.472614	0.077762	0.030045	0.004240
958.042364	0.075440	0.034928	0.008372
958.658038	0.080267	0.022776	0.003792
959.246305	0.080319	0.026554	0.009873
959.824556	0.078009	0.021333	0.005708
960.390096	0.082406	0.021553	0.006544
960.984377	0.077029	0.039529	0.005617
961.563200	0.077599	0.028714	0.004083
962.210814	0.079487	0.032343	0.004268
962.791258	0.082060	0.030007	0.004681
963.359406	0.078994	0.028942	0.004999
963.955523	0.080745	0.048116	0.005618
964.584902	0.079604	0.028113	0.008272
964.933422	0.078284	0.031624	0.004969
964.352809	0.078852	0.047769	0.005960
963.756227	0.079435	0.033272	0.005683
963.150278	0.081231	0.030159	0.004817
962.570989	0.077078	0.032579	0.004666
961.945265	0.081869	0.036014	0.005581
961.367549	0.079353	0.039479	0.004673
960.744909	0.079954	0.046914	0.004426
960.129406	0.079245	0.040016	0.008975
959.495618	0.078453	0.038922	0.003839
958.899153	0.077933	0.030979	0.007033
958.332189	0.080457	0.020309	0.006027
957.716254	0.076944	0.033612	0.004062
957.106631	0.077644	0.021530	0.005285
956.535702	0.077872	0.029122	0.003910
955.975254	0.078929	0.032477	0.006899
955.361144	0.078308	0.021899	0.005791
954.756794	0.080190	0.032408	0.005758
954.119717	0.078904	0.024356	0.003956
953.508641	0.079071	0.015917	0.004908
952.942065	0.077677	0.016349	0.004207
952.385941	0.077031	0.019483	0.005540
951.819628	0.080701	0.016348	0.003787
951.201615	0.077891	0.018220	0.005968
950.626615	0.078930	0.020820	0.008794
949.995372	0.075159	0.019107	0.005608
949.402578	0.080135	0.020886	0.006685
948.757777	0.079099	0.014757	0.005221
948.157155	0.078299	0.018373	0.003902
947.590619	0.078742	0.012939	0.005465
946.990652	0.077528	0.011596	0.005696
946.379468	0.078173	0.001703	0.006107
945.735367	0.079318	0.002057	0.005351
945.143423	0.077536	0.007371	0.006675
944.523205	0.077964	0.006154	0.005096
943.907213	0.077736	0.009472	0.007712
943.322123	0.077803	0.007547	0.010154
942.713874	0.079810	0.003550	0.005526
942.130660	0.082132	0.012110	0.006511
941.541496	0.076963	0.004820	0.005515
940.951308	0.080859	0.014174	0.008351
940.328640	0.077388	0.004373	0.005437
939.756680	0.079274	-0.005605	0.005818
939.136358	0.080450	-0.004395	0.014857
938.551523	0.081288	0.009049	0.011740
937.890242	0.078995	0.009871	0.005402
937.278956	0.079550	0.010043	0.005108
936.710523	0.078365	-0.001077	0.003460
936.098831	0.077982	0.003988	0.005656
935.481610	0.079552	-0.005205	0.005210
934.887761	0.078648	-0.007648	0.005729
934.286464	0.079722	-0.014374	0.004601
933.659827	0.078538	-0.016915	0.004251
933.060957	0.078159	-0.004707	0.007215
932.485173	0.080803	-0.012417	0.004365
931.850357	0.080285	-0.002033	0.003845
931.274624	0.080341	-0.011509	0.010032
930.692375	0.077452	-0.005910	0.006172
930.026210	0.078802	-0.012341	0.006269
929.408464	0.078951	-0.012115	0.004900
928.862791	0.077629	-0.002910	0.006070
928.267060	0.078302	-0.009587	0.004827
927.634520	0.080691	-0.016280	0.007842
926.988802	0.075714	-0.008165	0.007490
926.405534	0.078724	-0.010953	0.007987
925.819624	0.079877	-0.011518	0.006067
925.217332	0.078132	-0.011837	0.005361
924.595640	0.081288	-0.010911	0.004041
924.025839	0.077233	-0.020719	0.008356
923.398533	0.080472	-0.026235	0.005599
922.786829	0.077012	-0.007848	0.006962
922.162769	0.079064	-0.015341	0.008043
921.539435	0.079485	-0.019455	0.008439
920.927200	0.081020	-0.022164	0.006799
920.339882	0.078602	-0.026241	0.004150
919.770295	0.081420	-0.018704	0.010767
919.178203	0.076398	-0.014881	0.005544
918.580990	0.078433	-0.020253	0.008126
917.953695	0.078335	-0.015075	0.005400
917.367306	0.078178	-0.037507	0.004853
916.744372	0.078955	-0.041388	0.009567
916.163645	0.077533	-0.026036	0.005082
915.557889	0.078566	-0.026549	0.009306
914.933508	0.079095	-0.026910	0.004433
914.356884	0.079127	-0.022214	0.007415
913.705875	0.079590	-0.038445	0.008328
913.116686	0.079081	-0.021879	0.014345
912.512943	0.077991	-0.028519	0.011176
911.946400	0.080211	-0.027721	0.004421
911.342557	0.077903	-0.032939	0.007238
910.714679	0.081838	-0.026835	0.011265
910.111316	0.078843	-0.038354	0.004873
909.449484	0.078118	-0.046801	0.006816
908.875478	0.079034	-0.048301	0.006473
908.271129	0.078200	-0.039681	0.006455
907.634280	0.079398	-0.044092	0.007434
907.018166	0.080439	-0.025789	0.014047
906.430690	0.077436	-0.047115	0.009987
905.809246	0.080418	-0.041342	0.010534
905.206430	0.078059	-0.043021	0.008229
904.605251	0.079125	-0.025776	0.008155
903.977426	0.078302	-0.057974	0.015752
903.403461	0.078903	-0.053374	0.005500
902.791633	0.080429	-0.057274	0.009515
902.196916	0.079314	-0.044101	0.009118
901.558031	0.077806	-0.053141	0.005437
900.988732	0.080431	-0.065776	0.005459
900.366758	0.078065	-0.036850	0.006787
899.727608	0.079468	-0.044266	0.015472
899.093708	0.079106	-0.053486	0.005505
898.458989	0.077472	-0.060456	0.008631
897.909979	0.072563	-0.077714	0.005845
897.340364	0.078808	-0.064097	0.005130
896.727506	0.079682	-0.065061	0.005432
896.094599	0.079187	-0.058553	0.004532
895.483352	0.078345	-0.072281	0.007533
894.898034	0.080053	-0.062427	0.005158
894.294960	0.079084	-0.071944	0.010316
893.666959	0.078864	-0.064595	0.008336
893.103250	0.079083	-0.055841	0.008004
892.545994	0.079210	-0.046625	0.006438
891.925663	0.079320	-0.076219	0.006181
891.308203	0.078326	-0.044072	0.004295
890.726754	0.079502	-0.054818	0.004788
890.116028	0.078701	-0.042894	0.005084
889.560902	0.078814	-0.058205	0.007014
888.948229	0.078056	-0.036831	0.009622
888.318232	0.078544	-0.046866	0.006321
887.679344	0.079082	-0.034523	0.007691
887.070562	0.082132	-0.041492	0.012574
886.437843	0.078222	-0.032974	0.008312
885.801010	0.077977	-0.031646	0.012813
885.144736	0.080467	-0.043321	0.012270
884.485121	0.079412	-0.031818	0.008224
883.819599	0.076428	-0.019669	0.013673
883.156338	0.076905	-0.014744	0.006462
882.556021	0.079565	-0.030656	0.008000
881.919566	0.078370	-0.019920	0.005782
881.326860	0.078888	-0.032693	0.006522
880.692118	0.078935	-0.053081	0.016293
880.100466	0.078563	-0.061340	0.012953
879.497952	0.077830	-0.082395	0.008807
878.851225	0.079407	-0.101905	0.016631
878.285725	0.080120	-0.100676	0.006211
877.677299	0.077155	-0.118746	0.013867
877.069823	0.078770	-0.140532	0.006288
876.423798	0.076880	-0.126102	0.009304
875.854212	0.079466	-0.152581	0.011121
875.275822	0.077641	-0.150145	0.012878
874.660184	0.079723	-0.167314	0.010042
874.048394	0.079754	-0.178855	0.014185
873.436847	0.079692	-0.179920	0.006726
872.871996	0.078071	-0.203388	0.006167
872.292189	0.077222	-0.222504	0.008045
871.673799	0.077553	-0.236040	0.011860
871.091769	0.077568	-0.238138	0.008829
870.470080	0.079564	-0.266560	0.005799
869.891720	0.079460	-0.255302	0.005665
869.266648	0.079113	-0.269112	0.010034
868.672374	0.078140	-0.291739	0.006750
868.035923	0.079613	-0.289889	0.004592
867.467314	0.078600	-0.289747	0.009625
866.892072	0.077751	-0.275843	0.003881
866.287066	0.078571	-0.279565	0.007230
865.652064	0.077334	-0.255634	0.008948
865.046012	0.078690	-0.247561	0.006957
864.456394	0.079449	-0.222302	0.004962
863.832312	0.078780	-0.197810	0.015148
863.185991	0.079430	-0.178158	0.015719
862.608112	0.078835	-0.160012	0.010864
862.048975	0.078028	-0.150945	0.016400
861.444682	0.078718	-0.124205	0.009843
860.857471	0.078431	-0.122799	0.008701
860.243300	0.079308	-0.087568	0.004800
859.593308	0.080414	-0.075469	0.004955
859.033989	0.079939	-0.075703	0.004456
858.439008	0.079696	-0.046255	0.009728
857.856982	0.079378	-0.011267	0.015765
857.256243	0.079447	-0.016217	0.009257
856.643927	0.079110	0.016142	0.006229
856.068796	0.078134	0.020553	0.015619
855.482226	0.078435	0.037098	0.005580
854.845688	0.074989	0.049863	0.007131
854.250937	0.078988	0.082756	0.007863
853.670849	0.078501	0.066979	0.008519
853.045605	0.079727	0.102902	0.007683
852.452195	0.078281	0.114469	0.014505
851.850171	0.078588	0.109049	0.006215
851.277092	0.079352	0.111060	0.004576
850.729182	0.076116	0.113742	0.010149
850.134397	0.078815	0.082189	0.006130
849.512707	0.077908	0.076378	0.006644
848.925413	0.078084	0.078286	0.012638
848.347845	0.078891	0.063540	0.005558
847.738317	0.080309	0.059024	0.008040
847.106913	0.079502	0.053340	0.011606
846.526568	0.079782	0.054789	0.004498
845.897576	0.079088	0.050203	0.008028
845.322505	0.077882	0.049875	0.006314
844.739221	0.080303	0.029457	0.005491
844.137679	0.078891	0.045456	0.007237
843.523348	0.078052	0.041600	0.006878
842.958432	0.080238	0.028873	0.006538
842.366134	0.078698	0.030177	0.018460
841.763523	0.078683	0.034797	0.006035
841.147961	0.078185	0.030742	0.008784
840.519828	0.078508	0.016823	0.008621
839.950613	0.078232	0.037157	0.009651
839.358018	0.079961	0.014790	0.004892
838.769568	0.079872	0.014199	0.011113
838.164398	0.078255	0.013044	0.003502
837.614639	0.078935	0.011381	0.004568
837.051780	0.077937	-0.006805	0.008763
836.477651	0.078666	0.028223	0.011495
835.938609	0.079379	0.001970	0.005999
835.363650	0.079123	0.011522	0.006471
834.803807	0.079532	0.006500	0.011566
834.232028	0.079601	0.029139	0.006532
833.665716	0.079383	0.022913	0.008419
833.027520	0.078621	0.006240	0.014420
832.399151	0.080136	-0.005008	0.005705
831.817767	0.078489	0.004403	0.009296
831.181517	0.080936	0.005930	0.007007
830.551238	0.079060	0.024713	0.008052
829.956599	0.079297	-0.003222	0.008090
829.363766	0.079991	0.002967	0.015786
828.797505	0.079188	-0.005961	0.009564
828.226857	0.077248	-0.003128	0.009048
827.655373	0.079708	-0.001535	0.006308
827.041845	0.080095	0.003613	0.003356
826.466773	0.079137	0.000212	0.010548
825.840525	0.079193	0.015308	0.009898
825.216147	0.080186	-0.004457	0.006054
824.634122	0.080695	0.004783	0.005637
824.058837	0.079113	0.012412	0.004788
823.501863	0.077946	0.009775	0.019857
822.939453	0.079818	-0.000954	0.007044
822.383983	0.074145	0.001104	0.010910
821.800963	0.078966	0.004655	0.005735
821.221983	0.080762	0.022090	0.005567
820.651594	0.079022	-0.001478	0.009506
820.060977	0.079016	0.003046	0.006226
819.413077	0.078547	0.019900	0.005705
818.865518	0.079468	0.016082	0.004645
818.306430	0.078761	0.016324	0.007805
817.748518	0.079805	0.009325	0.008003
817.154041	0.079950	0.006404	0.004900
816.554366	0.078507	0.004897	0.005086
815.983994	0.077245	0.005952	0.010643
815.405749	0.077990	0.012749	0.012715
814.833346	0.078782	0.008497	0.013231
814.289825	0.077918	0.003403	0.011340
813.733595	0.079790	0.007878	0.005289
813.168656	0.078751	0.003257	0.009856
812.620737	0.078366	0.002283	0.009099
812.064447	0.079709	0.014194	0.010785
811.545631	0.075097	0.012024	0.006984
811.012180	0.080053	0.022141	0.004683
810.458191	0.080088	-0.000142	0.005282
809.913474	0.077894	0.006404	0.010376
809.356432	0.079220	0.004631	0.010541
808.803311	0.079915	0.004914	0.011427
808.230355	0.077413	0.023381	0.007499
807.643315	0.078272	0.011782	0.004786
807.033671	0.079415	0.003790	0.005903
806.412785	0.078463	-0.001099	0.006000
805.819234	0.079461	0.008521	0.009111
805.231857	0.079561	-0.004769	0.008332
804.685828	0.079877	0.011517	0.006658
804.093002	0.079336	-0.002033	0.008275
803.526991	0.080230	0.017108	0.005955
802.962627	0.078894	0.023426	0.008675
802.388271	0.079761	0.022226	0.008779
801.786021	0.078790	0.009658	0.005023
801.153769	0.078342	0.009935	0.008643
800.563221	0.079203	0.021980	0.006770
799.993778	0.080107	0.008955	0.010237
799.434490	0.080362	0.007265	0.005750
798.858862	0.080277	0.008972	0.010332
798.306166	0.078686	0.025215	0.009307
797.746053	0.078890	0.012620	0.005218
797.196315	0.079076	0.018323	0.005784
796.644764	0.079446	0.005604	0.006412
796.073581	0.078175	0.013485	0.004914
795.526176	0.077960	0.020309	0.009858
794.931109	0.077422	0.012318	0.008016
794.366011	0.078381	0.016743	0.003930
793.801241	0.080517	0.007991	0.005777
793.248244	0.079128	0.017927	0.007999
792.678093	0.078894	0.009099	0.007772
792.108905	0.079752	0.005173	0.008718
791.548744	0.077850	0.014181	0.010615
790.961189	0.078029	0.014565	0.005287
790.396138	0.079737	0.006744	0.007343
789.833366	0.080283	0.015904	0.005614
789.222512	0.080597	0.010032	0.008660
788.585940	0.079385	0.016402	0.007705
788.022828	0.079070	0.022298	0.006252
787.408209	0.079727	0.019836	0.006467
786.756728	0.078719	0.008705	0.006572
786.176024	0.080294	0.004866	0.007817
785.595204	0.080437	0.006061	0.004374
785.028409	0.079685	0.012169	0.005999
784.423960	0.079396	0.016830	0.004311
783.813313	0.079532	0.009340	0.008175
783.230283	0.078236	0.008972	0.004653
782.596888	0.078464	0.005262	0.007051
782.017805	0.078103	0.023817	0.006210
781.416212	0.079619	0.014463	0.004185
780.826206	0.079438	0.016237	0.006600
780.189022	0.079622	-0.000719	0.008421
779.559072	0.078587	0.017161	0.012540
779.011393	0.080124	0.018556	0.015188
778.435930	0.079157	0.002540	0.004999
777.824769	0.077979	0.003398	0.006780
777.209604	0.079053	0.017386	0.005987
776.643300	0.078926	0.017012	0.013425
776.008016	0.078546	0.014527	0.005333
775.381948	0.079880	0.011730	0.003906
774.797971	0.078989	0.015856	0.006012
774.172198	0.079849	0.015150	0.005912
773.602186	0.079701	0.012949	0.006014
772.978700	0.079411	0.017283	0.009075
772.416348	0.078526	0.014981	0.007352
771.816494	0.079059	0.008311	0.005139
771.184718	0.078754	0.022303	0.003924
770.609421	0.080257	0.007736	0.008488
770.037027	0.079482	0.007736	0.010622
769.440388	0.080714	0.011779	0.005072
768.800518	0.080157	0.024862	0.004036
768.229641	0.078606	0.000993	0.006649
767.644935	0.078487	0.004905	0.009770
766.993685	0.078672	0.009462	0.008019
766.366901	0.079339	0.006894	0.003749
765.782380	0.079868	0.030925	0.008356
765.215264	0.080147	0.015051	0.008736
764.620324	0.078776	0.017195	0.005084
764.025461	0.079558	0.011026	0.011551
763.418048	0.080139	0.021544	0.005954
762.832339	0.078408	0.020164	0.005357
762.225761	0.078977	0.012078	0.005830
761.597056	0.078147	0.011849	0.005695
761.019426	0.079671	0.016737	0.007308
760.382517	0.079138	0.041668	0.011962
759.746128	0.079386	0.016587	0.012862
759.163252	0.080508	0.020011	0.006082
758.565554	0.079832	0.015258	0.004660
757.961628	0.080006	0.024717	0.007163
757.401990	0.078055	0.026370	0.003979
756.811910	0.078304	0.008446	0.011332
756.248237	0.078940	0.011020	0.010014
755.682832	0.079343	0.012890	0.008975
755.097612	0.079078	0.023873	0.006111
754.509701	0.079547	0.022669	0.010951
753.895816	0.079835	0.008111	0.004800
753.280368	0.079544	0.012164	0.007459
752.617248	0.079096	0.016095	0.009303
752.034148	0.077800	0.010552	0.004435
751.457755	0.079049	0.014911	0.006687
750.865442	0.077828	0.012014	0.006649
750.242787	0.079622	0.015334	0.004757
749.647069	0.078858	0.022383	0.005840
749.080872	0.080535	0.014098	0.004973
748.452260	0.079059	0.019737	0.005720
747.833264	0.078960	0.028384	0.008987
747.209083	0.078934	0.021080	0.006806
746.623912	0.077836	0.018068	0.004918
746.029344	0.078144	0.025124	0.004348
745.457152	0.078580	0.019623	0.007529
744.808258	0.080645	0.018702	0.003711
744.169869	0.079851	0.022737	0.006737
743.586096	0.077861	0.024488	0.004496
742.959678	0.081617	0.032471	0.006768
742.338380	0.078015	0.042451	0.007004
741.756311	0.079437	0.042240	0.005002
741.126542	0.079200	0.031810	0.003614
740.550750	0.078159	0.036149	0.008919
739.930555	0.079118	0.016808	0.005527
739.284481	0.080012	0.031731	0.009708
738.699201	0.077850	0.034562	0.013064
738.135396	0.080341	0.027053	0.006281
737.513586	0.080443	0.032535	0.004288
736.888725	0.080286	0.031468	0.005167
736.277351	0.079479	0.032151	0.005829
735.690805	0.079411	0.035696	0.005214
735.136764	0.078544	0.050561	0.008711
734.527725	0.080378	0.047681	0.006046
733.941392	0.080760	0.043620	0.011002
733.336297	0.080729	0.047914	0.009080
732.740669	0.079190	0.065289	0.007201
732.183927	0.079875	0.059451	0.004509
731.547529	0.078856	0.065117	0.004539
730.936264	0.078820	0.067914	0.006222
730.283258	0.079777	0.063681	0.004493
729.699433	0.080796	0.074590	0.006837
729.107658	0.080331	0.072083	0.007820
728.469477	0.079983	0.095568	0.004719
727.869467	0.078048	0.094609	0.005069
727.271429	0.080717	0.112115	0.003929
726.697828	0.078130	0.108471	0.005137
726.059034	0.079329	0.113627	0.005480
725.459094	0.079710	0.109099	0.003552
724.900661	0.078029	0.108208	0.005036
724.343483	0.077471	0.100359	0.010017
723.754289	0.081062	0.099966	0.005894
723.108682	0.080324	0.067690	0.005132
722.504395	0.080528	0.038101	0.006305
721.927292	0.080777	0.021000	0.007368
721.360762	0.080098	-0.006350	0.013081
720.729860	0.080089	-0.036842	0.003742
720.131435	0.077938	-0.043406	0.005467
719.514472	0.078881	-0.082553	0.006860
718.953404	0.079500	-0.121148	0.006112
718.346768	0.077875	-0.145057	0.009533
717.735978	0.080774	-0.172803	0.005440
717.098684	0.082125	-0.204883	0.005253
716.470080	0.080462	-0.245429	0.005868
715.877456	0.078722	-0.269914	0.009507
715.242799	0.078827	-0.310537	0.006417
714.630940	0.077306	-0.353395	0.006409
713.973990	0.078897	-0.367193	0.005625
713.386487	0.078076	-0.403566	0.004955
712.765937	0.082250	-0.407491	0.007093
712.122060	0.078610	-0.417193	0.004692
711.543492	0.077373	-0.403900	0.006589
710.988185	0.078356	-0.375053	0.010508
710.410274	0.080416	-0.337136	0.010705
709.794477	0.078997	-0.291631	0.006555
709.179752	0.080144	-0.235148	0.006322
708.606218	0.078224	-0.196598	0.005699
708.018291	0.078357	-0.135132	0.006387
707.385359	0.082077	-0.079088	0.007846
706.756704	0.080161	-0.030508	0.004958
706.173107	0.081658	0.019525	0.007131
705.537506	0.078530	0.088681	0.009040
704.951369	0.080781	0.138741	0.008760
704.345124	0.079964	0.194357	0.010971
703.712149	0.078840	0.252577	0.016428
703.173278	0.077850	0.315316	0.004678
702.568348	0.079659	0.356623	0.006932
701.992290	0.080390	0.410284	0.011161
701.385089	0.078753	0.460059	0.007201
700.805149	0.078890	0.493489	0.005587
700.185929	0.079536	0.509917	0.006019
699.612877	0.078319	0.528621	0.005680
699.016356	0.078577	0.502603	0.006445
698.371076	0.078653	0.491632	0.007786
697.740319	0.079791	0.454483	0.006555
697.099892	0.082445	0.410747	0.011959
696.497791	0.079418	0.360015	0.004893
695.911562	0.081056	0.307583	0.005998
695.305976	0.078582	0.264605	0.003060
694.706667	0.079925	0.225505	0.007607
694.098160	0.080607	0.194322	0.012057
693.497814	0.080564	0.147468	0.008712
692.857542	0.081535	0.112594	0.006788
692.230536	0.079800	0.061169	0.009229
691.658307	0.080166	0.035408	0.004198
691.004924	0.081765	-0.003159	0.005013
690.431662	0.079885	-0.045641	0.012341
689.838253	0.078846	-0.070398	0.005767
689.249995	0.077979	-0.111409	0.006434
688.640718	0.081302	-0.151105	0.004138
688.056502	0.080041	-0.183221	0.004503
687.453592	0.080060	-0.225467	0.009511
686.838390	0.081276	-0.267910	0.009254
686.193723	0.076835	-0.304787	0.009806
685.600952	0.079183	-0.319522	0.004463
685.021753	0.080767	-0.347247	0.005958
684.392182	0.081285	-0.357650	0.004438
683.804853	0.078391	-0.353039	0.007030
683.230813	0.082068	-0.346355	0.005427
682.672674	0.078726	-0.344533	0.009773
682.065665	0.078770	-0.321595	0.006737
681.465469	0.080866	-0.306854	0.008610
680.874944	0.079968	-0.274346	0.003523
680.266208	0.079339	-0.247880	0.006359
679.704756	0.081108	-0.245771	0.007663
679.063799	0.080805	-0.220018	0.006896
678.481780	0.081016	-0.201799	0.009067
677.838360	0.079564	-0.181348	0.003989
677.270085	0.078310	-0.158159	0.010316
676.653937	0.077780	-0.149554	0.007013
676.041206	0.079215	-0.129758	0.010575
675.419658	0.078671	-0.123684	0.005427
674.832605	0.080006	-0.113435	0.007107
674.223354	0.079578	-0.097929	0.003961
673.601074	0.079945	-0.074373	0.005404
673.025969	0.081404	-0.064120	0.009815
672.429699	0.076487	-0.058448	0.003935
671.862249	0.079243	-0.043647	0.009811
671.234749	0.077963	-0.029390	0.004189
670.597162	0.080614	-0.021703	0.008711
670.018476	0.079057	-0.025621	0.004363
669.372619	0.081857	-0.005586	0.008788
668.774743	0.078819	-0.006388	0.004684
668.176221	0.080095	-0.010394	0.005425
667.541757	0.078829	-0.014764	0.011856
666.937604	0.078946	-0.012824	0.003534
666.372931	0.077103	-0.012877	0.005815
665.731933	0.076955	-0.020200	0.005185
665.125891	0.077075	-0.028847	0.004670
664.516161	0.076833	-0.016239	0.006122
663.854889	0.080469	-0.029536	0.006173
663.265600	0.080101	-0.029447	0.003507
662.628244	0.080392	-0.028692	0.008201
661.997657	0.076448	-0.023753	0.005643
661.418720	0.078689	-0.034841	0.003570
660.816496	0.078429	-0.017556	0.007914
660.233233	0.078526	-0.025234	0.004309
659.649549	0.079412	-0.030758	0.008558
659.053985	0.077287	-0.020738	0.007424
658.481771	0.077272	-0.029881	0.007602
657.854199	0.079498	-0.036551	0.006406
657.237623	0.080587	-0.038359	0.007311
656.662613	0.077474	-0.052808	0.004018
656.035722	0.081117	-0.024101	0.005655
655.453600	0.078360	-0.038956	0.007780
654.866567	0.076801	-0.030597	0.005208
654.279071	0.078645	-0.026958	0.005206
653.640414	0.079147	-0.041636	0.006223
653.027871	0.079429	-0.034428	0.005753
652.453966	0.081473	-0.030657	0.008964
651.841252	0.080551	-0.034914	0.009039
651.199546	0.077929	-0.029356	0.004719
650.590382	0.078566	-0.031399	0.004214
650.022752	0.081510	-0.030530	0.005411
649.405512	0.081072	-0.033540	0.006874
648.783479	0.079167	-0.031149	0.004109
648.171199	0.078116	-0.033085	0.005679
647.542727	0.079440	-0.029859	0.004867
646.972716	0.081443	-0.042631	0.005652
646.381567	0.077857	-0.042500	0.010156
645.786142	0.081223	-0.035500	0.003575
645.171289	0.079249	-0.036483	0.008286
644.580636	0.078956	-0.033695	0.006494
644.013745	0.079359	-0.030259	0.004803
643.410473	0.081723	-0.040676	0.003840
642.787674	0.076739	-0.037118	0.007855
642.145659	0.081101	-0.040981	0.004701
641.558830	0.081630	-0.031122	0.004300
640.959886	0.082109	-0.040517	0.008922
640.343564	0.082351	-0.034115	0.005388
639.688531	0.078639	-0.030266	0.003257
639.060951	0.080365	-0.022897	0.007414
638.519804	0.082878	-0.033781	0.007370
637.937900	0.080279	-0.044234	0.006618
637.316652	0.079882	-0.036354	0.003795
636.712314	0.079368	-0.037258	0.006822
636.118436	0.079187	-0.021190	0.006199
635.527874	0.079236	-0.030868	0.010155
635.075206	0.078993	-0.032902	0.004410
635.660631	0.081215	-0.030890	0.011094
636.320237	0.079905	-0.037946	0.004714
636.899474	0.080197	-0.032895	0.007478
637.507598	0.081335	-0.026047	0.003889
638.136885	0.078648	-0.037091	0.009185
638.748300	0.077247	-0.036809	0.006108
639.317739	0.080822	-0.040361	0.007711
639.885961	0.078255	-0.025910	0.008967
640.511029	0.078427	-0.030922	0.004559
641.127003	0.081434	-0.029427	0.006551
641.709495	0.081759	-0.042843	0.009612
642.298539	0.080857	-0.046372	0.010463
642.891395	0.079095	-0.032814	0.003427
643.538423	0.078694	-0.027573	0.007951
644.137836	0.079243	-0.031086	0.005089
644.786079	0.081568	-0.038350	0.005191
645.349876	0.079576	-0.025833	0.006024
645.976502	0.076609	-0.035224	0.006987
646.581984	0.078841	-0.046003	0.005321
647.204219	0.077546	-0.031985	0.004162
647.803835	0.078416	-0.033332	0.003574
648.385653	0.081136	-0.041070	0.006394
649.024349	0.081431	-0.032856	0.007106
649.608048	0.079240	-0.031346	0.003964
650.259365	0.080159	-0.043117	0.007835
650.834892	0.078938	-0.039990	0.004978
651.431714	0.079794	-0.037011	0.008178
652.054226	0.077817	-0.026854	0.005400
652.669510	0.076605	-0.039200	0.007366
653.223437	0.079755	-0.030984	0.006875
653.832029	0.081265	-0.028989	0.004314
654.447365	0.078530	-0.029343	0.003594
655.066444	0.081455	-0.033172	0.004345
655.663868	0.077492	-0.036819	0.005098
656.228874	0.078496	-0.037977	0.008599
656.832367	0.080949	-0.039678	0.004168
657.387704	0.080083	-0.032008	0.004582
657.945208	0.079695	-0.044809	0.006966
658.515229	0.079561	-0.038588	0.004012
659.076490	0.076779	-0.037223	0.006155
659.631714	0.080264	-0.028759	0.003326
660.179134	0.075972	-0.032694	0.004716
660.733147	0.078182	-0.023993	0.006309
661.280505	0.079205	-0.030057	0.007455
661.850523	0.076859	-0.027684	0.005448
662.406034	0.080474	-0.030293	0.006123
662.986139	0.077936	-0.031140	0.005334
663.556723	0.078366	-0.032869	0.006664
664.098747	0.078465	-0.023332	0.006977
664.633363	0.079771	-0.011183	0.003518
665.205389	0.081977	-0.021508	0.005072
665.757428	0.078350	-0.012478	0.004438
666.333659	0.078619	-0.015151	0.004426
666.899812	0.078715	-0.021177	0.004530
667.466596	0.077671	-0.012840	0.006337
668.046992	0.077479	-0.005675	0.006731
668.624860	0.076874	-0.000230	0.005844
669.189595	0.082322	-0.008091	0.008351
669.786534	0.076976	-0.011080	0.006193
670.400961	0.078351	-0.013730	0.006230
670.951227	0.076491	-0.031179	0.004970
671.498157	0.081593	-0.036080	0.010959
672.060453	0.078736	-0.040907	0.007061
672.631848	0.076001	-0.056739	0.012730
673.219921	0.079993	-0.067857	0.008384
673.817884	0.079862	-0.089990	0.006503
674.380284	0.080687	-0.091908	0.003883
674.914292	0.079520	-0.098774	0.006032
675.533090	0.078131	-0.111114	0.007378
676.153367	0.078544	-0.137854	0.004086
676.732482	0.078724	-0.140361	0.006408
677.369380	0.081650	-0.162475	0.005655
677.974289	0.076409	-0.173883	0.006229
678.584904	0.077772	-0.196848	0.008556
679.205665	0.079977	-0.214953	0.006953
679.778560	0.077957	-0.226591	0.007567
680.379701	0.079405	-0.246539	0.004403
680.949054	0.079490	-0.259615	0.004525
681.529908	0.078041	-0.281172	0.007035
682.096475	0.077147	-0.303697	0.007345
682.715691	0.078581	-0.333413	0.006239
683.279204	0.078318	-0.345096	0.004691
683.863442	0.078902	-0.355900	0.006731
684.465743	0.080729	-0.361319	0.003384
685.034535	0.078075	-0.348936	0.004555
685.633179	0.078883	-0.335685	0.004103
686.215162	0.078414	-0.303452	0.006896
686.797317	0.078101	-0.283368	0.010555
687.400479	0.080212	-0.236899	0.006036
687.962804	0.080135	-0.209549	0.007194
688.532237	0.078176	-0.175240	0.003545
689.146071	0.078119	-0.147744	0.010409
689.713385	0.079357	-0.097108	0.003795
690.269518	0.079035	-0.065725	0.004357
690.857287	0.079444	-0.031826	0.005173
691.476908	0.078479	0.015622	0.006704
692.030810	0.079521	0.040368	0.011849
692.634308	0.077981	0.079872	0.003349
693.207801	0.076845	0.121525	0.010740
693.824854	0.079769	0.165208	0.005537
694.472495	0.078670	0.186162	0.003626
695.061371	0.079309	0.227053	0.004990
695.648993	0.078764	0.272706	0.007333
696.261208	0.077509	0.328204	0.005363
696.865938	0.078627	0.378470	0.015671
697.459327	0.080272	0.420512	0.005057
698.099718	0.076793	0.464586	0.004339
698.663562	0.080677	0.493023	0.006632
699.277448	0.079618	0.520319	0.006005
699.867212	0.078148	0.533748	0.004171
700.466628	0.079328	0.521488	0.003854
701.079779	0.077370	0.493861	0.005089
701.646850	0.081358	0.458494	0.006835
702.275690	0.078255	0.395514	0.010308
702.892092	0.079543	0.352798	0.005898
703.500724	0.079314	0.271732	0.005151
704.065517	0.079085	0.237492	0.005162
704.688768	0.079238	0.189252	0.008761
705.289473	0.079746	0.134297	0.007319
705.886092	0.078338	0.073988	0.003233
706.543272	0.079399	0.013802	0.008219
707.124475	0.077715	-0.060863	0.006262
707.705484	0.078677	-0.102525	0.006316
708.314604	0.077877	-0.139872	0.012299
708.923001	0.079976	-0.193428	0.010064
709.486532	0.079383	-0.253935	0.006287
710.068710	0.080237	-0.305804	0.007697
710.687700	0.079362	-0.348931	0.010595
711.325970	0.078822	-0.393264	0.003776
711.952738	0.080533	-0.406093	0.009018
712.539405	0.079404	-0.413264	0.004360
713.182182	0.078035	-0.403935	0.008862
713.771425	0.080661	-0.396062	0.003823
714.425110	0.083865	-0.364717	0.006279
715.006966	0.079793	-0.337318	0.003838
715.622829	0.079253	-0.302111	0.009053
716.246972	0.079588	-0.268864	0.006190
716.841400	0.079148	-0.233957	0.007544
717.430286	0.078314	-0.201539	0.010311
717.998392	0.077989	-0.173693	0.007051
718.600775	0.078723	-0.142801	0.007323
719.236508	0.078005	-0.111569	0.005429
719.849212	0.078387	-0.075744	0.007256
720.475814	0.079027	-0.048089	0.008694
721.052641	0.078884	-0.033931	0.004677
721.644353	0.079040	0.007484	0.006037
722.210436	0.080123	0.016219	0.004172
722.811201	0.078580	0.045403	0.011120
723.405501	0.079683	0.069334	0.006010
724.025048	0.079507	0.087816	0.008531
724.626630	0.078931	0.090285	0.009937
725.248890	0.074480	0.117082	0.003689
725.850791	0.080330	0.113431	0.005247
726.430440	0.080158	0.112402	0.006446
727.013113	0.077914	0.103113	0.008841
727.619381	0.077972	0.104591	0.006282
728.205292	0.078456	0.098155	0.007233
728.789959	0.079580	0.100974	0.011054
729.373395	0.079164	0.094406	0.007328
729.982950	0.078774	0.077563	0.005792
730.623784	0.079090	0.063324	0.004782
731.234126	0.080478	0.058229	0.006323
731.873640	0.079812	0.053027	0.009131
732.493495	0.079662	0.056247	0.008565
733.118465	0.077983	0.053490	0.006914
733.714879	0.079110	0.040878	0.004753
734.281332	0.078909	0.048995	0.004540
734.854117	0.076308	0.045120	0.004585
735.445905	0.080350	0.047149	0.004153
736.100607	0.078565	0.043298	0.005648
736.712884	0.079498	0.044872	0.007755
737.279876	0.077937	0.044418	0.003357
737.893086	0.077988	0.037961	0.007468
738.528096	0.077636	0.038777	0.006310
739.092212	0.079217	0.031348	0.007623
739.707899	0.077348	0.038645	0.004421
740.279405	0.078709	0.025895	0.005085
740.871002	0.079053	0.025746	0.004146
741.476371	0.080208	0.023479	0.011730
742.094887	0.078576	0.026901	0.005080
742.684002	0.077668	0.021092	0.005922
743.286415	0.079909	0.028540	0.005589
743.844037	0.079675	0.031820	0.005197
744.414950	0.078756	0.034027	0.004470
745.014664	0.079363	0.022584	0.003362
745.566922	0.081137	0.011533	0.006179
746.189924	0.078611	0.017544	0.009964
746.789761	0.077185	0.011936	0.007932
747.443409	0.079396	0.017012	0.006197
748.007242	0.079106	0.022474	0.004741
748.601454	0.078258	0.025249	0.006782
749.207131	0.078162	0.014530	0.009213
749.849081	0.079230	0.016919	0.009741
750.457487	0.080281	0.013725	0.004830
751.002084	0.078703	0.026578	0.006006
751.596327	0.078433	0.022583	0.008350
752.199945	0.077721	0.017491	0.004424
752.814850	0.078799	0.027250	0.005673
753.382774	0.079452	0.028310	0.005508
753.972783	0.079228	0.017960	0.007074
754.586212	0.078899	0.018132	0.003486
755.184945	0.079171	0.006804	0.006185
755.755985	0.078750	0.022948	0.004876
756.357036	0.079001	0.006733	0.004242
757.011555	0.079485	0.025335	0.005352
757.624516	0.076828	0.026843	0.008059
758.260535	0.079471	0.017648	0.004511
758.913775	0.079417	0.020560	0.007833
759.518479	0.078542	0.032041	0.008519
760.159485	0.079282	0.020023	0.004570
760.720740	0.078923	0.014024	0.008542
761.310048	0.080119	0.014610	0.005897
761.855126	0.079440	0.021104	0.004988
762.468462	0.077889	0.023054	0.011987
763.097324	0.079258	0.014068	0.004951
763.679966	0.077783	0.024641	0.010027
764.330473	0.078148	0.013016	0.008963
764.889448	0.078170	0.017617	0.003827
765.490253	0.078761	0.010555	0.005229
766.104634	0.079900	0.017168	0.007792
766.685202	0.079961	0.017109	0.006384
767.253038	0.080334	0.014268	0.005881
767.867306	0.079358	0.014286	0.007101
768.459407	0.077300	0.015769	0.005587
769.083792	0.079031	0.017621	0.006729
769.687525	0.079147	0.011088	0.007849
770.261302	0.080082	0.020449	0.006272
770.874999	0.079596	0.023371	0.004526
771.521925	0.080383	0.013063	0.006754
772.088312	0.079365	0.021235	0.014236
772.665060	0.078726	0.023104	0.004792
773.237981	0.079055	0.012068	0.016759
773.859292	0.077701	0.025312	0.006791
774.439695	0.078577	0.026972	0.005391
775.036749	0.079335	0.007553	0.016179
775.606935	0.079910	0.024595	0.006642
776.178266	0.078703	0.024309	0.006102
776.800754	0.080114	0.006489	0.006998
777.424414	0.079743	0.007295	0.005120
777.995013	0.078453	0.009515	0.007551
778.643773	0.078688	0.018533	0.007607
779.269144	0.077564	0.017773	0.010145
779.921156	0.078771	0.012812	0.003621
780.524868	0.079395	0.013356	0.006354
781.128751	0.080130	0.014340	0.004423
781.744445	0.079162	0.018064	0.004708
782.379772	0.080215	0.018689	0.006045
782.958964	0.078624	0.034337	0.007881
783.575867	0.080499	0.020469	0.004363
784.150310	0.079583	0.016182	0.006444
784.763292	0.078301	0.019387	0.007209
785.388585	0.079884	0.012829	0.006574
785.997654	0.077109	0.006988	0.010736
786.557086	0.077213	0.009871	0.006328
787.155957	0.079524	0.010829	0.007928
787.728429	0.078641	0.020341	0.010965
788.344519	0.081140	0.025519	0.003693
788.917619	0.080759	0.020557	0.011061
789.513729	0.078501	0.005561	0.007940
790.099774	0.078747	0.002891	0.009042
790.765664	0.079854	0.004484	0.009854
791.343292	0.078985	0.017165	0.004306
791.904809	0.079150	0.014568	0.005464
792.508168	0.079504	0.005690	0.008190
793.103414	0.079510	0.020245	0.004476
793.709318	0.079326	0.010745	0.008697
794.283400	0.078346	0.012172	0.008765
794.847409	0.079077	0.020020	0.014808
795.460592	0.079893	0.025564	0.011913
796.067825	0.078426	0.015370	0.008752
796.677078	0.078408	0.015098	0.004107
797.272524	0.079404	0.010042	0.006565
797.885099	0.080078	0.030172	0.007605
798.516491	0.080241	0.006554	0.008472
799.113479	0.078701	0.006048	0.008108
799.702907	0.079130	0.018425	0.005542
