800.420820	0.079308	0.088799	0.008102
801.021461	0.079138	0.078718	0.005817
801.607745	0.079683	0.087853	0.006195
802.166803	0.080203	0.072307	0.005609
802.746337	0.079022	0.075938	0.007323
803.313213	0.081174	0.074798	0.004811
803.864681	0.079847	0.087009	0.006470
804.441585	0.078761	0.073059	0.005967
805.002103	0.079866	0.083057	0.004029
805.578633	0.080601	0.078383	0.005102
806.140551	0.080154	0.085141	0.003678
806.714555	0.078751	0.069869	0.005091
807.272636	0.079745	0.069495	0.007108
807.865534	0.079104	0.060694	0.006804
808.429915	0.078182	0.072417	0.005062
808.982539	0.080494	0.075817	0.006469
809.601749	0.079414	0.060904	0.003233
810.221194	0.078619	0.076442	0.004576
810.758147	0.080528	0.043553	0.006261
811.298040	0.077752	0.054719	0.005837
811.794252	0.077604	0.051039	0.004303
812.367067	0.078862	0.054105	0.005464
812.933542	0.079451	0.046060	0.004001
813.506106	0.079030	0.045328	0.007314
814.158327	0.078291	0.055793	0.004447
814.768325	0.078925	0.042267	0.003777
815.331733	0.078065	0.044820	0.003917
815.959768	0.076881	0.042968	0.004447
816.582120	0.078575	0.038446	0.004496
817.177430	0.079194	0.038355	0.007681
817.753465	0.080185	0.031326	0.006776
818.334118	0.077830	0.036642	0.004200
818.947205	0.077288	0.035494	0.005375
819.508213	0.079104	0.039660	0.003851
820.095032	0.077995	0.025253	0.005521
820.728192	0.076568	0.033100	0.003132
821.368997	0.080756	0.022638	0.009978
821.939964	0.079495	0.038047	0.005520
822.536256	0.077722	0.031326	0.007020
823.158720	0.079932	0.039062	0.006403
823.739266	0.078803	0.027240	0.007087
824.298975	0.080037	0.032152	0.006066
824.897101	0.079022	0.027745	0.004158
825.524439	0.077230	0.029262	0.004017
826.150468	0.078216	0.035762	0.007895
826.722925	0.077849	0.030383	0.010458
827.335738	0.080071	0.028043	0.004299
827.951619	0.078489	0.030290	0.005985
828.547715	0.079801	0.034776	0.003394
829.115591	0.076378	0.022044	0.004460
829.690232	0.079298	0.027297	0.005426
830.307426	0.078553	0.040450	0.003434
830.906442	0.078448	0.033258	0.006974
831.580094	0.077010	0.022054	0.009248
832.201310	0.079461	0.028120	0.004230
832.826338	0.078333	0.035272	0.009960
833.418827	0.079917	0.031494	0.004131
833.996141	0.079737	0.030760	0.005869
834.592542	0.079266	0.025101	0.004253
835.190624	0.079987	0.023098	0.006192
835.772593	0.078888	0.029590	0.005936
836.364499	0.077452	0.029502	0.011719
836.955282	0.078405	0.022103	0.005862
837.570755	0.079218	0.029507	0.005598
838.231720	0.078522	0.032435	0.007084
838.819913	0.080750	0.028680	0.006784
839.464115	0.080393	0.027375	0.007637
840.056742	0.078377	0.014478	0.007116
840.648043	0.078232	0.023472	0.008316
841.225095	0.078418	0.027161	0.004811
841.839318	0.079708	0.012612	0.008482
842.463781	0.078381	0.015734	0.003956
843.042939	0.078478	0.010477	0.006967
843.673418	0.080969	0.016377	0.005805
844.242981	0.079750	0.023579	0.007647
844.865643	0.078583	0.014855	0.008574
845.461001	0.081005	0.016414	0.004161
846.110979	0.079769	0.024633	0.007961
846.688615	0.078512	0.010040	0.005391
847.281393	0.078695	0.022879	0.006979
847.904482	0.077867	0.020094	0.006772
848.481801	0.079461	0.025819	0.004517
849.078709	0.079661	-0.002473	0.006614
849.709254	0.078341	0.005125	0.007314
850.292677	0.079785	0.004701	0.003910
850.889631	0.078823	0.010367	0.007407
851.513869	0.076826	0.009810	0.004324
852.064929	0.080102	0.009617	0.004527
852.693230	0.080398	0.011144	0.004985
853.288047	0.079768	0.002044	0.003663
853.870987	0.079526	0.006094	0.005960
854.435608	0.079058	-0.001912	0.006846
855.007541	0.080437	0.002345	0.014435
855.640732	0.079636	-0.003962	0.007080
856.236771	0.078742	-0.005409	0.004870
856.841199	0.080555	-0.001225	0.004935
857.494582	0.078028	0.000335	0.007826
858.074037	0.079193	-0.004918	0.008514
858.693437	0.079862	-0.001042	0.008570
859.285526	0.081132	-0.005369	0.006719
859.841966	0.076342	-0.016079	0.009067
860.446143	0.080815	-0.001622	0.007105
861.048020	0.078787	-0.007477	0.004856
861.667318	0.079720	-0.009898	0.008667
862.251791	0.077338	-0.010658	0.004435
862.845023	0.080070	-0.000779	0.007319
863.508561	0.078682	-0.015855	0.003253
864.100205	0.079476	-0.009359	0.005636
864.683074	0.079372	-0.014723	0.008856
865.259187	0.078611	-0.019229	0.008836
865.842374	0.079541	-0.021990	0.005978
866.457402	0.077178	-0.030125	0.004111
867.088016	0.078528	-0.021796	0.007685
867.645337	0.081640	-0.016531	0.003925
868.262026	0.077887	-0.001931	0.006803
868.857953	0.080065	-0.002813	0.006727
869.459372	0.078190	-0.013503	0.005544
870.026852	0.078851	-0.002980	0.006213
870.606323	0.076762	0.000304	0.004630
871.207252	0.081544	0.022541	0.008716
871.809989	0.077712	0.026263	0.006635
872.387946	0.078042	0.022257	0.006266
873.028110	0.075577	0.040738	0.003673
873.641094	0.081830	0.044410	0.006283
874.216241	0.081943	0.065841	0.003821
874.797862	0.078337	0.059027	0.004403
875.402733	0.080073	0.070642	0.007685
876.048560	0.082408	0.086825	0.006511
876.593291	0.080884	0.082161	0.007973
877.157798	0.078741	0.095780	0.004614
877.786154	0.076960	0.131031	0.007322
878.410773	0.078672	0.141029	0.006200
879.007252	0.080182	0.150865	0.004064
879.661087	0.080794	0.170064	0.007376
880.212509	0.078662	0.167327	0.005353
880.798904	0.081434	0.188850	0.005381
881.370768	0.078321	0.192092	0.009090
881.997067	0.079270	0.189782	0.008140
882.567102	0.078147	0.175330	0.005983
883.150001	0.077301	0.156345	0.005971
883.748303	0.076514	0.127679	0.004711
884.389968	0.079208	0.092505	0.004516
884.996743	0.080289	0.058438	0.004152
885.592683	0.080905	0.036576	0.008358
886.230441	0.078261	-0.016724	0.005941
886.841974	0.077900	-0.054820	0.004976
887.464989	0.077016	-0.087039	0.008799
888.113887	0.076899	-0.119391	0.013698
888.695754	0.079093	-0.164156	0.007237
889.325688	0.079337	-0.197429	0.005904
889.932884	0.080749	-0.232419	0.007585
890.539779	0.080776	-0.258291	0.005123
891.103750	0.079535	-0.298594	0.008586
891.722761	0.079532	-0.342380	0.007985
892.352455	0.078111	-0.362313	0.004298
892.968253	0.077360	-0.392017	0.003698
893.520195	0.078264	-0.420641	0.012099
894.119236	0.079522	-0.441313	0.007684
894.719943	0.079445	-0.442606	0.005105
895.336031	0.082404	-0.436422	0.004775
895.968853	0.079676	-0.412587	0.003187
896.526013	0.080647	-0.391655	0.008997
897.120679	0.076854	-0.373978	0.008386
897.728338	0.079548	-0.347891	0.009635
898.300862	0.080843	-0.323013	0.008657
898.939253	0.078947	-0.307596	0.005768
899.508875	0.080796	-0.263162	0.007729
900.137179	0.080636	-0.247323	0.006120
900.730392	0.080448	-0.207485	0.005892
901.347791	0.080262	-0.180074	0.006922
901.931797	0.079217	-0.173008	0.004364
902.534806	0.076200	-0.153683	0.004904
903.174998	0.077625	-0.133664	0.007746
903.782847	0.074121	-0.084093	0.006094
904.427497	0.079058	-0.058846	0.009934
904.978864	0.076406	-0.032588	0.009669
905.552141	0.080065	-0.005208	0.007887
906.165588	0.080320	0.026954	0.005928
906.838908	0.077734	0.039584	0.006702
907.412614	0.078297	0.036741	0.006363
908.000128	0.079030	0.045075	0.005160
908.610866	0.078182	0.040175	0.007849
909.225691	0.077674	0.040656	0.003254
909.796029	0.077118	0.024038	0.008537
910.365352	0.079835	0.018998	0.005652
910.997624	0.078297	-0.001707	0.005643
911.582835	0.078384	-0.004171	0.004411
912.176296	0.079216	-0.021693	0.006153
912.791320	0.077729	-0.027460	0.004310
913.384950	0.077045	-0.040660	0.004522
913.985816	0.079314	-0.048780	0.008286
914.598656	0.079108	-0.056882	0.003962
915.200304	0.077208	-0.055277	0.008431
915.767897	0.078604	-0.075686	0.005458
916.384605	0.079992	-0.075095	0.007517
916.960734	0.079476	-0.072117	0.008016
917.595978	0.078847	-0.080399	0.008386
918.192531	0.078161	-0.085226	0.006057
918.764036	0.076966	-0.077146	0.004659
919.370366	0.078388	-0.066259	0.004673
919.983243	0.078871	-0.077167	0.004307
920.611196	0.081074	-0.058667	0.003412
921.193059	0.079136	-0.079470	0.006072
921.834969	0.079767	-0.070516	0.007170
922.420089	0.079824	-0.070377	0.005774
923.067100	0.079436	-0.060401	0.007201
923.691092	0.080214	-0.067618	0.003697
924.264169	0.078462	-0.065069	0.008107
924.897909	0.076154	-0.066294	0.004394
925.537902	0.079739	-0.060297	0.010548
926.104094	0.077586	-0.061959	0.005171
926.650732	0.079909	-0.063235	0.006893
927.268953	0.079055	-0.060632	0.005370
927.901123	0.080703	-0.058097	0.005011
928.444858	0.078219	-0.047809	0.011915
929.009286	0.078732	-0.048778	0.004398
929.589042	0.077580	-0.057719	0.003336
930.210175	0.079340	-0.058799	0.003119
930.807770	0.078769	-0.055899	0.004179
931.419738	0.079339	-0.053641	0.009276
931.991043	0.081264	-0.060005	0.006500
932.587458	0.078499	-0.068463	0.005683
933.203005	0.077084	-0.052211	0.004330
933.808713	0.078547	-0.053628	0.006751
934.367716	0.077649	-0.052456	0.003661
934.935247	0.081040	-0.060734	0.009858
935.524109	0.076677	-0.050060	0.005410
936.158806	0.077694	-0.044999	0.005151
936.768805	0.077708	-0.044010	0.007945
937.425173	0.081450	-0.060206	0.005012
938.022379	0.078376	-0.051847	0.007319
938.585291	0.080559	-0.046361	0.005589
939.188773	0.081336	-0.045558	0.006780
939.826517	0.078396	-0.054110	0.006087
940.394123	0.079339	-0.043205	0.005536
941.015572	0.077288	-0.048518	0.005582
941.646984	0.077167	-0.043053	0.005130
942.247674	0.078261	-0.044990	0.005026
942.848670	0.077937	-0.039958	0.005360
943.393860	0.078682	-0.050891	0.005561
943.989188	0.080055	-0.043791	0.005176
944.598667	0.079298	-0.043067	0.008644
945.163118	0.078557	-0.047523	0.008012
945.706939	0.078417	-0.043184	0.006127
946.281146	0.078212	-0.035804	0.006897
946.843378	0.081182	-0.051267	0.004635
947.481918	0.079132	-0.036581	0.004349
948.125340	0.076042	-0.047550	0.003901
948.690964	0.077506	-0.041863	0.010201
949.356925	0.078020	-0.031121	0.005070
949.983776	0.077818	-0.047270	0.005483
950.638188	0.079024	-0.037552	0.009079
951.260698	0.078191	-0.036678	0.005783
951.820642	0.076771	-0.041024	0.005532
952.429380	0.079849	-0.032642	0.004898
953.053046	0.078380	-0.037609	0.004973
953.681587	0.076791	-0.037282	0.003887
954.249028	0.080821	-0.039627	0.003609
954.864554	0.079342	-0.042985	0.005597
955.442256	0.079230	-0.025425	0.004599
956.035472	0.079027	-0.036198	0.005746
956.671102	0.079731	-0.038488	0.006243
957.256933	0.080748	-0.034968	0.006664
957.815894	0.078562	-0.037825	0.003423
958.408491	0.079527	-0.037499	0.003741
959.007251	0.078971	-0.045506	0.005283
959.582185	0.077180	-0.033484	0.009259
960.209601	0.077139	-0.038487	0.009566
960.783762	0.080718	-0.027184	0.004225
961.442030	0.078441	-0.037055	0.007504
962.054283	0.076731	-0.043291	0.004289
962.627480	0.078923	-0.037971	0.006078
963.244997	0.078812	-0.042250	0.004651
963.876236	0.081452	-0.022813	0.007171
964.449698	0.079552	-0.035648	0.012928
965.001422	0.070136	-0.045330	0.007523
964.535845	0.077327	-0.029556	0.009571
963.912435	0.079680	-0.036879	0.007378
963.324520	0.079392	-0.019866	0.006930
962.678566	0.072238	-0.037662	0.003884
962.104798	0.077307	-0.033458	0.004141
961.495607	0.078853	-0.039268	0.006319
960.940222	0.078600	-0.034902	0.006850
960.318170	0.081826	-0.026435	0.007936
959.691856	0.081659	-0.032603	0.005441
959.120251	0.079332	-0.041645	0.008256
958.475534	0.078990	-0.034212	0.004898
957.865561	0.078454	-0.043901	0.004117
957.260622	0.078496	-0.037100	0.007202
956.677230	0.075782	-0.034518	0.005028
956.077336	0.075752	-0.034658	0.007974
955.497886	0.078729	-0.035674	0.007859
954.896577	0.078132	-0.052045	0.003843
954.327920	0.079727	-0.044819	0.007579
953.769894	0.080755	-0.034399	0.005598
953.161881	0.080169	-0.030715	0.008728
952.555249	0.078160	-0.041621	0.006068
951.940814	0.078359	-0.033717	0.005417
951.363887	0.075989	-0.053026	0.007132
950.722316	0.076012	-0.034554	0.006225
950.157302	0.079558	-0.039324	0.004998
949.512851	0.078326	-0.044690	0.007476
948.898081	0.080060	-0.040170	0.004387
948.299813	0.082011	-0.043355	0.007962
947.687948	0.082477	-0.034888	0.003908
947.075185	0.081481	-0.041793	0.004988
946.427984	0.079038	-0.047581	0.009695
945.771069	0.078999	-0.041689	0.007081
945.133583	0.076246	-0.048264	0.006033
944.558218	0.079368	-0.039810	0.013761
943.935671	0.076891	-0.043075	0.004430
943.337208	0.076597	-0.045137	0.004711
942.760568	0.080562	-0.033574	0.004070
942.154940	0.077728	-0.046091	0.005523
941.517195	0.078047	-0.035548	0.004388
940.895075	0.081725	-0.048242	0.004018
940.292700	0.078200	-0.043804	0.010138
939.724119	0.078898	-0.038589	0.004658
939.164971	0.076915	-0.053991	0.005500
938.544999	0.080024	-0.050944	0.006305
937.899516	0.080692	-0.045628	0.004251
937.335293	0.081034	-0.043183	0.003273
936.736163	0.077640	-0.043800	0.006053
936.121564	0.078522	-0.032303	0.006142
935.494032	0.079588	-0.049113	0.006530
934.910137	0.078035	-0.055281	0.003963
934.342108	0.076718	-0.048478	0.003151
933.742399	0.078983	-0.054585	0.005551
933.106529	0.079650	-0.049386	0.004826
932.513936	0.080004	-0.043594	0.007080
931.943299	0.078248	-0.058262	0.004221
931.334556	0.077710	-0.057488	0.008850
930.691457	0.078199	-0.048985	0.004107
930.109264	0.077965	-0.050321	0.004082
929.481232	0.076930	-0.059270	0.004648
928.904938	0.081395	-0.059763	0.005408
928.320312	0.077561	-0.046461	0.011795
927.751258	0.078585	-0.056389	0.006339
927.127579	0.079310	-0.061853	0.005861
926.511374	0.078474	-0.059907	0.008410
925.926062	0.075726	-0.056955	0.004373
925.293835	0.080577	-0.062304	0.003382
924.677794	0.078413	-0.067978	0.004860
924.084843	0.078345	-0.073408	0.006537
923.507865	0.080319	-0.061358	0.003568
922.868128	0.077107	-0.071511	0.004911
922.250232	0.078394	-0.056288	0.005006
921.661385	0.076602	-0.063330	0.004649
921.008694	0.077334	-0.083240	0.013313
920.435561	0.078518	-0.078583	0.008623
919.801690	0.079726	-0.078639	0.008641
919.205188	0.079539	-0.074805	0.005165
918.600380	0.077536	-0.077753	0.004393
918.028978	0.079105	-0.070401	0.006115
917.407808	0.078765	-0.084234	0.004502
916.815784	0.079259	-0.081865	0.003985
916.222052	0.074633	-0.080531	0.006577
915.651279	0.079326	-0.076621	0.003573
915.098034	0.077893	-0.061061	0.004236
914.502402	0.079579	-0.049858	0.006199
913.877781	0.078739	-0.046895	0.006943
913.313675	0.075658	-0.043148	0.004203
912.723931	0.079441	-0.026221	0.005053
912.138960	0.078109	-0.022146	0.008201
911.496876	0.078242	-0.007222	0.004664
910.883412	0.079533	0.001063	0.003873
910.242274	0.078799	0.008102	0.005153
909.676209	0.078508	0.017521	0.004797
909.076495	0.075918	0.039603	0.006724
908.471454	0.079302	0.044561	0.007195
907.838752	0.078938	0.033013	0.006506
907.276287	0.078726	0.031276	0.003380
906.658754	0.079599	0.035390	0.005218
906.021917	0.079571	0.008761	0.012237
905.421555	0.078402	-0.003439	0.004703
904.827894	0.078265	-0.034305	0.004872
904.253692	0.078381	-0.067526	0.006385
903.682116	0.077806	-0.090220	0.005395
903.074115	0.082865	-0.116200	0.004465
902.454540	0.080737	-0.136748	0.004656
901.888909	0.079802	-0.155245	0.006693
901.275679	0.078851	-0.190272	0.004011
900.649966	0.077924	-0.223173	0.006796
900.037478	0.080897	-0.239925	0.006947
899.412342	0.080022	-0.265398	0.007229
898.830281	0.078837	-0.292488	0.008002
898.214478	0.078548	-0.312650	0.006809
897.605005	0.079731	-0.347523	0.004518
896.995483	0.079288	-0.373161	0.004138
896.415581	0.080129	-0.388683	0.005872
895.838200	0.079965	-0.422266	0.006021
895.194305	0.079180	-0.432822	0.005301
894.585289	0.077517	-0.442274	0.004173
893.961653	0.075171	-0.422698	0.005660
893.382359	0.078821	-0.421629	0.010592
892.786663	0.079535	-0.389695	0.012183
892.217962	0.077395	-0.370068	0.004969
891.582686	0.079796	-0.349563	0.005053
890.975143	0.078725	-0.302633	0.006720
890.395996	0.079182	-0.282039	0.006958
889.786774	0.077671	-0.227489	0.005348
889.179803	0.079133	-0.199337	0.005593
888.537277	0.079376	-0.167827	0.007371
887.971029	0.079722	-0.122748	0.010179
887.366688	0.078055	-0.095600	0.005154
886.744103	0.080699	-0.049154	0.006358
886.113944	0.077579	-0.020208	0.009580
885.482115	0.077752	0.014929	0.008244
884.921441	0.078863	0.053281	0.004945
884.277602	0.078435	0.088999	0.005724
883.696171	0.078086	0.112235	0.008662
883.102109	0.076926	0.155029	0.004760
882.502954	0.079694	0.170901	0.005532
881.952244	0.076846	0.186814	0.005587
881.361622	0.078429	0.197768	0.005293
880.715809	0.079929	0.190815	0.005740
880.135035	0.079184	0.182826	0.005403
879.546618	0.079263	0.170345	0.004178
878.913223	0.080251	0.152545	0.004145
878.276981	0.078422	0.134141	0.004686
877.657956	0.078769	0.122900	0.005003
877.025271	0.077656	0.101764	0.006632
876.465904	0.078458	0.104876	0.007062
875.874954	0.080290	0.081961	0.009200
875.223591	0.080160	0.076345	0.010984
874.613463	0.079759	0.058516	0.005456
874.010932	0.079270	0.060099	0.004291
873.388115	0.080778	0.048439	0.005465
872.745743	0.077711	0.040146	0.009723
872.188472	0.079349	0.023752	0.010345
871.547810	0.078699	0.016392	0.005687
870.950611	0.078336	0.010756	0.006069
870.362995	0.077688	0.003719	0.006540
869.719518	0.077450	0.011922	0.006964
869.132469	0.077902	-0.013884	0.003442
868.572546	0.078749	-0.010668	0.003162
867.969297	0.080213	-0.020719	0.007303
867.341232	0.080349	-0.012646	0.006899
866.731521	0.078793	-0.024011	0.004820
866.122012	0.079183	-0.017825	0.005387
865.541300	0.075202	-0.016044	0.007865
864.925440	0.079492	-0.023734	0.006448
864.335365	0.079098	-0.022725	0.007927
863.725463	0.078799	-0.021590	0.006913
863.093389	0.079334	-0.022885	0.012790
862.500861	0.078456	-0.014391	0.004579
861.857404	0.080987	-0.014453	0.006554
861.263286	0.077987	-0.010484	0.006849
860.674791	0.079729	-0.013684	0.005099
860.094209	0.080202	-0.002635	0.008494
859.508310	0.077538	-0.012866	0.008531
858.897605	0.079052	0.002646	0.005501
858.281199	0.076885	-0.006176	0.008607
857.690396	0.079449	0.008757	0.006719
857.132543	0.080307	0.015466	0.006696
856.545561	0.079581	-0.004266	0.007279
855.943047	0.080219	-0.002148	0.006375
855.326747	0.079003	0.011289	0.004726
854.758161	0.070623	-0.001706	0.006300
854.133421	0.079413	-0.007086	0.004563
853.535215	0.078691	0.011436	0.008519
852.967689	0.079932	0.000386	0.006247
852.360297	0.079090	0.016018	0.005232
851.779393	0.078223	0.006268	0.003529
851.172050	0.079830	0.015232	0.008715
850.580682	0.077738	0.017811	0.002930
849.954873	0.077349	0.011065	0.005675
849.388293	0.079243	0.015560	0.009133
848.771704	0.078583	0.025585	0.004409
848.186004	0.079499	0.003488	0.003912
847.534296	0.079662	-0.007426	0.008080
846.926256	0.078938	0.023425	0.009771
846.348317	0.079936	0.015329	0.003758
845.705950	0.078851	0.009808	0.003552
845.091956	0.079357	0.013476	0.011410
844.501362	0.078457	0.007423	0.007053
843.856298	0.079151	0.030328	0.006962
843.293872	0.077298	0.013250	0.005389
842.680520	0.078882	0.022866	0.006833
842.076524	0.079913	0.019025	0.006080
841.442620	0.079695	0.023769	0.006818
840.872068	0.078336	0.017708	0.005122
840.272881	0.079865	0.026668	0.004949
839.638956	0.079965	0.025148	0.006260
839.048149	0.078851	0.014021	0.004450
838.462976	0.079804	0.025626	0.005165
837.904742	0.080783	0.019867	0.004738
837.293440	0.079906	0.014565	0.005233
836.678626	0.080408	0.023545	0.004958
836.061429	0.080718	0.024257	0.006399
835.480924	0.079204	0.027333	0.004886
834.835301	0.080033	0.028321	0.003958
834.248033	0.079844	0.026323	0.005380
833.590708	0.079043	0.034219	0.004100
832.960518	0.078272	0.016459	0.005413
832.377275	0.079077	0.017240	0.008832
831.752578	0.080175	0.021574	0.005109
831.146625	0.079487	0.031012	0.010604
830.549071	0.081073	0.032759	0.005317
829.969597	0.079303	0.023515	0.003551
829.340967	0.079242	0.042177	0.011816
828.745100	0.079548	0.033439	0.006444
828.196678	0.076543	0.034740	0.004181
827.608662	0.078979	0.021189	0.009402
827.058105	0.079384	0.033452	0.004449
826.444129	0.079010	0.023404	0.005260
825.816789	0.079114	0.034436	0.004002
825.206347	0.081745	0.036673	0.006479
824.635673	0.081339	0.026443	0.007047
824.016057	0.079014	0.027049	0.005769
823.418499	0.077644	0.025201	0.005140
822.782077	0.078318	0.035789	0.005069
822.182040	0.079116	0.027117	0.003689
821.619169	0.079515	0.034807	0.004441
821.044862	0.077226	0.026293	0.006371
820.436048	0.079035	0.028858	0.005973
819.836666	0.077703	0.035856	0.004296
819.249099	0.079765	0.030926	0.003626
818.658429	0.079582	0.045068	0.003869
818.029003	0.077827	0.037025	0.004368
817.408452	0.078767	0.037055	0.006341
816.806867	0.079005	0.043217	0.003768
816.243244	0.080797	0.039016	0.006248
815.636655	0.079003	0.043309	0.007456
815.031646	0.080603	0.037028	0.006007
814.439993	0.079580	0.035477	0.015431
813.825531	0.078136	0.055419	0.005749
813.215120	0.080734	0.045427	0.005331
812.599077	0.077037	0.043615	0.005230
812.031935	0.079912	0.059431	0.004732
811.441054	0.078839	0.056677	0.003644
810.874607	0.079380	0.057538	0.004314
810.259700	0.079565	0.061852	0.007993
809.637412	0.080939	0.062675	0.005472
808.998721	0.080064	0.052432	0.007388
808.373086	0.079807	0.078856	0.005262
807.791817	0.077921	0.077891	0.005037
807.180345	0.079799	0.064216	0.009560
806.561486	0.077944	0.060667	0.003095
805.971168	0.080361	0.063854	0.006938
805.400732	0.078703	0.075965	0.003822
804.811425	0.078411	0.086079	0.009160
804.225002	0.079047	0.075090	0.007580
803.560198	0.077373	0.075930	0.006551
802.963107	0.078451	0.078610	0.007890
802.375103	0.079518	0.075939	0.003465
801.771571	0.077538	0.082947	0.004728
801.161504	0.078608	0.085114	0.007019
800.521865	0.079376	0.094865	0.003972
799.929841	0.078213	0.085848	0.004390
799.356836	0.079099	0.093264	0.003912
798.719323	0.079926	0.090928	0.004594
798.091990	0.080991	0.096692	0.004310
797.448261	0.077057	0.091108	0.004340
796.867299	0.079123	0.108639	0.004352
796.263209	0.079587	0.105091	0.004797
795.616070	0.077191	0.114196	0.006069
795.033520	0.079112	0.121282	0.006039
794.434305	0.077618	0.132859	0.007220
793.889312	0.079271	0.132550	0.006386
793.294712	0.082513	0.147949	0.007390
792.682726	0.079188	0.154647	0.004341
792.070170	0.079527	0.174095	0.004322
791.494977	0.080753	0.176273	0.007379
790.886529	0.078945	0.191930	0.003689
790.300828	0.079150	0.189957	0.004159
789.698574	0.079990	0.184005	0.004989
789.113781	0.079690	0.192273	0.003224
788.550282	0.080589	0.181517	0.003983
787.935803	0.080620	0.165173	0.005916
787.325259	0.080791	0.143057	0.006238
786.708052	0.079483	0.119908	0.004416
786.148236	0.078937	0.099094	0.006808
785.555045	0.079189	0.068189	0.006717
784.949134	0.079758	0.037723	0.010113
784.323782	0.079941	0.010689	0.006493
783.705159	0.080155	-0.032848	0.003150
783.158105	0.077905	-0.072756	0.007458
782.527980	0.078959	-0.096031	0.003112
781.952371	0.079610	-0.138688	0.005012
781.336575	0.078238	-0.167165	0.008782
780.709617	0.079805	-0.191812	0.009765
780.138442	0.077904	-0.208971	0.003754
779.509618	0.080491	-0.238442	0.004871
778.913684	0.078445	-0.242549	0.008286
778.320333	0.079481	-0.248258	0.006889
777.750800	0.078102	-0.239202	0.006756
777.114678	0.080542	-0.198554	0.003910
776.503629	0.078820	-0.177545	0.004237
775.886941	0.079340	-0.137013	0.004816
775.268361	0.079536	-0.096267	0.011399
774.694960	0.078977	-0.060805	0.007074
774.135377	0.078172	-0.012236	0.008530
773.532074	0.079757	0.039399	0.004039
772.916044	0.080335	0.085746	0.006673
772.349111	0.079115	0.120831	0.005242
771.756598	0.079269	0.155074	0.007902
771.135585	0.078530	0.194704	0.004454
770.524540	0.079257	0.230265	0.006598
769.895043	0.080572	0.250918	0.003941
769.321072	0.078454	0.267865	0.004732
768.675799	0.078710	0.274470	0.008760
768.073860	0.078840	0.267217	0.005730
767.465439	0.079375	0.240556	0.005415
766.904390	0.079296	0.214959	0.004447
766.303569	0.079236	0.175253	0.008321
765.678534	0.078604	0.139413	0.003337
765.079529	0.078577	0.099696	0.006703
764.451782	0.079506	0.053581	0.007770
763.894630	0.079361	0.021515	0.008789
763.262987	0.079487	-0.002923	0.011432
762.688213	0.078680	-0.047751	0.006708
762.041973	0.079768	-0.073475	0.005562
761.489383	0.078960	-0.109824	0.003249
760.879607	0.078529	-0.146894	0.005737
760.287224	0.079187	-0.180331	0.005445
759.712794	0.081031	-0.208876	0.011256
759.100028	0.081439	-0.246582	0.005541
758.506827	0.079021	-0.283281	0.007088
757.902093	0.079878	-0.296645	0.005055
757.274774	0.080679	-0.340273	0.004442
756.687193	0.078533	-0.353493	0.004267
756.106788	0.079207	-0.366876	0.010152
755.532433	0.078190	-0.360472	0.008030
754.953149	0.079229	-0.345919	0.006378
754.334090	0.078314	-0.335699	0.003554
753.713625	0.079426	-0.314110	0.005142
753.139790	0.078298	-0.288751	0.007430
752.504326	0.079937	-0.246944	0.003980
751.883434	0.079037	-0.221717	0.005417
751.287753	0.077425	-0.202412	0.005234
750.667786	0.078995	-0.182865	0.009623
750.040118	0.078980	-0.140976	0.006597
749.452424	0.079053	-0.131744	0.007374
748.812763	0.079878	-0.106081	0.007712
748.224921	0.078834	-0.075115	0.004728
747.626588	0.078226	-0.050703	0.005535
747.013711	0.080256	-0.028123	0.008598
746.388270	0.077956	-0.009441	0.004462
745.808866	0.080267	0.000660	0.006557
745.157286	0.080319	0.020675	0.003332
744.531936	0.078519	0.040962	0.009958
743.964213	0.079204	0.052356	0.005541
743.351196	0.077862	0.070562	0.007375
742.723052	0.078260	0.072833	0.003666
742.150401	0.080580	0.060494	0.004363
741.501484	0.078906	0.057242	0.006533
740.921880	0.080397	0.048371	0.003829
740.338721	0.077022	0.035509	0.008953
739.674733	0.078113	0.036449	0.007690
739.100828	0.079387	0.027700	0.004186
738.505793	0.079547	0.023339	0.004062
737.918341	0.078583	0.014586	0.004366
737.309983	0.079704	0.023282	0.003499
736.743241	0.079689	0.020623	0.004582
736.111977	0.080172	0.014036	0.004521
735.524826	0.079962	0.000605	0.003017
734.877795	0.078192	0.003229	0.003957
734.255618	0.081033	-0.000873	0.006151
733.665111	0.077512	-0.004038	0.006656
733.036055	0.077358	-0.011601	0.005635
732.437426	0.078969	-0.008986	0.004843
731.868972	0.078280	-0.010200	0.005280
731.264370	0.078314	-0.000895	0.004100
730.691878	0.078916	-0.010654	0.005443
730.071450	0.079634	-0.002979	0.004430
729.489317	0.080255	-0.016010	0.005525
728.855457	0.079282	-0.013033	0.004394
728.292780	0.077477	-0.019200	0.004637
727.670632	0.078713	-0.024988	0.005744
727.061317	0.078424	-0.017745	0.007474
726.409773	0.080554	-0.016988	0.004030
725.805420	0.078855	-0.013918	0.004182
725.244991	0.074342	-0.014334	0.005633
724.631868	0.081321	-0.018909	0.005421
724.024270	0.076711	-0.018674	0.006145
723.451153	0.080673	-0.020556	0.004469
722.885499	0.079182	-0.020082	0.003539
722.271649	0.080768	-0.017345	0.006248
721.688792	0.081104	-0.017756	0.004799
721.063278	0.079087	-0.024186	0.004533
720.500584	0.077477	-0.027279	0.003515
719.956044	0.077229	-0.021768	0.006234
719.310694	0.078497	-0.016155	0.004584
718.693414	0.078826	-0.026471	0.003887
718.116411	0.077742	-0.023133	0.006144
717.533698	0.079899	-0.017671	0.006622
716.889610	0.078709	-0.025422	0.006999
716.297928	0.078352	-0.016261	0.005034
715.646241	0.079890	-0.017914	0.007450
715.038569	0.081152	-0.027741	0.004279
714.453983	0.082786	-0.027337	0.005032
713.861776	0.079564	-0.021041	0.007234
713.243275	0.078790	-0.031984	0.006031
712.649063	0.081117	-0.022014	0.003437
712.039854	0.078964	-0.021539	0.003694
711.440345	0.080044	-0.017614	0.004091
710.819205	0.079035	-0.020329	0.004700
710.227580	0.079255	-0.015936	0.004029
709.594809	0.079820	-0.023649	0.007508
709.033532	0.079113	-0.029444	0.004765
708.404395	0.079356	-0.022164	0.005445
707.801238	0.077940	-0.024000	0.004340
707.154286	0.078495	-0.025807	0.003308
706.554711	0.078094	-0.027070	0.006700
705.991556	0.079443	-0.025770	0.004529
705.352374	0.081117	-0.034685	0.004654
704.760664	0.079726	-0.020005	0.003934
704.165354	0.080723	-0.019442	0.005293
703.600862	0.074837	-0.032783	0.004389
703.002522	0.076821	-0.031986	0.004247
702.400909	0.080129	-0.023910	0.004828
701.776751	0.079212	-0.031708	0.003637
701.124250	0.078676	-0.030160	0.003219
700.532949	0.080668	-0.020222	0.004951
699.965389	0.078690	-0.028872	0.005311
699.411316	0.078770	-0.025789	0.006515
698.811426	0.079607	-0.026479	0.003897
698.214561	0.078270	-0.032629	0.004192
697.626046	0.076737	-0.029654	0.005014
697.029134	0.080524	-0.019659	0.005512
696.419418	0.078606	-0.028380	0.007602
695.803007	0.078887	-0.023593	0.003598
695.227801	0.081565	-0.013873	0.005652
694.627421	0.079120	-0.013175	0.003291
693.996839	0.078689	-0.002994	0.005038
693.416703	0.078870	0.013727	0.006022
692.814833	0.081278	0.026443	0.003602
692.237300	0.080932	0.037672	0.005206
691.646539	0.079144	0.055700	0.007693
691.030304	0.077959	0.056891	0.005064
690.400465	0.079824	0.080431	0.005055
689.821462	0.079814	0.093322	0.005471
689.207732	0.079078	0.101834	0.005488
688.569863	0.080988	0.112192	0.007922
688.003010	0.080401	0.098734	0.004223
687.366552	0.078943	0.099587	0.003648
686.806246	0.078325	0.081465	0.005950
686.200649	0.080315	0.058726	0.004501
685.589029	0.080475	0.014570	0.007621
684.952590	0.078761	-0.024690	0.004984
684.390667	0.081498	-0.057321	0.006532
683.807328	0.077252	-0.090900	0.006300
683.173531	0.081062	-0.128781	0.003895
682.545931	0.079216	-0.175025	0.004717
681.983043	0.071248	-0.196092	0.005679
681.396846	0.079615	-0.223572	0.005907
680.724725	0.077727	-0.262226	0.007295
680.149315	0.079272	-0.293462	0.004711
679.503494	0.079109	-0.312333	0.006269
678.861814	0.077585	-0.332035	0.004428
678.292825	0.080186	-0.346027	0.004039
677.669161	0.077635	-0.349585	0.006405
677.087352	0.079860	-0.342095	0.003905
676.465631	0.078007	-0.320885	0.007667
675.862321	0.080261	-0.306115	0.007655
675.225801	0.077880	-0.271569	0.004978
674.618557	0.080234	-0.228754	0.004420
674.001429	0.078009	-0.187035	0.006423
673.418751	0.076205	-0.158476	0.011176
672.832218	0.077161	-0.109408	0.004176
672.236140	0.078172	-0.061589	0.005525
671.610722	0.078020	-0.018023	0.006011
670.999013	0.081501	0.020942	0.006738
670.412880	0.078878	0.054493	0.007442
669.802320	0.077728	0.096636	0.004647
669.188998	0.079514	0.136323	0.006499
668.564566	0.076504	0.165659	0.008797
667.931762	0.079888	0.189912	0.008996
667.345578	0.081747	0.189114	0.004314
666.751049	0.082171	0.191522	0.006994
666.132008	0.079545	0.178469	0.004374
665.532430	0.078440	0.167154	0.006203
664.977023	0.076600	0.144408	0.007171
664.365609	0.077641	0.120602	0.003871
663.756185	0.080071	0.114954	0.003329
663.124962	0.079114	0.090033	0.004741
662.523013	0.078879	0.083959	0.005658
661.943781	0.078052	0.071146	0.003994
661.321459	0.081360	0.062612	0.005241
660.706855	0.080301	0.043937	0.007231
660.142544	0.080692	0.043431	0.007141
659.516191	0.078517	0.028255	0.006363
658.945978	0.078672	0.008293	0.010696
658.319308	0.079804	0.009459	0.005868
657.647630	0.078566	-0.013669	0.003599
657.054898	0.077481	-0.027714	0.005384
656.489318	0.078684	-0.027222	0.007034
655.848841	0.080338	-0.042474	0.006418
655.264252	0.079133	-0.039579	0.005595
654.674208	0.078910	-0.036466	0.006499
654.053016	0.077945	-0.037988	0.004431
653.469102	0.079948	-0.041353	0.007251
652.856727	0.079100	-0.047227	0.005147
652.261810	0.079469	-0.053533	0.004517
651.635255	0.078929	-0.049123	0.004779
651.067049	0.078051	-0.022743	0.006170
650.471138	0.077982	-0.034077	0.005076
649.835730	0.079735	-0.023716	0.003297
649.191132	0.078611	-0.024631	0.004949
648.617040	0.080844	-0.018777	0.004307
648.049520	0.078294	-0.016976	0.004362
647.440997	0.077559	-0.012034	0.004177
646.822163	0.080061	-0.016345	0.004648
646.249969	0.079328	-0.014441	0.009445
645.666547	0.079199	-0.006632	0.009349
645.116216	0.079378	-0.001896	0.006669
644.453828	0.077921	-0.015880	0.005296
643.867557	0.080378	-0.006298	0.005934
643.262888	0.078502	-0.002571	0.005036
642.686331	0.079735	-0.006123	0.004181
642.059210	0.079384	3.095125E-5	0.003673
641.449018	0.080562	-9.913953E-5	0.004072
640.801744	0.078470	-0.007505	0.004061
640.241243	0.078244	-0.000618	0.007962
639.652887	0.081666	0.003028	0.005153
639.004649	0.080999	-0.005573	0.008771
638.386592	0.080039	0.002702	0.009886
637.820120	0.078810	0.005875	0.003541
637.254333	0.077403	0.005141	0.005241
636.641555	0.085089	0.007479	0.005819
636.041695	0.079858	0.010408	0.005339
635.425220	0.076495	0.008583	0.006266
635.130563	0.077781	0.003082	0.008612
635.746845	0.076693	-0.003431	0.004491
636.341609	0.079641	0.007118	0.006318
636.948520	0.079024	0.013506	0.009564
637.528782	0.078719	0.000215	0.009958
638.122072	0.078720	0.007374	0.004344
638.742072	0.078580	0.003048	0.008123
639.318768	0.082853	0.004375	0.003809
639.944835	0.080528	0.001172	0.004349
640.563458	0.078633	-0.007290	0.004881
641.145860	0.081032	0.005574	0.006243
641.740386	0.077698	0.004809	0.006853
642.352324	0.078318	-0.007911	0.004687
642.964290	0.079323	-0.001576	0.003405
643.558317	0.079752	-0.006217	0.005616
644.209069	0.082088	-0.006330	0.005100
644.796326	0.079246	-0.003691	0.003622
645.381164	0.075865	-0.004794	0.003740
646.002103	0.080499	-0.004846	0.005721
646.588678	0.079763	-0.011068	0.004827
647.169602	0.079711	-0.005571	0.007969
647.803533	0.081770	-0.015828	0.007146
648.437908	0.080991	-0.018174	0.011126
649.016529	0.080005	-0.024104	0.004941
649.654387	0.078617	-0.013462	0.004792
650.254533	0.077778	-0.016880	0.006015
650.875402	0.080305	-0.029773	0.005072
651.506889	0.076769	-0.023357	0.006514
652.104636	0.078550	-0.036564	0.003551
652.686531	0.079395	-0.038349	0.008177
653.334419	0.078719	-0.047031	0.004312
653.922310	0.081319	-0.038170	0.006199
654.518047	0.076316	-0.049620	0.007541
655.092337	0.079652	-0.041423	0.012437
655.715056	0.077540	-0.035091	0.008128
656.335644	0.078823	-0.038020	0.006240
656.936731	0.079796	-0.023243	0.006370
657.489763	0.077320	-0.012445	0.005934
658.136297	0.080730	0.000612	0.004241
658.747987	0.081078	0.000631	0.006547
659.393180	0.075836	0.017361	0.003387
659.995570	0.078366	0.030853	0.010000
660.565403	0.078762	0.030211	0.007888
661.207863	0.075988	0.046887	0.004112
661.823768	0.080626	0.058535	0.007069
662.409683	0.077864	0.069818	0.004476
663.002187	0.078158	0.083729	0.007255
663.624547	0.077544	0.098365	0.011395
664.248039	0.076206	0.126517	0.005734
664.877216	0.078710	0.139948	0.003364
665.485379	0.079700	0.164074	0.005404
666.087664	0.077908	0.169936	0.003868
666.682676	0.077292	0.182665	0.006479
667.279201	0.080515	0.195973	0.003330
667.860494	0.076824	0.204927	0.004511
668.461215	0.078208	0.182890	0.005075
669.134769	0.081098	0.146820	0.008329
669.765123	0.077248	0.126561	0.008042
670.358929	0.075636	0.081936	0.008858
670.981278	0.081158	0.038460	0.004138
671.544318	0.078683	0.001147	0.006798
672.143583	0.078571	-0.044512	0.006186
672.775376	0.077803	-0.075450	0.005816
673.382712	0.078037	-0.116421	0.011428
673.996435	0.079723	-0.168697	0.004396
674.598501	0.077487	-0.220356	0.005531
675.174837	0.079422	-0.251409	0.006189
675.774427	0.081872	-0.281642	0.005879
676.348070	0.077999	-0.310987	0.004614
676.899001	0.081058	-0.344615	0.008492
677.549204	0.081408	-0.357578	0.004439
678.154020	0.078634	-0.353039	0.008695
678.744509	0.079265	-0.348200	0.004509
679.381405	0.078685	-0.337933	0.003318
679.954138	0.079191	-0.303602	0.005296
680.563858	0.078776	-0.280124	0.004904
681.191355	0.079083	-0.256667	0.006160
681.825659	0.079505	-0.225458	0.006906
682.396890	0.081584	-0.187526	0.003919
683.014514	0.080805	-0.159803	0.010476
683.649642	0.079375	-0.115974	0.004368
684.206636	0.079928	-0.071734	0.009611
684.821876	0.078450	-0.052803	0.009976
685.398562	0.078943	-0.005538	0.007868
686.022419	0.078624	0.022119	0.006038
686.621004	0.078920	0.046437	0.006991
687.240010	0.079186	0.088004	0.006178
687.812704	0.079895	0.095020	0.005220
688.431217	0.080224	0.104027	0.004197
689.000357	0.078486	0.111409	0.006940
689.618854	0.078931	0.105105	0.009322
690.219088	0.079233	0.087199	0.003355
690.781494	0.081274	0.079677	0.005082
691.390670	0.076872	0.061471	0.007547
691.993942	0.079164	0.045396	0.007711
692.615651	0.078722	0.029777	0.006587
693.238515	0.079318	0.020192	0.006892
693.829019	0.078769	0.003251	0.004687
694.438913	0.079896	0.002933	0.009453
695.059206	0.080265	-0.012901	0.007985
695.707489	0.078500	-0.015261	0.009343
696.272689	0.079310	-0.032825	0.008038
696.859624	0.076990	-0.028478	0.008980
697.499711	0.079524	-0.032567	0.003983
698.116552	0.082379	-0.020317	0.008078
698.684762	0.079725	-0.042633	0.004867
699.272278	0.080649	-0.032597	0.005056
699.901815	0.079749	-0.035396	0.007019
700.530376	0.080262	-0.031257	0.003167
701.107900	0.079957	-0.032343	0.007086
701.682552	0.081228	-0.025662	0.004628
702.313327	0.080916	-0.024938	0.004150
702.934865	0.079709	-0.022316	0.007186
703.513675	0.077075	-0.027796	0.006400
704.097874	0.079906	-0.012820	0.003889
704.683707	0.079248	-0.032587	0.006067
705.277312	0.079551	-0.024428	0.007203
705.878778	0.080053	-0.023372	0.005226
706.467609	0.079236	-0.018016	0.005828
707.038191	0.079595	-0.020217	0.006031
707.648799	0.078668	-0.020132	0.007853
708.243981	0.078959	-0.025998	0.004455
708.881373	0.080426	-0.019898	0.007839
709.464246	0.079961	-0.024210	0.003279
710.050652	0.078767	-0.025711	0.004515
710.661207	0.078539	-0.021132	0.004708
711.273703	0.079134	-0.026974	0.008346
711.888596	0.078643	-0.024244	0.005879
712.455294	0.078872	-0.022339	0.004341
713.079091	0.079578	-0.029315	0.006735
713.649352	0.080419	-0.025608	0.004694
714.280477	0.079934	-0.028932	0.003313
714.855541	0.079769	-0.028083	0.004192
715.429089	0.079225	-0.016572	0.004012
716.035597	0.080211	-0.022388	0.003725
716.626784	0.079425	-0.018681	0.006538
717.249143	0.080523	-0.021878	0.006422
717.880865	0.078887	-0.012278	0.009267
718.462803	0.077181	-0.013645	0.003733
719.060482	0.079228	-0.027060	0.004485
719.686922	0.080119	-0.022023	0.004862
720.300772	0.080358	-0.014961	0.005879
720.867384	0.081351	-0.022189	0.005300
721.447838	0.079004	-0.009779	0.004086
722.047379	0.079222	-0.025246	0.005722
722.674609	0.080078	-0.015938	0.004602
723.298816	0.077895	-0.023642	0.004860
723.876046	0.075756	-0.029881	0.005046
724.526509	0.078352	-0.016812	0.003380
725.136075	0.076469	-0.017864	0.004730
725.695014	0.078966	-0.018977	0.005636
726.272115	0.081731	-0.017292	0.003643
726.898206	0.078317	-0.015783	0.005622
727.536000	0.079982	-0.012808	0.003591
728.184448	0.076902	-0.013820	0.003576
728.766859	0.078489	-0.006759	0.008759
729.358084	0.080516	-0.018040	0.004297
729.996042	0.078297	-0.016970	0.008510
730.611215	0.079186	-0.005506	0.005711
731.246756	0.078292	-0.004592	0.003282
731.844174	0.079375	-0.001528	0.003026
732.449728	0.078146	0.002388	0.010604
733.019459	0.077141	-0.000387	0.005767
733.624076	0.078203	-0.006140	0.006368
734.278482	0.077866	0.005387	0.003830
734.867544	0.078114	-0.005177	0.005780
735.499900	0.079422	0.006253	0.005162
736.110751	0.080135	0.012841	0.003443
736.691817	0.079982	0.011923	0.006371
737.263130	0.079775	0.018375	0.006706
737.823184	0.078023	0.021020	0.006231
738.436892	0.080737	0.023504	0.004691
739.032203	0.077683	0.031863	0.006332
739.647546	0.078456	0.029891	0.012416
740.219824	0.078857	0.037905	0.007733
740.810367	0.081194	0.040344	0.004448
741.417015	0.079461	0.049236	0.005421
742.007616	0.078884	0.053706	0.003069
742.641093	0.079543	0.062829	0.003885
743.216500	0.077973	0.068168	0.004607
743.826820	0.078765	0.047511	0.004353
744.414044	0.079372	0.048738	0.004071
745.046239	0.078015	0.044985	0.004274
745.642073	0.080385	0.030867	0.004652
746.293691	0.078261	-0.006450	0.004814
746.899149	0.080053	-0.023874	0.005177
747.498260	0.080301	-0.060221	0.011563
748.141538	0.078647	-0.076132	0.007893
748.708698	0.077849	-0.098209	0.004076
749.344875	0.077880	-0.114803	0.011220
749.956079	0.079028	-0.135660	0.006935
750.563477	0.078894	-0.155766	0.008742
751.155624	0.078863	-0.187165	0.003551
751.736786	0.079641	-0.206976	0.004390
752.341851	0.080625	-0.242736	0.005478
752.960458	0.079092	-0.273375	0.005286
753.586845	0.078068	-0.287452	0.004880
754.159882	0.076586	-0.321933	0.004462
754.720472	0.078592	-0.342345	0.004131
755.341181	0.078652	-0.359895	0.003915
755.963943	0.078323	-0.366396	0.006586
756.626853	0.081223	-0.354721	0.004105
757.209315	0.080259	-0.343901	0.004445
757.782147	0.080165	-0.334600	0.007690
758.413654	0.078989	-0.295382	0.003831
759.009304	0.081295	-0.265418	0.004758
759.575816	0.078353	-0.234687	0.005551
760.194991	0.079200	-0.192098	0.004707
760.795145	0.078177	-0.163548	0.003689
761.420512	0.079650	-0.132827	0.012345
762.017289	0.076566	-0.095254	0.008366
762.603147	0.080846	-0.059222	0.008553
763.198703	0.078983	-0.028958	0.006432
763.803970	0.079241	0.010962	0.007217
764.398108	0.078565	0.046104	0.003856
764.983505	0.076540	0.072894	0.006072
765.554373	0.079237	0.115996	0.006950
766.160734	0.078440	0.153256	0.011620
766.749412	0.078293	0.189534	0.005338
767.343021	0.078255	0.224065	0.004747
767.901658	0.077134	0.257307	0.003642
768.515950	0.078783	0.268870	0.005136
769.127099	0.079981	0.280297	0.005035
769.706824	0.078902	0.277764	0.009355
770.276009	0.078459	0.254628	0.003049
770.847211	0.078889	0.223394	0.003904
771.447676	0.078998	0.188737	0.003610
772.046434	0.081251	0.148453	0.007811
772.653005	0.078388	0.108749	0.004715
773.233504	0.079632	0.074763	0.006870
773.846227	0.079151	0.028421	0.005540
774.483904	0.075229	-0.024610	0.008580
775.062307	0.078467	-0.071677	0.004220
775.672175	0.080568	-0.106262	0.007520
776.245147	0.080011	-0.139368	0.005524
776.861143	0.077763	-0.181152	0.010278
777.495386	0.078331	-0.211568	0.004320
778.106609	0.080808	-0.238097	0.003804
778.688639	0.079745	-0.246545	0.007817
779.293241	0.077144	-0.244314	0.005339
779.919688	0.079845	-0.235263	0.003513
780.533841	0.079185	-0.208321	0.005865
781.171297	0.078373	-0.194978	0.008978
781.745805	0.078954	-0.156081	0.005381
782.329417	0.079943	-0.125751	0.003651
782.900925	0.080171	-0.093151	0.005123
783.509671	0.080151	-0.056682	0.004125
784.090775	0.078981	-0.016613	0.005411
784.729289	0.079129	0.019041	0.012037
785.327344	0.076509	0.037745	0.008227
785.972611	0.079036	0.077849	0.003855
786.608018	0.076438	0.105597	0.007261
787.207748	0.079454	0.132817	0.004137
787.868935	0.081326	0.162430	0.003883
788.528866	0.079583	0.178632	0.005690
789.203793	0.079502	0.187148	0.003176
789.861432	0.078531	0.181643	0.004389
790.443661	0.079915	0.180646	0.005694
791.030874	0.078965	0.177899	0.006418
791.639110	0.077053	0.173556	0.004766
792.259932	0.078984	0.156280	0.005844
792.917558	0.077465	0.149913	0.006451
793.567888	0.078547	0.138277	0.006570
794.174645	0.080030	0.132274	0.007846
794.816408	0.079965	0.125722	0.003580
795.486542	0.078929	0.120035	0.003474
796.142245	0.077935	0.108584	0.005635
796.816581	0.080441	0.093680	0.006396
797.384655	0.079210	0.100858	0.004194
798.000970	0.076669	0.100669	0.007233
798.563871	0.080295	0.093618	0.003876
799.178371	0.079288	0.090319	0.004623
799.846462	0.078019	0.082682	0.009192
800.477771	0.079323	0.085614	0.005094
801.193905	0.078995	0.078641	0.004761
801.855870	0.078804	0.090688	0.004236
802.499429	0.080031	0.070417	0.005037
803.158109	0.078595	0.079741	0.006856
803.799571	0.078658	0.070872	0.006997
804.378529	0.077796	0.081210	0.004892
804.989364	0.079646	0.070841	0.007315
805.619865	0.078627	0.074293	0.007635
806.266973	0.079025	0.070258	0.004191
806.948379	0.078185	0.069674	0.007768
807.502812	0.078692	0.073793	0.009378
808.127484	0.079197	0.071155	0.003681
808.758338	0.078361	0.059385	0.006309
809.406230	0.079297	0.058334	0.006182
810.068026	0.078824	0.061118	0.003700
810.682254	0.080527	0.057063	0.010584
811.230939	0.080555	0.059227	0.003102
811.792503	0.078920	0.055751	0.007931
812.416306	0.078092	0.057007	0.004612
813.070647	0.079840	0.053119	0.004416
813.723486	0.080556	0.046762	0.004938
814.364364	0.079053	0.050280	0.004392
815.029205	0.080884	0.048713	0.005931
815.672670	0.079055	0.038709	0.005359
816.274806	0.079140	0.044687	0.005979
816.845288	0.079690	0.041646	0.004908
817.483552	0.079544	0.032251	0.005264
818.089098	0.078221	0.042280	0.003791
818.667509	0.080939	0.035361	0.005376
819.276474	0.077708	0.027286	0.005775
819.905922	0.078414	0.039240	0.007735
820.521235	0.078889	0.028876	0.005483
821.092333	0.081198	0.038336	0.004721
821.658723	0.078259	0.030795	0.004272
822.267576	0.078702	0.032487	0.005405
822.868994	0.080876	0.021407	0.006764
823.451100	0.080488	0.019807	0.006252
824.014746	0.078196	0.027547	0.003792
824.568926	0.081192	0.025903	0.006195
825.217673	0.082041	0.030376	0.004035
825.838885	0.079172	0.022160	0.004680
826.414235	0.078101	0.039277	0.007734
826.978065	0.078707	0.029674	0.005792
827.593724	0.079888	0.036896	0.005377
828.190252	0.077963	0.025325	0.005936
828.772852	0.078565	0.025213	0.004110
829.345387	0.079201	0.025541	0.007721
829.947714	0.079123	0.024606	0.003450
830.538012	0.078828	0.024025	0.006174
831.197131	0.080630	0.028270	0.004749
831.839626	0.076633	0.034221	0.006677
832.420781	0.079209	0.021774	0.007205
833.023401	0.078552	0.026689	0.004156
833.644926	0.078183	0.028490	0.006864
834.270948	0.078646	0.029508	0.009472
834.849789	0.077011	0.026191	0.007963
835.454001	0.079767	0.028785	0.008133
836.076433	0.080686	0.031650	0.008125
836.662230	0.081323	0.018983	0.003757
837.319628	0.078961	0.023331	0.003249
837.899025	0.079073	0.024759	0.009238
838.535087	0.076570	0.023855	0.008201
839.138194	0.079723	0.018765	0.006715
839.764060	0.080355	0.026789	0.005914
840.352418	0.078921	0.024741	0.005712
840.916754	0.080526	0.022467	0.006492
841.537210	0.078217	0.018737	0.009059
842.142215	0.078474	0.019595	0.004990
842.746336	0.080604	0.022540	0.008239
843.323377	0.079612	0.022939	0.004624
843.926799	0.077307	0.014118	0.005248
844.530364	0.080130	0.012172	0.005980
845.105979	0.075657	0.014610	0.005219
845.699059	0.079756	0.007073	0.007543
846.280463	0.078420	0.024369	0.005350
846.891490	0.079727	0.012015	0.006024
847.496661	0.080021	0.012967	0.011269
848.138033	0.079522	0.011358	0.010864
848.701558	0.076990	0.016404	0.006011
849.340380	0.077554	0.017040	0.006406
849.894446	0.077716	0.012865	0.005265
850.511617	0.078312	0.018268	0.008550
851.134000	0.079032	0.012618	0.004416
851.696294	0.078125	0.010433	0.004481
852.305971	0.080649	0.019725	0.004185
852.914147	0.080389	0.005672	0.004318
853.562149	0.078708	0.016359	0.005258
854.161766	0.079282	0.009553	0.008152
854.794889	0.069581	-0.000885	0.005227
855.369461	0.079547	0.013147	0.005348
855.976906	0.078807	0.003021	0.004750
856.591241	0.078083	0.004590	0.006532
857.158448	0.078790	0.002250	0.006668
857.762419	0.080580	-0.003851	0.003908
858.416412	0.078676	-0.005214	0.011704
859.031628	0.079735	0.004247	0.006326
859.626840	0.080797	-0.004200	0.007362
860.202528	0.078694	-0.010442	0.006825
860.840760	0.080587	-0.009945	0.005382
861.426455	0.078097	-0.008936	0.005825
862.056758	0.078720	-0.001155	0.004471
862.622026	0.080377	0.001840	0.003505
863.218964	0.079584	-0.018281	0.006729
863.836369	0.075849	-0.011339	0.004834
864.452916	0.078344	-0.012581	0.005364
865.056896	0.077875	-0.011400	0.003941
865.638715	0.077031	-0.020706	0.004639
866.235442	0.077943	-0.015582	0.006590
866.834635	0.079745	-0.018869	0.006080
867.426326	0.078816	-0.020906	0.004667
868.021953	0.081613	-0.006225	0.005197
868.661890	0.079815	-0.007926	0.006668
869.303382	0.079653	0.004752	0.007397
869.863660	0.077546	-0.011572	0.005786
870.501835	0.083007	0.010220	0.003658
871.084219	0.074821	0.016628	0.010894
871.678336	0.078599	0.027470	0.006312
872.331857	0.077563	0.030792	0.005650
872.960608	0.077523	0.034772	0.005000
873.515717	0.078045	0.044670	0.008088
874.111901	0.080271	0.055993	0.003937
874.739507	0.080203	0.051079	0.004682
875.352954	0.075440	0.064964	0.007786
875.968768	0.078863	0.089514	0.006751
876.506425	0.077417	0.092391	0.003537
877.123701	0.079775	0.095903	0.006217
877.697106	0.078420	0.124179	0.011005
878.267353	0.080512	0.127066	0.005251
878.833586	0.079537	0.146977	0.006002
879.437658	0.077723	0.153530	0.005318
880.058322	0.079323	0.169758	0.005008
880.678032	0.078449	0.196498	0.004368
881.322867	0.078977	0.189736	0.005971
881.926842	0.078175	0.192411	0.006205
882.517865	0.077891	0.181971	0.007676
883.141102	0.078354	0.160186	0.006035
883.729420	0.078273	0.125082	0.008038
884.328905	0.077617	0.087696	0.007534
884.921388	0.080187	0.067536	0.006496
885.520199	0.078307	0.030036	0.004831
886.145166	0.076849	-0.011091	0.004353
886.730193	0.079278	-0.045367	0.003849
887.333231	0.076921	-0.074706	0.007013
887.958559	0.079236	-0.112853	0.008452
888.539608	0.081270	-0.151752	0.004861
889.126037	0.079358	-0.186146	0.007144
889.756838	0.080799	-0.234443	0.007419
890.335696	0.075720	-0.260050	0.009859
890.969758	0.078619	-0.282590	0.003812
891.555703	0.078081	-0.330729	0.006255
892.195393	0.079412	-0.357010	0.005324
892.773329	0.079100	-0.386080	0.008598
893.364505	0.080458	-0.404434	0.003453
893.955051	0.076840	-0.434256	0.006654
894.586899	0.078464	-0.425054	0.006636
895.159872	0.080299	-0.439202	0.006104
895.751380	0.079471	-0.417988	0.007071
896.335324	0.078223	-0.400911	0.009085
896.941509	0.078461	-0.380922	0.003972
897.569903	0.079689	-0.359370	0.005308
898.133663	0.079877	-0.330024	0.004173
898.753874	0.078438	-0.295033	0.007262
899.379513	0.080333	-0.281588	0.005052
899.983090	0.078826	-0.245137	0.003991
900.572943	0.078294	-0.214134	0.005025
901.137858	0.077470	-0.218892	0.006609
901.778525	0.078713	-0.174749	0.010705
902.360355	0.077009	-0.146799	0.004688
903.004231	0.079811	-0.124003	0.007276
903.619733	0.079997	-0.099808	0.006300
904.187279	0.081007	-0.084220	0.008029
904.808918	0.081266	-0.043282	0.006634
905.428109	0.079242	-0.012922	0.010125
906.059157	0.077118	0.010113	0.003943
906.638596	0.079405	0.029379	0.004220
907.259555	0.080566	0.038295	0.005356
907.866753	0.079609	0.060995	0.005884
908.494204	0.080227	0.039987	0.005611
909.097887	0.079919	0.029087	0.011178
909.677552	0.078749	0.027465	0.003790
910.306256	0.077736	0.009575	0.009226
910.929906	0.080139	0.009274	0.006194
911.519928	0.083886	-0.017061	0.008442
912.083443	0.078035	-0.017988	0.005899
912.689914	0.078654	-0.024025	0.007861
913.326628	0.077595	-0.039034	0.007734
913.895235	0.075714	-0.043622	0.006242
914.542838	0.078343	-0.056903	0.007128
915.112732	0.077749	-0.055702	0.004647
915.693111	0.079807	-0.073254	0.007044
916.276423	0.080840	-0.071789	0.007091
916.909661	0.083056	-0.084808	0.006373
917.485042	0.076388	-0.084226	0.003491
918.097968	0.081309	-0.081598	0.009834
918.735126	0.079132	-0.089340	0.006399
919.358349	0.081012	-0.068475	0.004861
919.921559	0.078704	-0.087632	0.004220
920.476216	0.080621	-0.063468	0.003850
921.116488	0.079610	-0.072605	0.004580
921.701121	0.081282	-0.079338	0.003410
922.284036	0.077602	-0.065103	0.007122
922.932568	0.080000	-0.077526	0.008145
923.508993	0.077352	-0.068613	0.003948
924.124053	0.078260	-0.065052	0.004054
924.714345	0.078999	-0.068378	0.005451
925.363615	0.078939	-0.071386	0.007087
925.924551	0.080071	-0.058038	0.011629
926.551776	0.080270	-0.070692	0.006081
927.193640	0.080424	-0.060828	0.004827
927.801679	0.081417	-0.045333	0.007136
928.376224	0.079558	-0.060308	0.004551
928.939889	0.076774	-0.046478	0.004021
929.534360	0.076716	-0.055445	0.004756
930.108363	0.079899	-0.051495	0.005025
930.722873	0.077129	-0.053587	0.002946
931.298434	0.080707	-0.052854	0.004068
931.916261	0.080018	-0.048965	0.006665
932.550186	0.078342	-0.049209	0.005615
933.134343	0.079609	-0.049289	0.005182
933.753092	0.081264	-0.049949	0.004348
934.341499	0.076881	-0.051935	0.003384
934.920362	0.076930	-0.053477	0.004519
935.507133	0.080543	-0.064753	0.004610
936.092271	0.077559	-0.048300	0.004911
936.666001	0.081519	-0.048603	0.005877
937.285518	0.077889	-0.041491	0.003453
937.871725	0.078263	-0.043506	0.006793
938.483231	0.079056	-0.049116	0.003355
939.134133	0.082139	-0.048747	0.005383
939.708341	0.081651	-0.046798	0.006494
940.310363	0.079689	-0.044421	0.010276
940.939810	0.077300	-0.052926	0.003960
941.565545	0.080121	-0.033025	0.007927
942.185013	0.077422	-0.041045	0.003873
942.750237	0.079139	-0.048689	0.008076
943.381246	0.079454	-0.036843	0.006888
943.964177	0.079532	-0.040892	0.006835
944.576691	0.079084	-0.043340	0.004288
945.138519	0.080875	-0.045971	0.007433
945.690447	0.080964	-0.038743	0.004924
946.295742	0.077409	-0.035843	0.005135
946.898094	0.079245	-0.040513	0.004759
947.533020	0.079929	-0.031170	0.012729
948.118151	0.078044	-0.042427	0.007573
948.714957	0.079200	-0.033921	0.005680
949.329281	0.078715	-0.046494	0.005159
949.963778	0.079360	-0.038531	0.006264
950.540938	0.080810	-0.047798	0.004676
951.155250	0.075181	-0.040916	0.011291
951.773376	0.079670	-0.039690	0.005767
952.376630	0.077015	-0.031758	0.004952
953.005527	0.080755	-0.031824	0.008991
953.598245	0.078127	-0.039026	0.005132
954.213503	0.079981	-0.049035	0.009001
954.806367	0.078864	-0.033793	0.005699
955.356055	0.078311	-0.034257	0.004046
955.929438	0.077189	-0.039252	0.008453
956.529022	0.079671	-0.043468	0.008894
957.147125	0.079115	-0.040910	0.005196
957.796008	0.079517	-0.028721	0.003904
958.389328	0.080539	-0.051028	0.008281
958.946870	0.077476	-0.041741	0.006179
959.560455	0.077957	-0.035864	0.004743
960.157564	0.079810	-0.044683	0.004829
960.804508	0.077743	-0.039444	0.005291
961.404628	0.078133	-0.031679	0.006516
961.980776	0.079178	-0.028417	0.004531
962.548737	0.077675	-0.042999	0.006673
963.150525	0.079197	-0.031178	0.003441
963.761419	0.077147	-0.030975	0.005808
964.337357	0.076371	-0.041574	0.008752
964.967297	0.077785	-0.038967	0.011666
964.555858	0.079012	-0.037811	0.005720
963.900265	0.080865	-0.036005	0.008134
963.305529	0.083770	-0.027867	0.005663
962.722415	0.074445	-0.022672	0.004642
962.127006	0.077740	-0.039198	0.005171
961.500390	0.077838	-0.038561	0.004905
960.913337	0.075712	-0.038291	0.006621
960.345814	0.079979	-0.036939	0.003168
959.698942	0.076709	-0.040076	0.007432
959.094035	0.078835	-0.031739	0.007054
958.464882	0.080549	-0.035142	0.005394
957.874116	0.080575	-0.040935	0.004705
957.298321	0.077217	-0.033156	0.003669
956.696489	0.078059	-0.034789	0.003473
956.065693	0.079114	-0.030009	0.003034
955.456220	0.078212	-0.031072	0.009974
954.885327	0.079124	-0.039170	0.003799
954.255888	0.081744	-0.047959	0.009334
953.622472	0.079281	-0.040389	0.007401
952.997771	0.079266	-0.043167	0.010672
952.378378	0.078165	-0.036842	0.007364
951.814036	0.078573	-0.039856	0.004640
951.211479	0.079876	-0.040056	0.006059
950.630071	0.075698	-0.040885	0.009339
949.986808	0.075235	-0.032243	0.003895
949.400249	0.079552	-0.048140	0.008030
948.783249	0.079708	-0.035395	0.011339
948.156566	0.078156	-0.042199	0.008659
947.548020	0.078394	-0.030077	0.007837
946.973433	0.079569	-0.050799	0.004924
946.403041	0.078390	-0.040159	0.004618
945.793470	0.081404	-0.041787	0.006313
945.183885	0.078332	-0.042347	0.006364
944.585883	0.077231	-0.039625	0.005791
943.959169	0.079690	-0.039056	0.005513
943.397294	0.079405	-0.053753	0.004663
942.801160	0.080729	-0.030992	0.006042
942.197002	0.082593	-0.040138	0.008207
941.563318	0.075915	-0.048452	0.005948
940.999074	0.082345	-0.041279	0.004345
940.375009	0.083291	-0.038350	0.004173
939.770006	0.076852	-0.045474	0.007384
939.149554	0.078694	-0.050398	0.003925
938.536657	0.079951	-0.047297	0.004559
937.957644	0.078542	-0.041156	0.005275
937.367699	0.078767	-0.053037	0.005902
936.753214	0.079201	-0.050086	0.004741
936.149582	0.079354	-0.044159	0.005364
935.584879	0.077973	-0.048306	0.005584
934.979547	0.078490	-0.053815	0.005029
934.377362	0.074888	-0.062157	0.004900
933.770570	0.081711	-0.048890	0.005757
933.124489	0.079108	-0.054723	0.008144
932.544087	0.083438	-0.066149	0.004184
931.949062	0.077527	-0.050106	0.005067
931.353908	0.077576	-0.068685	0.004656
930.740170	0.078076	-0.052650	0.003864
930.170408	0.075728	-0.053800	0.008456
929.562512	0.077940	-0.061718	0.004549
928.921742	0.078172	-0.058080	0.003592
928.333928	0.075932	-0.053750	0.004076
927.740775	0.080544	-0.058795	0.005088
927.145240	0.080474	-0.066547	0.003936
926.541570	0.080869	-0.063340	0.005648
925.919396	0.082520	-0.063983	0.005269
925.334628	0.078468	-0.065105	0.003224
924.718075	0.080338	-0.065783	0.006852
924.143966	0.077298	-0.068240	0.005843
923.530987	0.078878	-0.070703	0.004571
922.959187	0.082906	-0.077896	0.009967
922.369252	0.079425	-0.074710	0.006119
921.794722	0.075606	-0.068908	0.006233
921.144639	0.078557	-0.067954	0.004705
920.551571	0.079512	-0.079164	0.003729
919.904721	0.078995	-0.088156	0.007491
919.315601	0.079344	-0.084067	0.005013
918.742572	0.078828	-0.078411	0.005613
918.157622	0.078717	-0.066830	0.003888
917.523831	0.076347	-0.082112	0.005225
916.935069	0.085422	-0.079226	0.009400
916.336067	0.082723	-0.069972	0.007668
915.708872	0.081671	-0.064165	0.004129
915.090707	0.079238	-0.068112	0.008235
914.467771	0.082200	-0.052624	0.010536
913.840913	0.079136	-0.032958	0.004773
913.243026	0.073929	-0.032301	0.005098
912.636931	0.077017	-0.030183	0.003782
912.062727	0.077844	-0.019612	0.003441
911.471015	0.081354	-0.014710	0.004408
910.888346	0.075899	0.000707	0.006862
910.274189	0.079197	0.012385	0.004708
909.646089	0.073511	0.039910	0.006540
909.002780	0.077439	0.023656	0.003573
908.388357	0.081343	0.042784	0.008890
907.827671	0.077163	0.050990	0.004270
907.232475	0.078172	0.031962	0.006697
906.628515	0.081479	0.019279	0.009775
905.967227	0.082076	0.008769	0.003701
905.333214	0.073782	0.007416	0.005322
904.689831	0.076396	-0.048427	0.007729
904.072788	0.083217	-0.072442	0.008016
903.484035	0.079508	-0.104133	0.004510
902.845684	0.078400	-0.129042	0.006521
902.227060	0.078768	-0.153398	0.009682
901.588953	0.080032	-0.171755	0.004397
900.995783	0.074519	-0.207080	0.004548
900.389195	0.076332	-0.232842	0.004466
899.725249	0.080522	-0.251692	0.003862
899.142795	0.075478	-0.275115	0.004569
898.545213	0.080674	-0.303353	0.004565
897.951034	0.065195	-0.328270	0.004265
897.376015	0.079213	-0.355232	0.009257
896.798053	0.076398	-0.383654	0.003794
896.228149	0.079659	-0.412930	0.004102
895.603859	0.075976	-0.423615	0.008308
894.991016	0.081402	-0.445061	0.004388
894.378815	0.081037	-0.426036	0.008806
893.765199	0.079450	-0.426786	0.007521
893.166589	0.076731	-0.403444	0.012475
892.535257	0.080723	-0.381952	0.008829
891.895950	0.078530	-0.352515	0.006816
891.311320	0.077989	-0.322457	0.004013
890.697938	0.077066	-0.291927	0.004147
890.052190	0.077484	-0.249211	0.007480
889.438914	0.077502	-0.212906	0.009123
888.865377	0.077938	-0.179144	0.006917
888.306785	0.076733	-0.150891	0.004932
887.687935	0.077487	-0.108445	0.007927
887.034438	0.079206	-0.072635	0.006381
886.408166	0.078556	-0.034773	0.004023
885.797370	0.079727	-0.007047	0.005728
885.222805	0.075771	0.023525	0.006127
884.611280	0.079595	0.074097	0.004211
883.973571	0.077818	0.095850	0.006145
883.351203	0.081979	0.124886	0.008278
882.760890	0.075598	0.165764	0.003597
882.101156	0.078140	0.196158	0.003660
881.485084	0.077224	0.193831	0.003954
880.856324	0.078910	0.193365	0.004136
880.226525	0.080148	0.183087	0.011332
879.665583	0.078564	0.170700	0.004596
879.045053	0.079087	0.162637	0.008947
878.457443	0.080634	0.136261	0.004203
877.852876	0.078145	0.129968	0.006062
877.264116	0.081003	0.104667	0.004443
876.609621	0.079662	0.098292	0.008596
876.044009	0.078455	0.083123	0.013088
875.426656	0.079660	0.071820	0.008478
874.787951	0.079123	0.064936	0.007697
874.202692	0.079488	0.058602	0.005373
873.591659	0.077755	0.048402	0.007797
873.000290	0.076702	0.042279	0.009132
872.389031	0.078100	0.038784	0.006458
871.826303	0.079809	0.024095	0.004989
871.218795	0.079552	0.021252	0.006923
870.551419	0.078778	0.012106	0.005014
869.953365	0.079540	0.010489	0.004965
869.337086	0.078804	0.006326	0.003314
868.764306	0.079712	-0.012291	0.013947
868.144070	0.078513	-0.016085	0.011212
867.558373	0.078529	-0.006311	0.008310
866.929614	0.078078	-0.020261	0.007121
866.365094	0.079621	-0.022325	0.006129
865.751129	0.078640	-0.023487	0.004784
865.182895	0.080422	-0.015455	0.010166
864.583460	0.079142	-0.020858	0.005806
863.962351	0.078693	-0.015766	0.005533
863.403233	0.079943	-0.013528	0.011296
862.807696	0.081630	-0.022502	0.006273
862.170921	0.078284	-0.013814	0.005688
861.569825	0.079808	0.005161	0.005335
860.976683	0.079808	-0.003513	0.006701
860.400338	0.078343	-0.015839	0.007207
859.764650	0.079802	0.000540	0.003106
859.157846	0.078081	-0.012142	0.005158
858.558422	0.077521	0.010401	0.011520
857.868703	0.075463	0.000922	0.005016
857.226274	0.078839	-0.011314	0.004426
856.646579	0.077976	0.003134	0.010409
855.997227	0.076559	-0.003178	0.005230
855.346507	0.078243	-0.006712	0.004403
854.733869	0.071126	0.010316	0.004943
854.180155	0.081236	0.008527	0.005825
853.562081	0.080915	0.013495	0.008740
852.995471	0.082612	0.001965	0.006102
852.422055	0.079706	0.020047	0.006928
851.825906	0.082049	0.013214	0.004783
851.237105	0.077552	0.004194	0.004374
850.637665	0.077176	-0.000384	0.008135
850.031830	0.079650	0.007080	0.010331
849.456774	0.081776	0.024524	0.004591
848.829548	0.079698	-0.000582	0.006818
848.221246	0.076857	0.001769	0.005384
847.609832	0.080426	0.013965	0.005335
847.017606	0.076924	0.013637	0.004285
846.401198	0.077334	0.021569	0.003493
845.782510	0.081020	0.023340	0.005196
845.133363	0.077736	0.009759	0.004166
844.495502	0.078466	0.022860	0.004617
843.900958	0.074917	0.013050	0.004908
843.285808	0.081209	0.021690	0.010550
842.644766	0.078432	0.010309	0.006117
842.070279	0.081375	0.032138	0.009347
841.426931	0.075741	0.021935	0.004276
840.828957	0.085588	0.028116	0.004167
840.226551	0.076020	0.015350	0.005988
839.627936	0.080481	0.026695	0.006199
839.010474	0.081749	0.028289	0.007137
838.442968	0.075904	0.033741	0.003991
837.813424	0.079159	0.014964	0.006023
837.202495	0.079399	0.022950	0.004994
836.622305	0.079248	0.029578	0.009083
836.017888	0.080594	0.030846	0.006783
835.446434	0.080782	0.025113	0.004830
834.846931	0.076990	0.027527	0.006573
834.250462	0.079887	0.028108	0.003302
833.620493	0.079241	0.031817	0.007506
833.036172	0.079761	0.022511	0.005811
832.436520	0.081837	0.024662	0.005646
831.824777	0.078362	0.026282	0.004066
831.220380	0.080672	0.029891	0.004731
830.594521	0.081921	0.024856	0.006442
830.031357	0.082639	0.023577	0.009010
829.455485	0.077218	0.026064	0.004792
828.850342	0.075278	0.031492	0.005505
828.218831	0.080529	0.033972	0.004835
827.662698	0.079033	0.024324	0.004609
827.049603	0.078918	0.030852	0.003773
826.461020	0.078066	0.038371	0.006669
825.885130	0.080429	0.034163	0.003783
825.255282	0.079532	0.024780	0.006478
824.670669	0.076764	0.028728	0.004037
824.081446	0.078483	0.037117	0.003079
823.438834	0.079656	0.023223	0.003743
822.800532	0.078065	0.033208	0.004777
822.239363	0.077356	0.027917	0.005398
821.674420	0.080695	0.029879	0.006595
821.076821	0.078105	0.038145	0.003699
820.461955	0.081279	0.040318	0.005819
819.852524	0.075637	0.038138	0.003849
819.294887	0.076040	0.033446	0.004803
818.670777	0.077566	0.033258	0.005327
818.074088	0.079008	0.034939	0.005166
817.477114	0.077481	0.034773	0.003460
816.866283	0.078210	0.031294	0.003144
816.282607	0.079408	0.046783	0.005372
815.671310	0.077878	0.042424	0.005598
815.039088	0.080738	0.042602	0.004484
814.419819	0.078628	0.047902	0.008017
813.814081	0.079577	0.049712	0.010485
813.168151	0.077999	0.044002	0.004231
812.552917	0.078406	0.049856	0.008187
811.979700	0.080160	0.053314	0.005075
811.423844	0.077695	0.044995	0.006035
810.855967	0.078855	0.058574	0.004097
810.229041	0.078559	0.058158	0.004767
809.624256	0.083185	0.061624	0.004313
808.960827	0.079158	0.064696	0.005005
808.391430	0.079614	0.063724	0.007237
807.772727	0.079293	0.069295	0.005060
807.159195	0.077472	0.067627	0.007274
806.551652	0.076822	0.075144	0.005177
805.965949	0.079713	0.072004	0.006973
805.386249	0.078869	0.077143	0.006765
804.762974	0.081330	0.071585	0.005874
804.173217	0.080919	0.084597	0.010830
803.550825	0.077249	0.081545	0.005065
802.910032	0.079148	0.083473	0.004270
802.293265	0.082250	0.085640	0.003611
801.683063	0.076729	0.084337	0.011681
801.080781	0.076117	0.087258	0.006164
800.448865	0.077692	0.085186	0.007808
799.879099	0.077724	0.095478	0.007173
799.255848	0.079325	0.090228	0.005609
798.629015	0.079384	0.095646	0.007734
798.066706	0.079583	0.094189	0.006034
797.456674	0.076666	0.098124	0.005878
796.861866	0.079170	0.102205	0.008132
796.257347	0.078200	0.100596	0.004800
795.662117	0.078181	0.109185	0.004767
795.035365	0.079081	0.110764	0.005959
794.476305	0.081107	0.121088	0.004054
793.862576	0.078473	0.138586	0.004971
793.257421	0.081612	0.148254	0.005965
792.638282	0.080163	0.160349	0.003885
792.009214	0.080089	0.163253	0.009490
791.457642	0.078814	0.181233	0.006593
790.878061	0.078828	0.173830	0.005698
790.244026	0.079086	0.189448	0.005224
789.643241	0.076840	0.187280	0.005253
789.058583	0.083812	0.183305	0.004933
788.436994	0.080073	0.190113	0.003367
787.797097	0.077459	0.162332	0.007870
787.175410	0.081776	0.145829	0.006372
786.547022	0.077813	0.106458	0.005140
785.983614	0.080358	0.082977	0.005675
785.407089	0.078852	0.063126	0.003688
784.799669	0.077422	0.030396	0.003353
784.156761	0.078865	-0.014843	0.004966
783.586343	0.079393	-0.038654	0.006957
782.968738	0.078262	-0.068959	0.004320
782.369863	0.078602	-0.108203	0.005522
781.804879	0.079420	-0.138311	0.007633
781.175736	0.082700	-0.169944	0.005796
780.604434	0.079479	-0.198928	0.003723
779.972408	0.078328	-0.217096	0.004025
779.360132	0.078491	-0.235898	0.002965
778.803089	0.082284	-0.242677	0.007028
778.161496	0.081084	-0.242462	0.003836
777.590997	0.078157	-0.227823	0.003950
776.992420	0.077756	-0.212217	0.010347
776.413066	0.080890	-0.171683	0.006210
775.826008	0.074694	-0.141705	0.005893
775.264702	0.078987	-0.098076	0.003977
774.660650	0.080502	-0.043885	0.011087
774.081338	0.080673	-0.013991	0.005648
773.474343	0.079219	0.036571	0.006300
772.839529	0.080668	0.083266	0.005159
772.267825	0.081429	0.118559	0.007629
771.666099	0.079296	0.165800	0.006556
771.035526	0.079188	0.203996	0.005096
770.387286	0.078518	0.238277	0.003345
769.795984	0.080060	0.261611	0.003831
769.153465	0.077412	0.277492	0.006231
768.535283	0.077848	0.272561	0.003784
767.967674	0.079555	0.266430	0.002890
767.339196	0.077008	0.244031	0.003733
766.760311	0.079057	0.210460	0.004129
766.145741	0.080203	0.157545	0.004654
765.520002	0.081702	0.131780	0.004082
764.925725	0.077598	0.088694	0.009393
764.376026	0.077622	0.045897	0.005326
763.761122	0.078987	0.019367	0.005366
763.178348	0.077753	-0.026791	0.006037
762.547036	0.079656	-0.044960	0.006973
761.925007	0.078814	-0.090623	0.005808
761.352326	0.078672	-0.120060	0.006284
760.714369	0.080654	-0.146130	0.009878
760.137198	0.078652	-0.192487	0.004455
759.527675	0.078313	-0.222587	0.003353
758.946197	0.078032	-0.253424	0.003107
758.362169	0.078051	-0.288767	0.004286
757.748150	0.079360	-0.306422	0.006861
757.156153	0.080130	-0.348945	0.004233
756.565429	0.080409	-0.367518	0.005809
756.004829	0.080189	-0.358577	0.005200
755.388954	0.077993	-0.365086	0.008787
754.782546	0.078487	-0.354626	0.006534
754.169670	0.076788	-0.323267	0.008674
753.555640	0.077362	-0.292397	0.004165
752.975037	0.078779	-0.281763	0.004679
752.376445	0.080172	-0.244532	0.006644
751.771648	0.079829	-0.224323	0.004515
751.155628	0.081063	-0.194077	0.007553
750.508997	0.079432	-0.171055	0.003244
749.851270	0.079076	-0.145637	0.004212
749.189692	0.080094	-0.118558	0.004231
748.506297	0.080255	-0.103234	0.004879
747.911464	0.079780	-0.072275	0.003949
747.343039	0.079445	-0.047297	0.008302
746.757165	0.075382	-0.029170	0.004718
746.143377	0.077843	-0.008828	0.005690
745.574508	0.078656	0.017176	0.004204
745.019078	0.077957	0.034832	0.004730
744.427727	0.080868	0.046820	0.006045
743.811534	0.079391	0.059452	0.003655
743.212586	0.079626	0.072693	0.008254
742.609708	0.079615	0.066443	0.004334
742.054485	0.079379	0.065665	0.005452
741.446367	0.079370	0.045566	0.005856
740.869192	0.078813	0.049625	0.004203
740.241477	0.078739	0.043496	0.004984
739.618615	0.079250	0.032347	0.007359
739.046464	0.077475	0.030283	0.004389
738.430379	0.079609	0.038121	0.005319
737.779852	0.078760	0.024372	0.004935
737.163940	0.079846	0.014111	0.004235
736.598452	0.079169	0.009882	0.005930
735.973104	0.078491	0.004248	0.004432
735.339622	0.079550	0.003698	0.007030
734.737806	0.082040	0.002468	0.006313
734.081107	0.079203	0.005177	0.003932
733.524898	0.076191	0.004899	0.005733
732.917016	0.078254	-0.004971	0.008380
732.319481	0.078962	-0.004437	0.002867
731.684667	0.078387	0.002738	0.003142
731.086544	0.078036	-0.009607	0.006305
730.467911	0.080291	-0.002001	0.005626
729.899225	0.081388	-0.013971	0.003441
729.302186	0.080331	-0.012457	0.004230
728.688610	0.079987	-0.010816	0.011473
728.121384	0.077885	-0.021339	0.004020
727.480127	0.081435	-0.016119	0.003778
726.851186	0.078472	-0.018099	0.003564
726.215921	0.082027	-0.010903	0.003907
725.640027	0.077593	-0.016836	0.003327
725.057951	0.080402	-0.017541	0.003965
724.476626	0.078608	-0.007949	0.003574
723.850898	0.078402	-0.020024	0.006197
723.246417	0.081238	-0.017825	0.005335
722.673889	0.080366	-0.020930	0.003252
722.046847	0.079382	-0.020012	0.008662
721.466897	0.079191	-0.025476	0.004674
720.842458	0.081030	-0.020342	0.003612
720.246150	0.082259	-0.010769	0.005001
719.670658	0.080655	-0.029597	0.005408
719.038599	0.078012	-0.019723	0.003145
718.451938	0.077075	-0.023334	0.005738
717.837799	0.079468	-0.031185	0.003902
717.272874	0.080647	-0.012294	0.006272
716.656995	0.078239	-0.018895	0.006407
716.069554	0.083768	-0.017066	0.007046
715.445017	0.075001	-0.020718	0.003825
714.809349	0.079265	-0.017257	0.004893
714.228227	0.079477	-0.028712	0.005545
713.599870	0.079366	-0.017960	0.003904
712.971046	0.079862	-0.027520	0.005722
712.396645	0.079875	-0.024338	0.003607
711.802396	0.078591	-0.020768	0.005795
711.171514	0.075564	-0.023704	0.004727
710.561551	0.078272	-0.026559	0.004488
709.981862	0.079024	-0.035850	0.006251
709.339378	0.079407	-0.028944	0.003641
708.741352	0.077379	-0.028421	0.007868
708.145943	0.081250	-0.025679	0.005473
707.549215	0.079370	-0.023424	0.004590
706.924987	0.081028	-0.015886	0.005553
706.366079	0.078435	-0.026079	0.004926
705.777306	0.078620	-0.018906	0.009351
705.177890	0.082192	-0.034704	0.005480
704.575462	0.078207	-0.030746	0.004806
703.951992	0.075864	-0.031128	0.003713
703.375724	0.080558	-0.031171	0.008504
702.734151	0.080213	-0.019240	0.003627
702.092169	0.077365	-0.022188	0.004743
701.459222	0.080769	-0.029628	0.003701
700.861241	0.079263	-0.031604	0.004124
700.286611	0.077180	-0.031970	0.004107
699.685013	0.081783	-0.034160	0.003976
699.061443	0.078684	-0.030598	0.003820
698.476989	0.079824	-0.031166	0.005918
697.894777	0.078212	-0.029395	0.010990
697.297338	0.076885	-0.029638	0.004773
696.659250	0.080368	-0.026638	0.004030
696.055927	0.083772	-0.025813	0.005814
695.432965	0.079018	-0.033392	0.009840
694.889735	0.078287	-0.007298	0.005953
694.267217	0.080338	-0.007514	0.004414
693.680530	0.081386	0.004291	0.004747
693.052859	0.079598	0.012312	0.003498
692.464320	0.080282	0.024344	0.003619
691.880491	0.081649	0.046319	0.007057
691.275187	0.080582	0.052974	0.005617
690.658576	0.079752	0.068629	0.006621
690.032146	0.077673	0.088495	0.007583
689.440890	0.076304	0.103607	0.005068
688.795063	0.075548	0.111045	0.006121
688.205038	0.074707	0.107392	0.007564
687.621240	0.078020	0.098426	0.006214
687.063237	0.080064	0.083890	0.004156
686.437799	0.077322	0.065026	0.006130
685.823007	0.078069	0.020666	0.003827
685.234615	0.075203	-0.013914	0.008755
684.614758	0.080352	-0.051587	0.012597
684.049800	0.078973	-0.076840	0.005727
683.428639	0.078244	-0.118033	0.007115
682.851873	0.077868	-0.153145	0.007588
682.211773	0.078730	-0.179938	0.008323
681.666381	0.081366	-0.219901	0.013631
681.082796	0.079502	-0.254190	0.006973
680.465105	0.076408	-0.288289	0.008335
679.803271	0.079477	-0.305256	0.003746
679.228494	0.079859	-0.329298	0.010857
678.653695	0.073953	-0.349371	0.003595
678.067088	0.079547	-0.362336	0.004636
677.435224	0.078131	-0.353410	0.004244
676.846808	0.083503	-0.356063	0.005044
676.234188	0.077654	-0.321688	0.009014
675.676163	0.078090	-0.290721	0.003469
675.057386	0.076362	-0.256708	0.007258
674.465720	0.078268	-0.213250	0.004786
673.844552	0.079070	-0.167773	0.013348
673.282072	0.079998	-0.137243	0.007441
672.666272	0.082116	-0.081998	0.006009
672.039163	0.079635	-0.053486	0.003764
671.394152	0.078864	-0.005577	0.012073
670.761510	0.078845	0.037623	0.006428
670.193870	0.079537	0.075257	0.004450
669.570080	0.077490	0.116373	0.009769
668.940791	0.078855	0.144644	0.004851
668.350324	0.076662	0.178869	0.003709
667.785211	0.076692	0.187521	0.007991
667.170340	0.074903	0.195987	0.004420
666.577126	0.078218	0.196007	0.008186
665.965493	0.078359	0.171851	0.006230
665.365132	0.079406	0.156692	0.004569
664.798682	0.079076	0.147102	0.005242
664.196375	0.080861	0.117105	0.004247
663.605998	0.077849	0.105100	0.003909
663.014431	0.077855	0.098168	0.011924
662.425758	0.080376	0.086784	0.003316
661.793921	0.079989	0.068347	0.004286
661.201631	0.079387	0.047164	0.004672
660.544511	0.077499	0.041341	0.005639
659.914800	0.079705	0.027844	0.006296
659.338339	0.081224	0.021439	0.003815
658.708550	0.079275	0.001719	0.004215
658.129818	0.079535	0.001878	0.005184
657.540554	0.076945	-0.013730	0.005891
656.971207	0.079915	-0.016306	0.011637
656.348126	0.077115	-0.026889	0.005129
655.750575	0.078261	-0.033424	0.004074
655.164103	0.079480	-0.033991	0.003198
654.532021	0.081171	-0.048162	0.006998
653.960638	0.080379	-0.040547	0.007802
653.375913	0.078334	-0.036514	0.005637
652.780560	0.078781	-0.039770	0.004627
652.152475	0.079478	-0.041391	0.005880
651.561932	0.079744	-0.039946	0.005660
650.999988	0.078352	-0.024446	0.006107
650.385502	0.077351	-0.029060	0.004792
649.729946	0.082232	-0.020639	0.003813
649.098388	0.074303	-0.016950	0.006793
648.514664	0.081508	-0.014840	0.007470
647.905165	0.080224	-0.024848	0.003332
647.276706	0.077778	-0.013239	0.003557
646.718038	0.077376	-0.015884	0.004948
646.085822	0.082845	-0.009754	0.005027
645.500293	0.081237	-0.013318	0.004121
644.888791	0.079145	-0.008373	0.004217
644.253787	0.078364	-0.006123	0.002926
643.688880	0.078828	0.001188	0.005265
643.127556	0.079302	-0.014760	0.003717
642.474653	0.081452	0.001300	0.005505
641.836963	0.081290	-0.012226	0.005958
641.213629	0.075036	0.009225	0.003016
640.564767	0.081383	0.004989	0.006825
640.001675	0.083151	-0.006755	0.005630
639.408711	0.076988	0.006471	0.006215
638.806482	0.074824	0.002856	0.005549
638.176504	0.078630	6.443999E-5	0.007791
637.583034	0.081839	0.004172	0.004903
637.008739	0.080942	0.007821	0.004555
636.420911	0.079938	0.016727	0.006303
635.778279	0.076512	-0.003010	0.007315
635.189409	0.081579	0.009509	0.006820
635.334639	0.082170	-0.000249	0.003577
635.963612	0.077514	0.005633	0.004363
636.600270	0.076672	0.004565	0.003859
637.178579	0.077732	0.016479	0.003931
637.797646	0.078973	-0.002166	0.008024
638.371348	0.081001	0.001488	0.005011
638.971905	0.079564	-0.002247	0.006206
639.558131	0.077971	-0.002065	0.008567
640.127585	0.078807	0.008073	0.005435
640.708308	0.081525	-0.010920	0.012528
641.330684	0.078183	-0.001706	0.003271
641.935716	0.077286	0.001870	0.005521
642.578693	0.075079	-0.006380	0.008722
643.193441	0.078996	-0.000368	0.003521
643.750948	0.081901	0.000242	0.006052
644.345706	0.080582	-0.013159	0.003840
644.959299	0.079139	-0.002062	0.005304
645.567803	0.078213	-0.015393	0.006191
646.135599	0.075781	-0.005335	0.007553
646.695750	0.080108	-0.007488	0.008006
647.323774	0.078850	-0.008867	0.003769
647.956568	0.077249	-0.016632	0.004818
648.520337	0.079325	-0.020472	0.006421
649.081047	0.081698	-0.017846	0.004720
649.688770	0.076591	-0.033331	0.004028
650.317742	0.080519	-0.030534	0.007259
650.900746	0.078221	-0.027507	0.004414
651.471249	0.076375	-0.029463	0.004527
652.058792	0.080338	-0.023735	0.003946
652.675061	0.079077	-0.039448	0.005677
653.281718	0.081525	-0.030857	0.006753
653.849839	0.080933	-0.039096	0.004179
654.402562	0.080761	-0.047743	0.005921
655.030851	0.078541	-0.045708	0.006727
655.658473	0.077342	-0.050177	0.005458
656.231360	0.079330	-0.033007	0.004288
656.863928	0.077830	-0.028885	0.004315
657.396650	0.076871	-0.020513	0.004402
658.011424	0.080952	-0.012368	0.010050
658.630828	0.078455	-0.002885	0.003871
659.268890	0.082147	0.021203	0.005181
659.843676	0.078152	0.022307	0.005570
660.410375	0.073842	0.036217	0.006672
660.948009	0.080090	0.041390	0.007613
661.548353	0.081158	0.058131	0.003673
662.193505	0.078565	0.062516	0.004781
662.782220	0.078599	0.090887	0.005655
663.359684	0.079181	0.090714	0.004216
663.999431	0.078714	0.112664	0.005928
664.610318	0.077548	0.132877	0.004578
665.187104	0.080137	0.160042	0.004701
665.776325	0.078889	0.171108	0.004978
666.377410	0.077461	0.178829	0.004043
666.998187	0.077681	0.195290	0.003970
667.597469	0.079178	0.199088	0.003551
668.154474	0.079336	0.192093	0.010585
668.797138	0.079156	0.163673	0.010577
669.364859	0.077794	0.146117	0.004680
669.927928	0.078490	0.110358	0.005400
670.509678	0.076164	0.068422	0.007710
671.088223	0.078050	0.045586	0.010913
671.699737	0.078977	-0.000552	0.004165
672.324489	0.082211	-0.054810	0.008077
672.914855	0.079156	-0.093621	0.006007
673.494021	0.078892	-0.142248	0.004293
674.069644	0.078336	-0.169139	0.014227
674.682654	0.077481	-0.216935	0.005812
675.282236	0.076215	-0.258332	0.011257
675.889903	0.077014	-0.290811	0.005020
676.453251	0.078340	-0.324856	0.007499
677.050160	0.078617	-0.336270	0.005150
677.654905	0.081113	-0.345807	0.004342
678.230275	0.078477	-0.357675	0.004145
678.786296	0.080262	-0.347348	0.004551
679.413470	0.079193	-0.335760	0.004371
679.991416	0.082406	-0.312171	0.008971
680.599455	0.078926	-0.284452	0.006606
681.208527	0.078651	-0.252173	0.003863
681.771485	0.078189	-0.221388	0.011835
682.367087	0.079228	-0.187122	0.006699
682.995364	0.078975	-0.157041	0.007663
683.627929	0.080920	-0.117082	0.004466
684.203780	0.079327	-0.085495	0.010439
684.830329	0.077596	-0.045979	0.003862
685.443171	0.081073	-0.011490	0.004387
686.099911	0.076937	0.030275	0.005676
686.681172	0.076925	0.054838	0.003796
687.233565	0.076110	0.086891	0.006506
687.863363	0.079840	0.093933	0.004289
688.465928	0.079188	0.109777	0.004811
689.095665	0.079413	0.107880	0.005293
689.665890	0.079937	0.098878	0.003353
690.242431	0.080259	0.095215	0.003533
690.822629	0.079474	0.077825	0.004796
691.426660	0.077581	0.060142	0.003835
692.037246	0.082948	0.041541	0.009428
692.621598	0.077615	0.027695	0.003580
693.264148	0.080469	0.015607	0.007818
693.895122	0.077425	0.009526	0.006807
694.501766	0.081897	-0.001433	0.005308
695.100290	0.080137	-0.016057	0.004287
695.677298	0.078525	-0.020064	0.003221
696.323762	0.078771	-0.030436	0.006578
696.925759	0.075857	-0.030610	0.007172
697.543615	0.077794	-0.030412	0.005607
698.101813	0.079979	-0.030009	0.004824
698.709703	0.080703	-0.035400	0.007504
699.311832	0.078245	-0.031713	0.003603
699.916145	0.078532	-0.030097	0.006873
700.543030	0.079843	-0.029705	0.008827
701.112837	0.079103	-0.030072	0.004609
701.676311	0.080253	-0.026796	0.005900
702.281056	0.078445	-0.030915	0.002861
702.918233	0.079482	-0.030634	0.007559
703.468941	0.079449	-0.026547	0.005169
704.061229	0.078059	-0.025843	0.004909
704.674576	0.079963	-0.029498	0.006093
705.290759	0.079417	-0.027011	0.003547
705.900115	0.077090	-0.027040	0.011383
706.488789	0.080415	-0.026454	0.005579
707.079211	0.078202	-0.022165	0.003573
707.712802	0.079811	-0.023243	0.007015
708.310339	0.078702	-0.018535	0.003531
708.879792	0.080930	-0.030935	0.005261
709.482931	0.080225	-0.026984	0.003326
710.070329	0.075844	-0.022968	0.005734
710.680087	0.079468	-0.025981	0.003507
711.242296	0.077540	-0.034233	0.005898
711.819548	0.080578	-0.019220	0.004995
712.424117	0.078570	-0.017446	0.008708
713.043128	0.077403	-0.025203	0.003536
713.615127	0.085299	-0.021489	0.003803
714.232315	0.075556	-0.021191	0.008913
714.830883	0.075467	-0.020770	0.004289
715.457297	0.078853	-0.023372	0.006541
716.030810	0.079181	-0.019281	0.004389
716.620873	0.080666	-0.031590	0.004026
717.193431	0.077588	-0.020742	0.004362
717.785961	0.078371	-0.027378	0.005778
718.386987	0.079413	-0.027134	0.004939
718.959615	0.077958	-0.020837	0.004263
719.578310	0.077750	-0.020846	0.003046
720.162257	0.079704	-0.017911	0.006766
720.776917	0.080689	-0.014707	0.004912
721.402420	0.077726	-0.016835	0.003742
722.017651	0.075215	-0.019747	0.005917
722.590655	0.086805	-0.018146	0.004704
723.230074	0.078317	-0.018879	0.004769
723.842230	0.079948	-0.015899	0.004966
724.449308	0.079742	-0.020653	0.006563
725.083559	0.079844	-0.022536	0.003611
725.639300	0.078068	-0.027325	0.005190
726.245336	0.075890	-0.018998	0.005787
726.843166	0.079816	-0.012477	0.005851
727.466074	0.080237	-0.019751	0.006148
728.036637	0.080732	-0.016925	0.004563
728.636719	0.078945	-0.009172	0.006060
729.288042	0.079005	-0.014483	0.006828
729.914941	0.081165	-0.012672	0.010734
730.496685	0.080151	-0.013020	0.007024
731.069000	0.079943	-0.007208	0.003563
731.690855	0.079579	-0.009862	0.005228
732.306727	0.076978	-0.001421	0.005409
732.882944	0.078702	-0.003726	0.003838
733.530221	0.077344	-0.005508	0.006406
734.093034	0.080374	-0.000910	0.004775
734.696418	0.078589	0.003343	0.004451
735.263736	0.075070	0.003859	0.004123
735.829496	0.079511	-0.000536	0.003534
736.408416	0.078627	0.005993	0.008090
737.042913	0.078611	0.014362	0.003144
737.643992	0.081587	0.007080	0.005222
738.275976	0.078746	0.027435	0.006130
738.913349	0.081831	0.026637	0.004264
739.481554	0.079626	0.034524	0.005021
740.070721	0.077930	0.039189	0.006734
740.696446	0.078247	0.041459	0.005275
741.284280	0.077920	0.058256	0.005550
741.879645	0.078715	0.058689	0.003548
742.530286	0.079382	0.060225	0.006617
743.136316	0.077916	0.059353	0.003371
743.709190	0.079073	0.056136	0.003769
744.334087	0.080030	0.047004	0.004544
744.908079	0.079765	0.047389	0.007164
745.556457	0.079107	0.020481	0.005150
746.104828	0.079923	0.002876	0.004881
746.706196	0.076989	-0.015856	0.003570
747.292272	0.077230	-0.036591	0.004005
747.899707	0.080676	-0.064130	0.003154
748.477883	0.078055	-0.083223	0.004055
749.101879	0.082607	-0.100887	0.005591
749.720924	0.081970	-0.130052	0.004753
750.294914	0.082099	-0.151122	0.006573
750.926638	0.083709	-0.179856	0.005821
751.560970	0.078883	-0.195702	0.004423
752.167569	0.078493	-0.233031	0.007288
752.734562	0.076611	-0.255902	0.004588
753.333207	0.083891	-0.289794	0.005246
753.942792	0.078987	-0.308676	0.006031
754.510600	0.080355	-0.326584	0.010902
755.159819	0.078527	-0.353181	0.004088
755.725766	0.081033	-0.365207	0.003542
756.354365	0.078760	-0.373781	0.006698
756.996364	0.078574	-0.354141	0.004760
757.599799	0.077873	-0.336755	0.009511
758.216275	0.079302	-0.303648	0.008446
758.781999	0.078943	-0.272834	0.005887
759.384688	0.078995	-0.241048	0.007226
760.000905	0.079140	-0.206218	0.009405
760.591439	0.079428	-0.175387	0.004438
761.163013	0.079880	-0.146944	0.004155
761.806374	0.078740	-0.103499	0.004890
762.401564	0.076019	-0.064360	0.005635
763.027549	0.076910	-0.038975	0.004480
763.651554	0.080062	0.001415	0.003955
764.229290	0.082395	0.035460	0.006059
764.836140	0.074731	0.070619	0.004851
765.442359	0.077588	0.101435	0.004450
766.053168	0.079642	0.139807	0.006724
766.626611	0.079772	0.188985	0.003372
767.270801	0.080095	0.215251	0.006333
767.900377	0.075754	0.252764	0.011883
768.495886	0.079217	0.278341	0.004200
769.095543	0.076280	0.279288	0.003703
769.675655	0.076922	0.259710	0.006633
770.294917	0.078607	0.255319	0.005858
770.886004	0.079220	0.213897	0.007853
771.492735	0.078568	0.194776	0.005330
772.049096	0.080288	0.146746	0.004053
772.659850	0.076772	0.104692	0.008813
773.243417	0.078603	0.067818	0.009590
773.876302	0.079149	0.024987	0.006180
774.498471	0.079440	-0.026589	0.004964
775.078563	0.078431	-0.070229	0.005254
775.710802	0.077666	-0.102346	0.007042
776.268217	0.080041	-0.145249	0.004382
776.886226	0.084962	-0.184400	0.007871
777.495728	0.081932	-0.209451	0.004631
778.073848	0.081194	-0.235326	0.003708
778.683948	0.072243	-0.251156	0.005567
779.285266	0.079792	-0.241179	0.003938
779.914246	0.080452	-0.229555	0.004725
780.483595	0.078090	-0.206780	0.004608
781.112238	0.080238	-0.188392	0.011034
781.708617	0.079732	-0.151837	0.004402
782.353157	0.081272	-0.116249	0.004585
782.953607	0.079977	-0.087384	0.003125
783.516020	0.078342	-0.063329	0.008047
784.135535	0.081165	-0.022910	0.006215
784.756622	0.074596	0.014357	0.006620
785.375895	0.080407	0.050508	0.007875
785.954492	0.075467	0.062223	0.007744
786.576539	0.072184	0.103327	0.004337
787.201554	0.082673	0.130792	0.006220
787.865408	0.078021	0.159755	0.005675
788.470088	0.081727	0.181252	0.003504
789.060944	0.078485	0.182125	0.006914
789.705582	0.077374	0.194674	0.006761
790.318903	0.082215	0.193499	0.008560
790.965515	0.074901	0.193290	0.005804
791.565053	0.082755	0.170632	0.003349
792.122813	0.075089	0.169036	0.005442
792.697145	0.078651	0.155100	0.005943
793.350723	0.078114	0.144272	0.004108
793.970211	0.079923	0.130866	0.003965
794.556449	0.078555	0.116965	0.006489
795.136714	0.079231	0.118744	0.005715
795.728601	0.078694	0.113450	0.003969
796.368437	0.081400	0.111868	0.003826
796.954792	0.079450	0.104531	0.003844
797.506241	0.079940	0.097666	0.004402
798.062611	0.079987	0.097184	0.003107
798.680315	0.075291	0.096079	0.007517
799.284280	0.080048	0.095854	0.004468
799.881777	0.080338	0.088413	0.005299
