800.394724	0.079452	0.086824	0.004059
801.056789	0.078498	0.076704	0.005902
801.632073	0.079699	0.077340	0.006566
802.202396	0.079110	0.081229	0.004798
802.806106	0.079784	0.086271	0.004772
803.363128	0.077152	0.089051	0.004085
803.964199	0.078565	0.068094	0.004159
804.540924	0.079190	0.065990	0.006533
805.074292	0.078600	0.076349	0.004117
805.675690	0.079645	0.089418	0.005003
806.255503	0.080557	0.070838	0.003008
806.803713	0.080301	0.068877	0.006031
807.376395	0.079957	0.071385	0.007404
807.985710	0.078906	0.058553	0.008275
808.605436	0.078101	0.069011	0.007855
809.179754	0.077864	0.057054	0.006099
809.748187	0.079266	0.070592	0.002924
810.332103	0.080907	0.065563	0.005556
810.884379	0.080511	0.055424	0.005296
811.696058	0.079750	0.054837	0.004515
812.277600	0.079430	0.042465	0.004409
812.838843	0.079964	0.063172	0.008082
813.432052	0.079899	0.054858	0.012047
814.044687	0.078442	0.052157	0.005141
814.630545	0.077546	0.049121	0.006927
815.203760	0.079159	0.033945	0.004961
815.821087	0.078405	0.031268	0.004247
816.396616	0.081767	0.033511	0.003376
816.989239	0.078872	0.042436	0.006144
817.581391	0.078509	0.036254	0.007032
818.180569	0.077509	0.037836	0.005730
818.814796	0.078147	0.033391	0.005449
819.380104	0.077061	0.039698	0.007203
819.972380	0.079357	0.033212	0.004943
820.626985	0.078505	0.044530	0.005808
821.228836	0.079725	0.032802	0.006057
821.799673	0.078337	0.035531	0.005252
822.356074	0.074191	0.035217	0.008150
822.957436	0.079536	0.025488	0.004044
823.581319	0.079169	0.039947	0.006012
824.153038	0.079359	0.028681	0.008754
824.786041	0.077874	0.032770	0.006025
825.334594	0.078451	0.032190	0.005301
825.903341	0.078992	0.028199	0.003200
826.506377	0.079123	0.038603	0.006353
827.114618	0.080724	0.037672	0.006311
827.678308	0.079487	0.033567	0.007127
828.302651	0.079277	0.039480	0.008617
828.925134	0.079595	0.023221	0.003916
829.493067	0.079782	0.037425	0.005978
830.097160	0.079664	0.019926	0.005446
830.731812	0.080665	0.029414	0.004382
831.329479	0.080216	0.012393	0.006004
831.892684	0.078132	0.017244	0.013513
832.480466	0.079627	0.019285	0.009156
833.062254	0.078033	0.024710	0.005190
833.648634	0.078727	0.024589	0.003728
834.227174	0.078469	0.036457	0.009496
834.779034	0.079775	0.020962	0.004777
835.340261	0.078814	0.019707	0.006134
835.930627	0.078024	0.016733	0.005315
836.566274	0.078442	0.016189	0.004702
837.133500	0.078004	0.020990	0.005404
837.721258	0.079170	0.021674	0.005511
838.317468	0.079053	0.033936	0.012864
838.968428	0.077288	0.019440	0.004928
839.566743	0.079421	0.023991	0.003878
840.159413	0.080943	0.020996	0.006729
840.786635	0.078953	0.020432	0.007958
841.414689	0.079196	0.020334	0.004869
842.017257	0.079769	0.020142	0.004095
842.628527	0.078272	0.023261	0.008625
843.238086	0.079413	0.009864	0.008076
843.839298	0.076316	0.013825	0.011657
844.422712	0.079671	0.020854	0.004855
845.063746	0.079348	0.010478	0.009172
845.678628	0.080124	0.010849	0.005721
846.352824	0.079603	0.009841	0.006281
846.924559	0.080604	0.010356	0.006726
847.560454	0.078472	0.014234	0.006292
848.193856	0.079050	0.029114	0.005665
848.811405	0.079556	0.019936	0.006264
849.451022	0.079660	0.000503	0.006260
850.010353	0.079644	0.010504	0.005186
850.603653	0.079012	0.005790	0.006427
851.225692	0.079405	0.004509	0.005253
851.826588	0.079670	0.021293	0.007020
852.403978	0.078227	0.006851	0.004024
853.012704	0.078395	-0.007952	0.007259
853.633721	0.079846	0.004606	0.005776
854.240342	0.078529	0.008718	0.007139
854.838132	0.072791	0.003017	0.008721
855.501325	0.079714	0.004276	0.008173
856.110141	0.078192	0.007277	0.006172
856.684849	0.080434	-0.001207	0.005952
857.283975	0.079910	-0.008550	0.006445
857.915237	0.080114	0.001791	0.006140
858.483945	0.080273	0.000700	0.004366
859.088290	0.078492	0.004260	0.004098
859.744082	0.079534	-0.006965	0.003497
860.344526	0.078012	0.008009	0.007658
860.986600	0.079908	-0.008662	0.007095
861.604889	0.077767	-0.005302	0.004151
862.173182	0.076526	-0.015737	0.003792
862.764215	0.079526	-0.000406	0.005341
863.377209	0.078845	-0.019581	0.006237
863.983129	0.078835	-0.031254	0.004963
864.604121	0.078783	-0.028096	0.009264
865.178847	0.077751	-0.015216	0.006243
865.779629	0.078681	-0.024036	0.006512
866.373237	0.079685	-0.019927	0.005127
866.992878	0.077074	-0.014288	0.004664
867.553972	0.079967	-0.014036	0.005852
868.149552	0.076550	-0.014919	0.005294
868.730190	0.079227	-0.006419	0.005177
869.330942	0.079716	-0.002032	0.007439
869.893900	0.079192	0.001088	0.003820
870.525105	0.080888	0.010518	0.006065
871.139519	0.079123	0.013577	0.005254
871.712095	0.079546	0.022979	0.007268
872.282329	0.078031	0.029688	0.007351
872.927247	0.077517	0.040050	0.005324
873.521257	0.080697	0.043433	0.007891
874.156676	0.078363	0.060926	0.003151
874.772507	0.079240	0.059337	0.006570
875.339783	0.078789	0.075155	0.008627
875.995692	0.078650	0.092876	0.006674
876.559215	0.077464	0.091087	0.003178
877.160185	0.077758	0.114692	0.004685
877.735532	0.078273	0.106069	0.007423
878.354914	0.079277	0.134407	0.007648
878.970040	0.080253	0.151712	0.003920
879.566450	0.078978	0.157670	0.004086
880.139481	0.082322	0.166095	0.012512
880.765363	0.078698	0.185982	0.006984
881.363860	0.078413	0.192010	0.004137
881.982080	0.080340	0.177233	0.006011
882.569977	0.079976	0.171790	0.005760
883.179891	0.078449	0.149991	0.005561
883.782958	0.077201	0.110913	0.008285
884.394757	0.079482	0.078612	0.004381
884.945017	0.077690	0.049232	0.011716
885.577165	0.080293	0.021662	0.004215
886.174601	0.079144	-0.006969	0.005867
886.812469	0.078349	-0.041742	0.006326
887.423784	0.079430	-0.065040	0.004818
888.024229	0.078143	-0.113344	0.003881
888.667601	0.077149	-0.167222	0.007189
889.285509	0.079863	-0.187828	0.006633
889.859624	0.079323	-0.222840	0.005302
890.423999	0.080045	-0.252530	0.004399
891.043016	0.080132	-0.284951	0.010171
891.664582	0.078075	-0.330163	0.007237
892.260213	0.078205	-0.350662	0.003988
892.825014	0.077888	-0.401420	0.011115
893.434066	0.077832	-0.405265	0.008081
893.987661	0.078815	-0.420818	0.007364
894.617395	0.076662	-0.427894	0.005557
895.197129	0.078351	-0.417390	0.003213
895.805862	0.078980	-0.416967	0.005916
896.373955	0.078541	-0.404247	0.004334
896.961384	0.077176	-0.376679	0.016306
897.569395	0.079926	-0.347664	0.006308
898.151993	0.080705	-0.324266	0.005477
898.729475	0.079542	-0.297390	0.008084
899.313871	0.079444	-0.271951	0.003901
899.911317	0.079466	-0.250871	0.005883
900.533336	0.079020	-0.229182	0.006879
901.137892	0.079604	-0.197297	0.005718
901.700091	0.078604	-0.169084	0.004466
902.307601	0.077936	-0.155526	0.010269
902.941547	0.079644	-0.131101	0.010810
903.576212	0.078296	-0.102572	0.007871
904.170538	0.079479	-0.075656	0.005629
904.789810	0.077653	-0.038094	0.005726
905.398967	0.077476	-0.012253	0.005370
905.960518	0.080050	-0.004348	0.018446
906.597931	0.081082	0.028349	0.008991
907.204000	0.076516	0.052403	0.004448
907.822860	0.077475	0.043355	0.005092
908.479416	0.078430	0.030900	0.004166
909.074614	0.078103	0.029840	0.008463
909.652303	0.079415	0.023120	0.007601
910.261220	0.078982	0.025742	0.004470
910.899619	0.078930	-0.005809	0.007203
911.508632	0.077453	-0.004142	0.006330
912.089720	0.082520	-0.015644	0.004732
912.719163	0.078734	-0.018295	0.004958
913.342247	0.080437	-0.034404	0.003519
913.960312	0.079193	-0.040450	0.007379
914.566960	0.077200	-0.059472	0.010967
915.173202	0.078286	-0.064422	0.011145
915.800052	0.079738	-0.067671	0.004979
916.420043	0.079810	-0.077303	0.006367
917.003773	0.078365	-0.080232	0.006774
917.623492	0.081166	-0.081095	0.004085
918.186462	0.079599	-0.071881	0.003185
918.793592	0.079830	-0.076885	0.004687
919.395647	0.076736	-0.081259	0.010915
920.014273	0.079455	-0.085413	0.007423
920.583185	0.080365	-0.070810	0.009660
921.165098	0.079026	-0.081026	0.005452
921.777871	0.080296	-0.078180	0.004766
922.392577	0.077602	-0.069286	0.005321
923.012664	0.080067	-0.062139	0.003957
923.585592	0.077485	-0.068715	0.003962
924.149956	0.080243	-0.059775	0.007720
924.755283	0.078854	-0.068169	0.003365
925.357593	0.077023	-0.065667	0.006596
925.938393	0.078686	-0.053200	0.005640
926.555831	0.079139	-0.063122	0.007097
927.165799	0.078228	-0.056107	0.007170
927.781058	0.079616	-0.065115	0.006238
928.399212	0.080118	-0.057993	0.004517
928.957879	0.078508	-0.065038	0.007865
929.548270	0.078144	-0.060993	0.003384
930.167121	0.078292	-0.055424	0.004233
930.772011	0.080539	-0.058628	0.005934
931.313262	0.077433	-0.047676	0.007679
931.947572	0.078482	-0.052506	0.005464
932.583776	0.078794	-0.055569	0.006624
933.213309	0.079574	-0.049170	0.006994
933.797831	0.080758	-0.044177	0.012773
934.370936	0.077453	-0.050616	0.003780
934.961506	0.078087	-0.044753	0.004141
935.585910	0.075274	-0.055913	0.004270
936.198658	0.080573	-0.045113	0.005774
936.803104	0.079635	-0.047500	0.005986
937.360404	0.078016	-0.048381	0.010766
937.984648	0.081958	-0.038901	0.003966
938.583444	0.079905	-0.039158	0.010484
939.195118	0.082182	-0.057390	0.004933
939.782163	0.076774	-0.043181	0.008088
940.410679	0.076530	-0.039912	0.004337
941.008853	0.077087	-0.039871	0.005586
941.626935	0.078350	-0.044824	0.009350
942.262421	0.079878	-0.048850	0.005981
942.820556	0.079578	-0.035161	0.005928
943.421038	0.078322	-0.035924	0.003485
944.087179	0.079109	-0.045179	0.005937
944.684042	0.079348	-0.039068	0.008340
945.276645	0.080161	-0.037009	0.010620
945.874553	0.077358	-0.033687	0.004846
946.462738	0.080959	-0.042187	0.006809
947.075285	0.079994	-0.037930	0.003771
947.713515	0.081203	-0.045344	0.008601
948.383573	0.078385	-0.041310	0.005024
949.017991	0.080661	-0.045866	0.009857
949.648807	0.079338	-0.052440	0.005775
950.217819	0.079210	-0.038586	0.005002
950.860881	0.078121	-0.040638	0.005586
951.439651	0.078895	-0.035257	0.012923
951.983007	0.079432	-0.036494	0.004505
952.594799	0.078922	-0.032235	0.003812
953.207249	0.080016	-0.044175	0.003466
953.777799	0.078393	-0.036501	0.011095
954.384124	0.075657	-0.032903	0.005585
954.970322	0.079733	-0.036416	0.005047
955.564481	0.079193	-0.040137	0.007929
956.183717	0.076692	-0.040202	0.006655
956.771628	0.079239	-0.041781	0.008947
957.359850	0.079218	-0.036976	0.013959
957.960256	0.077050	-0.030842	0.007970
958.566165	0.076754	-0.039301	0.007727
959.134082	0.078304	-0.042879	0.003963
959.705570	0.080779	-0.038869	0.011059
960.316532	0.078985	-0.039412	0.006997
960.956047	0.079735	-0.043956	0.009042
961.556436	0.075581	-0.036403	0.003959
962.124478	0.078052	-0.039093	0.005234
962.731170	0.072634	-0.040454	0.005869
963.352761	0.079368	-0.041934	0.006778
963.953991	0.078871	-0.030797	0.003581
964.524778	0.075751	-0.038403	0.005006
965.006974	0.075872	-0.037868	0.005285
964.395326	0.079405	-0.036384	0.013363
963.778841	0.080936	-0.036490	0.007943
963.164137	0.079305	-0.045636	0.006734
962.588967	0.076129	-0.041715	0.003882
962.011352	0.081281	-0.033692	0.008500
961.445712	0.074009	-0.047626	0.008732
960.835630	0.081281	-0.033482	0.006405
960.238927	0.080056	-0.030754	0.009070
959.659972	0.078698	-0.041278	0.008309
959.051682	0.077507	-0.038755	0.003935
958.406192	0.079319	-0.039643	0.009294
957.815975	0.078474	-0.034496	0.004270
957.240688	0.077762	-0.043568	0.005788
956.619622	0.080843	-0.035616	0.007170
956.013967	0.077743	-0.040140	0.004566
955.409126	0.077728	-0.042693	0.005212
954.791293	0.078828	-0.038566	0.005496
954.211818	0.080981	-0.039104	0.005520
953.598483	0.080125	-0.027766	0.006414
953.001352	0.078081	-0.027894	0.005661
952.407676	0.078986	-0.026629	0.003859
951.859676	0.079826	-0.057024	0.006164
951.227680	0.077476	-0.034166	0.004469
950.631792	0.078176	-0.049921	0.004668
950.028832	0.077330	-0.039809	0.006786
949.447749	0.078002	-0.026377	0.008025
948.867976	0.080330	-0.041608	0.005222
948.280272	0.077291	-0.048412	0.004365
947.675043	0.080758	-0.043845	0.004211
947.030593	0.079717	-0.029031	0.008879
946.450555	0.080857	-0.035281	0.004812
945.834057	0.078429	-0.046327	0.005382
945.208584	0.077373	-0.051981	0.008173
944.625882	0.082339	-0.042252	0.011493
943.991524	0.078587	-0.040200	0.007090
943.424134	0.079297	-0.037757	0.010250
942.788078	0.076988	-0.036784	0.005332
942.212325	0.079311	-0.038091	0.007411
941.587185	0.079094	-0.047301	0.010222
940.999127	0.079010	-0.036525	0.003946
940.430866	0.076976	-0.039281	0.008456
939.861726	0.079639	-0.035690	0.003961
939.253678	0.079227	-0.053300	0.003886
938.653745	0.080146	-0.040247	0.005155
938.067694	0.079561	-0.035220	0.005850
937.451648	0.080239	-0.040666	0.007191
936.858292	0.081524	-0.046725	0.004257
936.228382	0.077040	-0.052743	0.007697
935.629387	0.080373	-0.047090	0.006368
935.039949	0.078910	-0.047989	0.007158
934.414935	0.080928	-0.052505	0.005607
933.790428	0.079428	-0.058853	0.006534
933.225343	0.077557	-0.056345	0.004799
932.644571	0.078936	-0.057244	0.005031
932.024407	0.078020	-0.055535	0.007282
931.391129	0.078908	-0.046986	0.005087
930.771824	0.077691	-0.047801	0.005911
930.165276	0.078227	-0.057206	0.004761
929.594913	0.076957	-0.057939	0.003296
929.008500	0.076732	-0.060658	0.007155
928.393753	0.082183	-0.051116	0.010103
927.792333	0.081756	-0.052433	0.004343
927.185168	0.077516	-0.059364	0.008889
926.550629	0.080921	-0.064629	0.007703
925.936413	0.077464	-0.052206	0.004500
925.363045	0.078067	-0.062151	0.006709
924.738362	0.080173	-0.050230	0.006456
924.158757	0.075966	-0.056045	0.007387
923.572823	0.077560	-0.064084	0.006876
922.981789	0.080762	-0.069188	0.005671
922.387140	0.080756	-0.069220	0.012036
921.784512	0.077933	-0.074544	0.005964
921.159610	0.080159	-0.069843	0.004234
920.564942	0.079225	-0.070782	0.008486
919.915694	0.077152	-0.071459	0.005435
919.333141	0.079591	-0.074832	0.005947
918.710795	0.078055	-0.087603	0.005380
918.070199	0.080154	-0.088192	0.006556
917.511460	0.078691	-0.069808	0.005405
916.940260	0.080241	-0.075956	0.005048
916.354248	0.078225	-0.078842	0.008320
915.803295	0.079277	-0.063260	0.004872
915.194482	0.079210	-0.063251	0.004514
914.556127	0.080775	-0.055989	0.004831
913.944658	0.080121	-0.042384	0.006497
913.357445	0.079265	-0.040912	0.004642
912.745049	0.077633	-0.028032	0.004903
912.146878	0.078806	-0.021557	0.004627
911.586278	0.079700	-0.008219	0.006033
910.963525	0.078708	0.008327	0.004913
910.383828	0.078250	0.004023	0.008626
909.795468	0.078114	0.024777	0.003322
909.170569	0.077247	0.036616	0.010915
908.558682	0.077290	0.040756	0.005969
908.007421	0.079155	0.044169	0.003573
907.403866	0.079143	0.042512	0.004317
906.802444	0.080067	0.035030	0.005157
906.214691	0.078342	0.031934	0.006496
905.601289	0.078973	0.013564	0.007506
905.039134	0.078088	-0.018422	0.005543
904.416662	0.078186	-0.053288	0.005815
903.770283	0.079382	-0.073890	0.004475
903.150210	0.079848	-0.092801	0.010081
902.533862	0.079346	-0.136949	0.007644
901.970643	0.077452	-0.153446	0.007124
901.346795	0.079161	-0.177048	0.006111
900.765309	0.080894	-0.204094	0.009789
900.130785	0.079534	-0.224938	0.006982
899.567352	0.079006	-0.255703	0.008883
898.970618	0.077470	-0.281362	0.010450
898.361089	0.078859	-0.297054	0.005159
897.791678	0.078598	-0.325796	0.005428
897.180962	0.080091	-0.350974	0.009768
896.583496	0.078762	-0.381970	0.004928
895.952818	0.081392	-0.406135	0.005702
895.350859	0.080989	-0.421533	0.004231
894.748651	0.076997	-0.426109	0.004186
894.189149	0.077225	-0.424695	0.006502
893.594592	0.077258	-0.420496	0.005016
892.973712	0.078269	-0.404792	0.004379
892.347132	0.081177	-0.372568	0.003130
891.704057	0.078487	-0.338123	0.012305
891.145648	0.079402	-0.309414	0.007337
890.515453	0.080830	-0.270507	0.006485
889.866110	0.076955	-0.232666	0.004624
889.267030	0.079044	-0.201986	0.006008
888.679800	0.078744	-0.171128	0.011775
888.077451	0.078315	-0.132527	0.003565
887.451136	0.078341	-0.105861	0.004670
886.832709	0.078781	-0.066978	0.006052
886.224234	0.078754	-0.023918	0.005155
885.655884	0.078082	-0.003246	0.003566
885.020953	0.078610	0.044300	0.007498
884.436464	0.080325	0.078390	0.010658
883.814860	0.077855	0.123963	0.007364
883.206493	0.078293	0.126434	0.010425
882.657149	0.078354	0.162926	0.005280
882.042569	0.078362	0.181122	0.007371
881.410288	0.079189	0.194360	0.005147
880.808798	0.079421	0.183515	0.006212
880.229164	0.076996	0.167092	0.006410
879.625303	0.079655	0.172702	0.004111
879.013107	0.078535	0.150745	0.010343
878.433931	0.078097	0.134546	0.004981
877.853879	0.077695	0.124817	0.006978
877.293655	0.076838	0.106136	0.005643
876.703170	0.078528	0.101643	0.006899
876.093414	0.077846	0.077963	0.006268
875.494433	0.077070	0.076905	0.006922
874.910621	0.079648	0.076037	0.010902
874.283563	0.079556	0.057474	0.005149
873.669987	0.078712	0.055425	0.004825
873.094389	0.079379	0.048293	0.006766
872.465081	0.077030	0.030697	0.004781
871.872835	0.077655	0.036745	0.005329
871.287930	0.078177	0.020336	0.004750
870.702913	0.078793	0.015021	0.010904
870.079906	0.079637	0.002752	0.008383
869.519687	0.079747	0.011239	0.006752
868.956540	0.078019	-0.001303	0.006318
868.360346	0.077594	-0.014092	0.004673
867.761761	0.080146	-0.016899	0.004967
867.171655	0.080781	-0.022666	0.005367
866.608635	0.079742	-0.018171	0.004688
865.983939	0.081361	-0.024419	0.006603
865.386306	0.080709	-0.023684	0.006941
864.765267	0.078596	-0.021523	0.006454
864.197917	0.077659	-0.015100	0.006348
863.605652	0.079517	-0.019275	0.003945
862.994885	0.080006	-0.012556	0.006069
862.348179	0.080524	-0.017506	0.004473
861.753336	0.079294	-0.010591	0.009328
861.166233	0.078914	-0.003072	0.006177
860.539151	0.079766	-0.020765	0.004727
859.943900	0.079935	-0.010724	0.005095
859.343495	0.079757	0.001131	0.003764
858.733595	0.077606	-0.008410	0.004407
858.095310	0.079381	-0.001397	0.007406
857.487015	0.077856	-0.010269	0.007066
856.854682	0.079891	-0.008467	0.004691
856.236431	0.078236	0.016266	0.007888
855.665144	0.077868	0.010534	0.007516
855.037288	0.079064	0.004419	0.012376
854.505430	0.076492	0.011337	0.005950
853.900547	0.077104	0.009940	0.004192
853.296192	0.078123	-0.002335	0.005946
852.729429	0.080409	0.009339	0.004658
852.086478	0.078506	0.008451	0.004426
851.459007	0.077090	0.012496	0.010623
850.883075	0.079573	0.014990	0.011413
850.329989	0.080586	0.017032	0.005379
849.750151	0.079648	0.017356	0.005879
849.141365	0.078603	0.021336	0.005612
848.555709	0.079333	0.019422	0.006975
847.935230	0.078078	0.022588	0.006451
847.326349	0.078019	0.019697	0.012826
846.708783	0.079118	0.022890	0.009257
846.126363	0.079081	0.018485	0.006811
845.502510	0.078178	0.013074	0.005227
844.939347	0.079993	0.015234	0.005382
844.335125	0.079387	0.019526	0.004630
843.741314	0.078454	0.012106	0.004767
843.128160	0.079874	0.023697	0.006177
842.509313	0.077862	0.029518	0.003940
841.933604	0.079362	0.022648	0.004196
841.305962	0.079998	0.016793	0.008584
840.681847	0.077312	0.018674	0.005047
840.102193	0.078146	0.028229	0.008334
839.499863	0.078847	0.022751	0.005577
838.931239	0.078102	0.017487	0.005237
838.342377	0.078227	0.023839	0.006121
837.726907	0.079003	0.026819	0.004211
837.132764	0.079263	0.031782	0.005359
836.577653	0.079735	0.026946	0.008488
835.974337	0.079852	0.015013	0.006158
835.340952	0.079004	0.027279	0.007591
834.744410	0.080113	0.026263	0.007833
834.112580	0.080686	0.028136	0.012592
833.547097	0.078943	0.022718	0.005225
832.957579	0.078003	0.022494	0.003235
832.395430	0.078727	0.018924	0.004521
831.766024	0.079457	0.032933	0.004426
831.226511	0.080152	0.024747	0.005365
830.614632	0.079132	0.025839	0.007352
830.018326	0.079636	0.033651	0.009085
829.416116	0.079061	0.024706	0.006745
828.798030	0.078977	0.027968	0.004679
828.224181	0.078316	0.031178	0.006659
827.630071	0.079675	0.028503	0.008461
827.046095	0.079199	0.027076	0.004982
826.401613	0.077903	0.016655	0.005140
825.823168	0.078751	0.039404	0.005390
825.214698	0.080622	0.027777	0.003927
824.606109	0.079046	0.038114	0.006844
823.961459	0.080598	0.037669	0.008278
823.361440	0.079489	0.031616	0.005814
822.761713	0.078486	0.034260	0.003535
822.154771	0.078370	0.028253	0.005606
821.527941	0.079211	0.039991	0.003799
820.877189	0.079040	0.042124	0.006467
820.265308	0.081276	0.038095	0.006435
819.681902	0.081813	0.036039	0.003315
819.020775	0.077092	0.035741	0.006780
818.434107	0.079687	0.037983	0.005754
817.825616	0.079630	0.038809	0.004318
817.281735	0.078470	0.042804	0.005839
816.625057	0.079129	0.025250	0.006181
816.022585	0.078005	0.044024	0.003156
815.380343	0.078587	0.042579	0.005413
814.790666	0.079243	0.048825	0.005985
814.212126	0.078551	0.046579	0.007566
813.604037	0.079359	0.049060	0.005153
812.966070	0.079471	0.044829	0.003520
812.361049	0.079826	0.048057	0.004073
811.792590	0.078464	0.052251	0.007945
811.239014	0.078664	0.064969	0.007233
810.614341	0.079889	0.052669	0.005961
810.033447	0.080036	0.058949	0.010341
809.433865	0.079144	0.065227	0.007968
808.879605	0.080263	0.057744	0.008374
808.254308	0.075736	0.065418	0.005847
807.642151	0.078345	0.073417	0.007476
806.992272	0.079197	0.058436	0.004852
806.425420	0.078132	0.077873	0.005998
805.835112	0.077567	0.076987	0.005981
805.207934	0.079722	0.079818	0.006333
804.571659	0.079336	0.078644	0.005899
803.971881	0.079902	0.086735	0.004438
803.409174	0.079356	0.072019	0.007780
802.807032	0.079194	0.083062	0.004376
802.189227	0.079286	0.079142	0.003050
801.586221	0.078983	0.080484	0.005080
800.943912	0.077875	0.081548	0.004371
800.308440	0.079226	0.089127	0.005337
799.713326	0.080051	0.091114	0.005760
799.084642	0.078838	0.091966	0.007008
798.462130	0.078476	0.096203	0.004383
797.887269	0.079512	0.106604	0.006386
797.293995	0.079499	0.104542	0.009006
796.673829	0.079367	0.096950	0.006366
796.088908	0.077744	0.109254	0.006138
795.492024	0.079497	0.117768	0.008124
794.935660	0.077327	0.124320	0.003708
794.317707	0.078976	0.139710	0.003867
793.704380	0.079061	0.134313	0.003760
793.119453	0.078816	0.138952	0.008446
792.561143	0.079562	0.149027	0.006597
791.951632	0.079958	0.157087	0.005960
791.309911	0.079640	0.165864	0.003196
790.721945	0.080542	0.181155	0.009304
790.093028	0.077826	0.190288	0.003603
789.513804	0.078325	0.185853	0.007070
788.903694	0.080006	0.191764	0.008401
788.256863	0.079915	0.184472	0.005604
787.657150	0.079417	0.156939	0.005414
787.074673	0.079787	0.146824	0.005902
786.463129	0.079325	0.123533	0.010682
785.836400	0.079040	0.083746	0.008487
785.227542	0.079829	0.046824	0.003475
784.655481	0.079295	0.027894	0.008730
784.080637	0.078190	-0.021209	0.005541
783.459286	0.080408	-0.040403	0.005728
782.909650	0.079181	-0.081325	0.005560
782.335040	0.080022	-0.110914	0.003574
781.765025	0.080086	-0.143332	0.005945
781.200353	0.081036	-0.171977	0.010135
780.577496	0.078968	-0.199115	0.003681
779.946405	0.078670	-0.210232	0.005892
779.348904	0.079325	-0.240486	0.004215
778.777027	0.079869	-0.237756	0.005072
778.154528	0.080353	-0.239928	0.003873
777.554701	0.079106	-0.229090	0.007839
776.980658	0.079149	-0.189028	0.006681
776.402722	0.079829	-0.173248	0.006263
775.798792	0.075896	-0.128236	0.004408
775.207250	0.078612	-0.085888	0.005149
774.615986	0.078727	-0.057771	0.010741
774.002734	0.078657	-0.013815	0.008064
773.454619	0.078661	0.032315	0.003945
772.842134	0.080473	0.071307	0.009813
772.231480	0.079590	0.120434	0.012673
771.657684	0.078015	0.164975	0.007402
771.026945	0.079968	0.193380	0.010200
770.461991	0.079066	0.218125	0.009407
769.828028	0.079640	0.253566	0.005340
769.249308	0.079410	0.272802	0.004815
768.630803	0.079476	0.268080	0.006066
768.077259	0.079893	0.261645	0.011992
767.447033	0.079773	0.238816	0.003684
766.816600	0.080502	0.212900	0.005933
766.231788	0.078928	0.179031	0.010436
765.635112	0.079988	0.133402	0.007681
765.056841	0.077365	0.094166	0.004567
764.459500	0.079979	0.063254	0.006751
763.847234	0.079787	0.022366	0.006323
763.258397	0.078938	-0.012035	0.005677
762.696147	0.078958	-0.053741	0.007136
762.082034	0.079721	-0.077176	0.004770
761.469464	0.078264	-0.117185	0.006404
760.850325	0.077732	-0.149618	0.006689
760.250428	0.078483	-0.180726	0.003911
759.681647	0.079689	-0.225061	0.005737
759.073600	0.079074	-0.247118	0.004433
758.497515	0.080073	-0.280066	0.005051
757.903655	0.079994	-0.305773	0.005347
757.319464	0.079638	-0.329579	0.004056
756.677571	0.078213	-0.348481	0.005524
756.054136	0.079139	-0.361465	0.006514
755.436022	0.077677	-0.354166	0.004027
754.835787	0.079432	-0.345572	0.003909
754.281761	0.078927	-0.335214	0.006740
753.673808	0.079459	-0.289830	0.005670
753.068437	0.078677	-0.274864	0.012271
752.432288	0.078806	-0.256681	0.004559
751.822151	0.079685	-0.217658	0.007110
751.245690	0.078251	-0.197978	0.003550
750.673848	0.078053	-0.174824	0.005533
750.061873	0.079412	-0.154160	0.003288
749.444870	0.078873	-0.123525	0.003640
748.882655	0.080261	-0.115617	0.005057
748.276793	0.080089	-0.087780	0.004639
747.655789	0.080735	-0.064936	0.004982
747.079842	0.079750	-0.035799	0.004126
746.517501	0.079095	-0.018786	0.007162
745.956152	0.079552	-0.002069	0.005239
745.352092	0.079775	0.017383	0.006484
744.731171	0.080578	0.044598	0.004962
744.132145	0.080061	0.051551	0.003455
743.571591	0.079568	0.058140	0.005450
742.968925	0.081518	0.059939	0.005939
742.337517	0.078758	0.051476	0.009848
741.757337	0.077806	0.064883	0.008855
741.190118	0.079291	0.055577	0.003731
740.634271	0.078581	0.038815	0.006226
740.027761	0.077320	0.048280	0.006143
739.412691	0.079159	0.032719	0.003805
738.810622	0.079986	0.018525	0.009355
738.246463	0.079116	0.023589	0.004673
737.694098	0.079155	0.005463	0.003951
737.093196	0.079905	0.006553	0.004693
736.483511	0.078044	0.003918	0.005916
735.853338	0.080028	0.012354	0.006088
735.289992	0.078014	0.008384	0.007596
734.662570	0.079235	0.003834	0.007136
734.056022	0.080726	-0.008253	0.007591
733.470005	0.079209	-0.000220	0.006341
732.831276	0.079488	0.005609	0.005352
732.252913	0.079564	-0.005057	0.004682
731.644899	0.078697	-0.005219	0.005192
730.995573	0.078071	-0.001162	0.003985
730.389348	0.080062	-0.010988	0.004974
729.800135	0.079726	-0.021365	0.004673
729.185684	0.078517	-0.017001	0.006847
728.560973	0.079748	-0.007592	0.009802
727.974431	0.078937	-0.006193	0.005091
727.325839	0.081129	-0.016376	0.004971
726.748589	0.080073	-0.010167	0.005868
726.120073	0.078158	-0.016639	0.003456
725.476720	0.079531	-0.016286	0.005301
724.884088	0.077568	-0.014181	0.004637
724.292232	0.080091	-0.020860	0.005714
723.664427	0.078766	-0.020056	0.004540
723.058842	0.078366	-0.025374	0.004179
722.427059	0.079030	-0.025242	0.006061
721.821100	0.076408	-0.017541	0.006858
721.239305	0.079505	-0.013432	0.005346
720.635370	0.079176	-0.022176	0.009771
720.034267	0.079291	-0.032127	0.006755
719.414874	0.078772	-0.020881	0.005502
718.812369	0.078535	-0.026686	0.004876
718.236490	0.080030	-0.032726	0.004931
717.629087	0.080034	-0.028826	0.003389
717.041920	0.080170	-0.027222	0.003618
716.435684	0.079795	-0.027740	0.004403
715.855472	0.078129	-0.029301	0.006616
715.202746	0.078458	-0.026713	0.004735
714.612294	0.078778	-0.023758	0.004903
713.978741	0.079563	-0.031484	0.005175
713.372760	0.079341	-0.021314	0.004295
712.802733	0.080586	-0.019763	0.004303
712.195681	0.078815	-0.021585	0.007270
711.549115	0.078109	-0.020744	0.007794
710.922951	0.080014	-0.036664	0.007820
710.358903	0.077759	-0.018883	0.007481
709.741464	0.078204	-0.027784	0.007658
709.124603	0.079569	-0.035295	0.005833
708.538579	0.079063	-0.030239	0.006560
707.920237	0.079089	-0.026094	0.005270
707.367505	0.078935	-0.032388	0.009905
706.760850	0.080416	-0.021528	0.004431
706.150002	0.078697	-0.026026	0.005249
705.488269	0.080512	-0.032551	0.003826
704.903231	0.082565	-0.025646	0.004989
704.294045	0.079853	-0.023389	0.006790
703.657226	0.077788	-0.025815	0.004995
703.062296	0.078856	-0.031329	0.005617
702.492141	0.077289	-0.025025	0.003898
701.928444	0.079392	-0.031332	0.003864
701.300304	0.079748	-0.029091	0.003870
700.695059	0.077827	-0.038095	0.003971
700.097408	0.078017	-0.031631	0.006800
699.480852	0.078589	-0.033748	0.004482
698.903479	0.079471	-0.032253	0.005205
698.353991	0.080856	-0.025247	0.006581
697.768377	0.078360	-0.027005	0.007370
697.165215	0.077290	-0.023644	0.004160
696.618715	0.078934	-0.024217	0.005077
696.025693	0.079644	-0.013229	0.003351
695.407776	0.082352	-0.012876	0.004764
694.791779	0.079321	-0.011976	0.005099
694.175500	0.078412	0.000471	0.007344
693.596868	0.080148	0.005464	0.003744
692.999493	0.079672	0.011836	0.004569
692.390281	0.079232	0.035208	0.002860
691.759220	0.078121	0.049579	0.006208
691.170625	0.080825	0.062123	0.005403
690.583719	0.078588	0.072935	0.011153
689.984756	0.080608	0.095443	0.005559
689.416494	0.076581	0.085665	0.005463
688.780716	0.077056	0.112889	0.008571
688.211062	0.077880	0.111528	0.006116
687.617713	0.079779	0.094343	0.004280
686.997436	0.078519	0.077787	0.004083
686.402079	0.079001	0.049904	0.007792
685.842674	0.077402	0.038283	0.003383
685.248874	0.081386	-0.002761	0.004156
684.627386	0.079030	-0.049441	0.007725
683.992515	0.078715	-0.082724	0.005382
683.403471	0.080914	-0.118943	0.009660
682.825870	0.080920	-0.145549	0.008136
682.183753	0.076519	-0.179682	0.006720
681.594802	0.077104	-0.213313	0.004808
680.992668	0.078904	-0.241895	0.011545
680.427581	0.076997	-0.280778	0.003327
679.812395	0.082413	-0.305798	0.004715
679.188003	0.079173	-0.327621	0.004572
678.581493	0.077568	-0.338611	0.005225
677.963656	0.075969	-0.358022	0.005649
677.408390	0.079397	-0.346059	0.008130
676.790166	0.077422	-0.335620	0.005965
676.203969	0.079288	-0.320646	0.006822
675.566905	0.079447	-0.280013	0.008338
674.950731	0.079358	-0.255659	0.004505
674.300754	0.078780	-0.203542	0.005491
673.682013	0.078035	-0.158114	0.005743
673.035535	0.078145	-0.126209	0.006999
672.422991	0.078176	-0.084444	0.004587
671.772421	0.076024	-0.023911	0.016526
671.212564	0.078632	0.011120	0.006450
670.596990	0.078384	0.053335	0.006450
669.955911	0.078464	0.081142	0.004890
669.286367	0.082325	0.137039	0.003642
668.619840	0.081755	0.161986	0.004599
667.964421	0.077925	0.178161	0.004001
667.393162	0.078666	0.194821	0.004720
666.762993	0.077971	0.189221	0.004068
666.114460	0.080981	0.180957	0.007999
665.460220	0.078625	0.166422	0.003890
664.805063	0.078785	0.138957	0.006449
664.251324	0.077042	0.125284	0.003875
663.592866	0.080785	0.107681	0.004897
662.962382	0.077501	0.092411	0.004743
662.294342	0.077667	0.083046	0.003677
661.618914	0.077433	0.061849	0.005497
660.995470	0.078812	0.039187	0.005234
660.398667	0.075114	0.037768	0.005358
659.795603	0.079705	0.033950	0.004994
659.137961	0.078029	0.017276	0.005425
658.481540	0.078954	0.008866	0.005044
657.818731	0.081343	0.000366	0.005223
657.213734	0.080060	-0.016656	0.002885
656.629506	0.076987	-0.015521	0.005207
655.981255	0.077283	-0.030793	0.003966
655.332554	0.080012	-0.035901	0.006241
654.661723	0.078816	-0.042557	0.006842
654.082889	0.078762	-0.041050	0.004456
653.458444	0.078937	-0.039729	0.003707
652.802556	0.080173	-0.037775	0.010661
652.132632	0.081398	-0.037864	0.006551
651.488238	0.079448	-0.026180	0.003374
650.883955	0.082306	-0.022656	0.003422
650.243464	0.077243	-0.031276	0.004350
649.648073	0.076724	-0.023448	0.004165
648.992848	0.079722	-0.033386	0.005692
648.328405	0.079043	-0.013233	0.006945
647.673309	0.077152	-0.016994	0.005853
647.101622	0.082175	-0.019900	0.005202
646.441826	0.081051	-0.019844	0.004710
645.793548	0.079022	-0.001424	0.007127
645.112812	0.079733	-0.005759	0.006660
644.456233	0.079971	-0.008760	0.006085
643.904837	0.080014	-0.002309	0.008821
643.262657	0.075764	-0.006070	0.006450
642.644218	0.078060	-0.000544	0.004073
641.996889	0.080724	-0.009353	0.006299
641.445102	0.077606	-0.001641	0.004919
640.823387	0.079132	-0.000245	0.004207
640.280705	0.080987	0.003251	0.006858
639.687465	0.078175	-0.005285	0.003714
639.065420	0.080736	0.002214	0.005488
638.507498	0.079726	0.005341	0.007495
637.862812	0.079214	0.011329	0.003707
637.271892	0.078868	-0.000164	0.007905
636.654320	0.082197	-0.000442	0.005493
635.998988	0.081904	-0.000764	0.005175
635.404534	0.078147	0.006329	0.004411
635.108580	0.078425	-0.009673	0.011548
635.760090	0.080032	-0.001669	0.013121
636.380294	0.080751	0.010852	0.006116
636.983977	0.077601	0.004650	0.010459
637.602399	0.081883	0.005847	0.003839
638.194666	0.080727	0.000593	0.004737
638.799002	0.076340	0.001372	0.004634
639.436716	0.080603	-0.010498	0.007405
640.084296	0.082617	0.011692	0.005886
640.662995	0.078765	-0.001804	0.006610
641.244832	0.079902	0.003751	0.006504
641.855969	0.080340	0.000495	0.003860
642.478655	0.080182	-0.001171	0.004158
643.117977	0.079718	-0.003687	0.005298
643.677586	0.079833	-0.001820	0.005955
644.296515	0.079872	-0.010049	0.006257
644.912136	0.078819	-0.002400	0.006271
645.524367	0.076791	-0.010083	0.007265
646.123846	0.080507	-0.004175	0.004642
646.670280	0.080046	-0.015734	0.010637
647.302314	0.078897	-0.026169	0.007761
647.916727	0.079103	-0.024386	0.005918
648.492073	0.080309	-0.017892	0.005915
649.068783	0.077176	-0.026256	0.004171
649.671728	0.081725	-0.021869	0.008154
650.278169	0.082837	-0.025951	0.004785
650.883154	0.079555	-0.035979	0.006252
651.541075	0.078948	-0.038890	0.005856
652.125327	0.077511	-0.033587	0.006323
652.710233	0.078655	-0.034302	0.006060
653.346835	0.079700	-0.036813	0.008206
653.959896	0.080958	-0.035783	0.006525
654.560350	0.077960	-0.039639	0.007209
655.143729	0.078370	-0.052169	0.006286
655.770046	0.080014	-0.037131	0.003219
656.361014	0.078092	-0.027715	0.007334
656.932129	0.081958	-0.020460	0.005057
657.501573	0.080343	-0.015835	0.007483
658.138101	0.079762	-0.000204	0.005048
658.767458	0.080678	0.014687	0.008390
659.342423	0.080305	0.015444	0.007279
659.982414	0.079680	0.024043	0.005053
660.530053	0.080385	0.024284	0.012009
661.131033	0.082107	0.044671	0.006934
661.741266	0.077695	0.056375	0.005635
662.367560	0.078915	0.068045	0.006422
662.933572	0.077101	0.079179	0.011080
663.512645	0.079068	0.100603	0.003786
664.119578	0.076141	0.112716	0.003412
664.720320	0.077264	0.137837	0.006086
665.303524	0.080046	0.152751	0.004050
665.855658	0.078365	0.175584	0.005469
666.480047	0.078150	0.179159	0.004374
667.055573	0.077106	0.195941	0.004362
667.660398	0.077996	0.191792	0.003921
668.221257	0.077515	0.178062	0.003279
668.827578	0.079343	0.158498	0.005184
669.431720	0.079884	0.140107	0.005880
670.053300	0.076801	0.106656	0.005659
670.631849	0.081019	0.062772	0.006698
671.200291	0.078674	0.020299	0.009836
671.846964	0.078170	-0.007778	0.004314
672.448193	0.077756	-0.062733	0.005702
673.048196	0.078148	-0.093837	0.006338
673.639984	0.079956	-0.140011	0.005374
674.251967	0.080580	-0.187996	0.005143
674.858602	0.077870	-0.220284	0.005874
675.458150	0.077630	-0.257245	0.005291
676.119374	0.079978	-0.299559	0.003235
676.690924	0.077079	-0.324452	0.003493
677.281139	0.078051	-0.350217	0.004519
677.926023	0.077057	-0.346906	0.004463
678.545709	0.076322	-0.349531	0.006173
679.136889	0.080421	-0.338613	0.007360
679.738143	0.078170	-0.321580	0.004309
680.361104	0.082241	-0.292317	0.003743
680.959288	0.081758	-0.254876	0.005997
681.551515	0.080089	-0.235899	0.003836
682.095759	0.077330	-0.201797	0.005447
682.715124	0.077793	-0.179694	0.009047
683.315392	0.077867	-0.143123	0.005678
683.942936	0.080812	-0.101739	0.004769
684.566630	0.079261	-0.064317	0.006214
685.143678	0.078095	-0.031047	0.010790
685.721622	0.078669	0.005055	0.007476
686.302302	0.079491	0.040868	0.009534
686.949376	0.079214	0.066036	0.005473
687.519774	0.077727	0.090520	0.010421
688.145531	0.077003	0.101705	0.008010
688.768006	0.074611	0.108658	0.008216
689.385386	0.076583	0.101095	0.005312
689.998090	0.079374	0.087672	0.004600
690.590380	0.077820	0.092560	0.004344
691.199286	0.079834	0.070785	0.003813
691.821998	0.080351	0.049375	0.008408
692.422848	0.079293	0.030257	0.004442
692.987922	0.080834	0.016493	0.006441
693.619888	0.079688	0.002868	0.004544
694.254709	0.079113	0.000552	0.005665
694.884123	0.080113	-0.002117	0.005141
695.464901	0.080304	-0.018185	0.005601
696.029208	0.078601	-0.019663	0.005110
696.672468	0.080250	-0.027796	0.004125
697.263182	0.078110	-0.025797	0.009902
697.900989	0.080328	-0.031352	0.006372
698.514507	0.079071	-0.032243	0.006269
699.086945	0.078505	-0.028804	0.004645
699.663338	0.079519	-0.025480	0.003312
700.261494	0.075981	-0.019931	0.007267
700.912977	0.081638	-0.020389	0.008180
701.486343	0.078106	-0.023769	0.005292
702.123391	0.081528	-0.029855	0.003671
702.718406	0.080844	-0.024139	0.004168
703.325178	0.082086	-0.025984	0.004762
703.846986	0.078129	-0.031253	0.006800
704.425373	0.077745	-0.030580	0.005304
705.073468	0.081361	-0.019138	0.007727
705.680532	0.080247	-0.031768	0.003649
706.277801	0.080848	-0.023445	0.004996
706.831079	0.078067	-0.036223	0.008886
707.436566	0.079385	-0.024285	0.003863
708.057311	0.078210	-0.024702	0.004731
708.624729	0.079703	-0.026245	0.004185
709.208179	0.080938	-0.029051	0.007898
709.761007	0.079950	-0.026807	0.004149
710.379381	0.077878	-0.020354	0.005827
711.004893	0.076044	-0.021243	0.005514
711.616646	0.079182	-0.031811	0.006005
712.177742	0.079942	-0.027564	0.003091
712.806832	0.080960	-0.024503	0.005038
713.426039	0.079411	-0.027286	0.007031
714.053937	0.077821	-0.015192	0.004883
714.706973	0.077557	-0.033485	0.006556
715.285111	0.079240	-0.025483	0.007364
715.941196	0.079407	-0.022853	0.006965
716.529710	0.079289	-0.015607	0.011544
717.122417	0.079366	-0.024391	0.003524
717.766120	0.079298	-0.028414	0.005660
718.342108	0.079320	-0.026769	0.004851
718.960316	0.078201	-0.033809	0.006250
719.541263	0.079170	-0.018359	0.004209
720.172589	0.077877	-0.023933	0.003586
720.742407	0.081340	-0.019835	0.003912
721.309113	0.079831	-0.016650	0.004052
721.889463	0.078860	-0.015294	0.003815
722.492663	0.081833	-0.016008	0.006856
723.116355	0.079521	-0.013641	0.007708
723.688380	0.078888	-0.019291	0.003496
724.266654	0.078958	-0.021098	0.004309
724.844951	0.079358	-0.017964	0.004269
725.470904	0.079309	-0.023046	0.003910
726.040836	0.078814	-0.018066	0.004991
726.653991	0.080217	-0.013379	0.003871
727.295373	0.080880	-0.018554	0.009566
727.878416	0.078871	-0.025292	0.004040
728.469295	0.079525	-0.011173	0.004713
729.037114	0.079412	-0.009441	0.007535
729.661467	0.078787	-0.011198	0.006189
730.287000	0.079328	-0.004629	0.003946
730.887571	0.078734	-0.001268	0.004708
731.459661	0.078051	-0.008833	0.003444
732.087218	0.079256	-0.004691	0.003580
732.681247	0.077951	-0.001598	0.003546
733.263226	0.079083	0.005764	0.004364
733.899318	0.079925	-0.005993	0.006956
734.466446	0.082083	0.001934	0.004449
735.088915	0.078453	0.007061	0.005283
735.724107	0.078754	0.002059	0.006496
736.316027	0.078476	0.015651	0.004326
736.911488	0.078021	0.005716	0.003940
737.560722	0.080876	0.010853	0.005868
738.171167	0.078377	0.023757	0.005166
738.800027	0.078161	0.028855	0.004715
739.408794	0.077950	0.031326	0.003256
739.997931	0.078307	0.039619	0.005605
740.568385	0.078773	0.029277	0.007145
741.184960	0.078865	0.040252	0.007420
741.775538	0.078710	0.056252	0.006715
742.396682	0.079508	0.059508	0.006446
742.993796	0.079650	0.062778	0.005617
743.612860	0.080082	0.053109	0.007701
744.229597	0.078840	0.051251	0.003733
744.868032	0.081160	0.035813	0.004331
745.440023	0.078268	0.024308	0.006426
746.051473	0.078466	-0.003557	0.006764
746.633106	0.076959	-0.009190	0.003871
747.250968	0.079027	-0.032976	0.007533
747.862316	0.079359	-0.058184	0.011545
748.431765	0.079147	-0.089156	0.004860
748.998779	0.078362	-0.101209	0.006111
749.619445	0.079568	-0.138345	0.007053
750.214810	0.079001	-0.150303	0.005649
750.793368	0.078300	-0.175109	0.007306
751.365550	0.079439	-0.200198	0.008550
751.963071	0.078975	-0.219399	0.005533
752.550038	0.078213	-0.249951	0.004556
753.118093	0.078646	-0.280035	0.006793
753.700334	0.079222	-0.298343	0.007294
754.307749	0.079240	-0.330743	0.004426
754.887023	0.079214	-0.335592	0.004055
755.506432	0.080049	-0.361560	0.007207
756.082077	0.079721	-0.372954	0.006258
756.691502	0.079531	-0.350980	0.004777
757.269481	0.080895	-0.352099	0.005340
757.907712	0.080283	-0.321061	0.003883
758.520681	0.079752	-0.296268	0.004223
759.113857	0.080086	-0.262385	0.004794
759.725359	0.079138	-0.231582	0.006628
760.300160	0.078956	-0.194279	0.006881
760.922044	0.078900	-0.162514	0.005643
761.508318	0.078733	-0.123294	0.009614
762.079792	0.080555	-0.092347	0.004337
762.718710	0.079415	-0.058826	0.005243
763.299729	0.079203	-0.029926	0.005486
763.875922	0.079050	0.002143	0.005253
764.422311	0.077010	0.045526	0.009218
765.024724	0.076996	0.063649	0.010551
765.643763	0.078214	0.115150	0.006547
766.257398	0.078884	0.159565	0.009215
766.913319	0.079621	0.202559	0.006753
767.490728	0.080421	0.226730	0.005078
768.089040	0.080609	0.254637	0.005568
768.722497	0.079332	0.266480	0.004033
769.330770	0.081666	0.280405	0.009650
769.906743	0.079232	0.267563	0.006473
770.467501	0.078894	0.248725	0.007675
771.058588	0.078600	0.210239	0.008416
771.678283	0.079249	0.175186	0.006644
772.289489	0.079789	0.137409	0.008867
772.842710	0.080050	0.084787	0.005190
773.460287	0.078827	0.049442	0.010316
774.097625	0.078419	0.000619	0.007135
774.700398	0.079258	-0.053590	0.004507
775.260193	0.079006	-0.075360	0.005870
775.848796	0.076422	-0.108765	0.007041
776.471290	0.080537	-0.154271	0.006338
777.068476	0.079082	-0.195490	0.003716
777.655020	0.078092	-0.219649	0.006338
778.228264	0.079511	-0.234294	0.005633
778.859442	0.079076	-0.252004	0.009127
779.461958	0.078940	-0.242802	0.005279
780.142656	0.079546	-0.217923	0.004696
780.762092	0.079322	-0.208724	0.006522
781.328607	0.079279	-0.177221	0.005173
781.928432	0.078100	-0.137333	0.004910
782.546863	0.079884	-0.118104	0.009569
783.127480	0.079953	-0.080054	0.003936
783.710729	0.080557	-0.048681	0.006525
784.319134	0.079348	-0.012249	0.004876
784.921273	0.079455	0.013968	0.007332
785.539524	0.079039	0.045730	0.012623
786.156138	0.079781	0.095695	0.005072
786.712765	0.079433	0.125305	0.004743
787.301016	0.080570	0.146291	0.004426
787.901674	0.079703	0.159484	0.004088
788.535010	0.079136	0.175343	0.005986
789.110511	0.079771	0.188610	0.009909
789.729662	0.079283	0.184969	0.008041
790.303112	0.079053	0.185738	0.003477
790.914463	0.078056	0.189079	0.005647
791.527125	0.080087	0.172452	0.005998
792.107786	0.079106	0.168085	0.006367
792.711746	0.079243	0.154615	0.006591
793.346828	0.080451	0.137309	0.009424
793.951388	0.079678	0.135964	0.003943
794.524537	0.080212	0.135740	0.005557
795.173890	0.079366	0.122609	0.004186
795.755717	0.079396	0.104444	0.004289
796.340712	0.078416	0.110049	0.004136
796.972682	0.079100	0.108653	0.004213
797.538098	0.078665	0.097958	0.003258
798.168263	0.079875	0.093796	0.006690
798.753409	0.081022	0.097603	0.003726
799.388371	0.079054	0.091734	0.004655
800.016024	0.079762	0.096671	0.003722
800.575943	0.079777	0.090483	0.004483
801.241406	0.079203	0.083291	0.004194
801.865675	0.078328	0.094598	0.003608
802.438148	0.079412	0.076221	0.003941
802.992091	0.078861	0.080140	0.005172
803.599265	0.078749	0.076504	0.006327
804.220595	0.079195	0.087798	0.009182
804.829356	0.078574	0.088161	0.005219
805.455227	0.080419	0.076681	0.004162
806.015998	0.080167	0.081018	0.004862
806.639678	0.079123	0.070925	0.005092
807.222848	0.078807	0.073531	0.010232
807.861545	0.080210	0.072729	0.003971
808.443288	0.077478	0.071349	0.003803
809.043039	0.079621	0.054318	0.004534
809.662563	0.080513	0.058545	0.005643
810.289488	0.078830	0.052504	0.011042
810.934046	0.078759	0.047515	0.004182
811.495775	0.079071	0.052350	0.004117
812.034113	0.078718	0.043857	0.007162
812.626111	0.079618	0.053282	0.003682
813.204145	0.079871	0.043540	0.008738
813.797084	0.079111	0.042809	0.004547
814.452460	0.080410	0.049907	0.006148
815.066893	0.078591	0.046805	0.005766
815.625794	0.078383	0.049556	0.013787
816.199222	0.079860	0.031654	0.004297
816.758854	0.078171	0.039179	0.004843
817.383057	0.078002	0.034756	0.006297
817.980048	0.078862	0.044813	0.007707
818.613321	0.078926	0.045107	0.004900
819.210988	0.078841	0.035277	0.005858
819.799067	0.079262	0.032796	0.006407
820.450429	0.080741	0.036406	0.005355
821.057981	0.078200	0.024153	0.004747
821.694174	0.078417	0.032573	0.005444
822.244206	0.079423	0.034529	0.007842
822.851172	0.078407	0.029502	0.008677
823.464944	0.077998	0.023506	0.004881
824.048484	0.078456	0.028233	0.010332
824.681657	0.079100	0.025129	0.006297
825.250489	0.078816	0.023169	0.008413
825.852471	0.079370	0.026564	0.005478
826.449962	0.078562	0.023176	0.007020
827.092549	0.079708	0.027184	0.012743
827.671157	0.080148	0.032012	0.004575
828.273640	0.080235	0.021264	0.006131
828.890206	0.078328	0.024335	0.006265
829.512268	0.079817	0.026153	0.004583
830.082636	0.080276	0.037020	0.014397
830.649736	0.078616	0.029942	0.009905
831.271883	0.079572	0.030398	0.003752
831.870544	0.079706	0.034905	0.004319
832.464089	0.079345	0.020044	0.006442
833.057940	0.079021	0.028756	0.006116
833.704114	0.079890	0.027350	0.007813
834.331815	0.077302	0.025910	0.005945
834.958369	0.079493	0.028156	0.003307
835.559728	0.078814	0.022858	0.007372
836.175980	0.080366	0.035184	0.004702
836.835571	0.078669	0.019482	0.006996
837.431719	0.079653	0.014145	0.007082
838.043322	0.079450	0.029415	0.004804
838.629883	0.078469	0.023512	0.006044
839.207810	0.078800	0.007527	0.005049
839.847849	0.079019	0.023621	0.006192
840.462021	0.078743	0.018337	0.004927
841.073267	0.078170	0.015943	0.004487
841.627514	0.080061	0.021270	0.009478
842.239731	0.078389	0.014517	0.005023
842.837207	0.079074	0.022751	0.008427
843.456705	0.078952	0.025084	0.011289
844.044989	0.079713	0.019578	0.006480
844.619401	0.078099	0.011138	0.009266
845.249796	0.079215	0.019718	0.006128
845.867778	0.078684	0.017432	0.003565
846.455695	0.077808	0.018806	0.007152
847.024776	0.079203	0.014660	0.003423
847.647631	0.079481	0.006378	0.007319
848.232449	0.079485	0.029445	0.003983
848.807331	0.079282	0.009590	0.004477
849.415798	0.079443	0.013246	0.006126
849.993112	0.078286	0.025816	0.005779
850.611581	0.078432	0.012500	0.007079
851.223675	0.077446	0.019433	0.009524
851.849263	0.079926	0.002168	0.010219
852.443738	0.079711	0.011381	0.003770
853.039793	0.079272	0.008254	0.004714
853.689187	0.078190	-0.003490	0.009138
854.291847	0.077847	0.007259	0.004003
854.854506	0.076975	0.001433	0.003274
855.435332	0.077872	-0.003741	0.005750
856.037992	0.078791	0.004650	0.005052
856.656388	0.079054	0.001039	0.007580
857.273941	0.078183	-0.007159	0.008410
857.850141	0.077582	-0.006584	0.005703
858.450009	0.081732	0.009168	0.007995
859.063798	0.079227	-0.000882	0.007356
859.649554	0.079358	-0.005459	0.006298
860.228623	0.078865	-0.000935	0.008900
860.792538	0.078820	0.000192	0.003238
861.409963	0.079855	-0.000172	0.003796
862.031155	0.078180	-0.021499	0.006900
862.657383	0.080209	-0.016387	0.009329
863.279129	0.077504	-0.007309	0.004035
863.851902	0.080339	-0.015046	0.006089
864.474505	0.080376	-0.016283	0.008553
865.117786	0.078380	-0.013862	0.005286
865.675402	0.079121	-0.023274	0.006412
866.253171	0.078548	-0.020632	0.006583
866.904187	0.076472	-0.013759	0.005787
867.494565	0.079213	-0.021923	0.005637
868.133286	0.078186	-0.002782	0.013850
868.764842	0.080340	-0.009926	0.005078
869.347511	0.078740	-0.008886	0.005529
869.920103	0.079725	0.004277	0.007856
870.539706	0.078665	0.006534	0.007457
871.167309	0.078888	0.023966	0.006592
871.754382	0.077906	0.032156	0.003904
872.320950	0.077760	0.037187	0.007365
872.950704	0.077678	0.034019	0.009859
873.556856	0.080696	0.043031	0.004474
874.207664	0.080506	0.051684	0.005789
874.800193	0.079522	0.061633	0.003533
875.382527	0.078947	0.067463	0.006198
876.031355	0.079655	0.074150	0.004437
876.616211	0.079606	0.092796	0.008172
877.198404	0.078586	0.097062	0.010122
877.846280	0.077242	0.119693	0.005741
878.455718	0.079484	0.143282	0.009075
879.061201	0.079136	0.144608	0.011275
879.682379	0.078205	0.155666	0.004551
880.288914	0.079535	0.187505	0.005834
880.876254	0.080495	0.188362	0.012253
881.476177	0.079857	0.189732	0.003746
882.097907	0.079495	0.185079	0.005037
882.708425	0.076740	0.168341	0.007387
883.248974	0.078580	0.139409	0.008698
883.885014	0.078993	0.116536	0.007851
884.533866	0.079586	0.089401	0.009052
885.131810	0.079335	0.054145	0.004569
885.706428	0.079216	0.023833	0.005746
886.304272	0.079507	-0.020759	0.003804
886.940653	0.079286	-0.052938	0.003557
887.556307	0.078384	-0.097993	0.009329
888.182052	0.078934	-0.129661	0.007397
888.743115	0.077325	-0.154184	0.004676
889.356336	0.080040	-0.184705	0.004766
889.934484	0.077358	-0.228978	0.004755
890.540349	0.081838	-0.263865	0.007647
891.106364	0.078901	-0.306635	0.005722
891.735067	0.078322	-0.328614	0.010838
892.285245	0.076926	-0.360961	0.007246
892.908746	0.078820	-0.397883	0.003690
893.500979	0.077041	-0.401488	0.003526
894.060551	0.079692	-0.420434	0.007760
894.644354	0.077248	-0.425828	0.006199
895.271173	0.081067	-0.417208	0.004435
895.876137	0.079884	-0.408070	0.004056
896.465484	0.080163	-0.392906	0.008130
897.089179	0.080555	-0.375453	0.007587
897.699381	0.079985	-0.351970	0.005723
898.270762	0.077605	-0.322117	0.005731
898.907668	0.079204	-0.288667	0.009224
899.471121	0.079073	-0.277048	0.005611
900.091539	0.081079	-0.244965	0.004705
900.714903	0.079877	-0.213816	0.003525
901.333263	0.081696	-0.193415	0.003253
901.972539	0.077324	-0.163255	0.008403
902.542764	0.080043	-0.152239	0.010193
903.150524	0.079284	-0.108472	0.003430
903.756995	0.078967	-0.086812	0.005937
904.385697	0.077684	-0.061982	0.006178
904.964359	0.078825	-0.030862	0.005153
905.590218	0.080466	-0.007577	0.003299
906.174336	0.079378	0.011908	0.007147
906.763178	0.080540	0.034741	0.005376
907.371719	0.078836	0.029872	0.006151
907.927257	0.079937	0.051746	0.006506
908.511760	0.079539	0.028251	0.005917
909.152139	0.078536	0.031554	0.004373
909.786709	0.078732	0.032678	0.005112
910.372611	0.078329	0.004352	0.007267
910.954468	0.079422	0.004936	0.004229
911.516182	0.078062	-0.005819	0.005964
912.117247	0.079763	-0.018372	0.007897
912.718504	0.078914	-0.029427	0.006865
913.285882	0.078989	-0.032635	0.005735
913.886372	0.078389	-0.044475	0.008327
914.497873	0.078853	-0.049972	0.006639
915.117741	0.081752	-0.049484	0.007005
915.694750	0.079652	-0.071538	0.008270
916.271538	0.080462	-0.074839	0.009246
916.867159	0.080036	-0.075796	0.004479
917.505591	0.079903	-0.075267	0.007124
918.071773	0.079363	-0.071855	0.006259
918.647612	0.078169	-0.079102	0.007823
919.220254	0.081497	-0.077056	0.005906
919.779558	0.078820	-0.074865	0.003594
920.445701	0.080193	-0.078827	0.007981
921.050552	0.079528	-0.075063	0.008599
921.643934	0.079282	-0.074261	0.004487
922.245160	0.079394	-0.059418	0.011880
922.883203	0.079137	-0.076479	0.009115
923.497833	0.079505	-0.060340	0.004962
924.065180	0.079352	-0.064509	0.003954
924.716511	0.077818	-0.066421	0.004280
925.329532	0.081191	-0.065244	0.007296
925.915461	0.080867	-0.058426	0.007137
926.514202	0.080196	-0.069704	0.005942
927.082876	0.077962	-0.054874	0.007925
927.653690	0.079107	-0.053559	0.008607
928.271949	0.077481	-0.055161	0.006988
928.901436	0.076784	-0.060936	0.005686
929.502692	0.078460	-0.063313	0.019542
930.106043	0.080176	-0.062613	0.004036
930.740499	0.079717	-0.052435	0.004356
931.317525	0.078371	-0.051747	0.005213
931.954504	0.080933	-0.057555	0.006229
932.584643	0.079726	-0.051013	0.006540
933.175988	0.078718	-0.044350	0.006428
933.805198	0.080887	-0.044148	0.007149
934.421876	0.078767	-0.050007	0.007588
934.976323	0.078331	-0.041399	0.004169
935.608235	0.077353	-0.051847	0.007880
936.227817	0.080617	-0.048398	0.004032
936.822312	0.077469	-0.035091	0.004460
937.459034	0.079965	-0.042466	0.006187
938.017634	0.079978	-0.045483	0.004972
938.610976	0.079599	-0.059735	0.007477
939.178845	0.079641	-0.046001	0.005903
939.782303	0.075828	-0.037808	0.007429
940.353604	0.076859	-0.045114	0.009562
940.964254	0.078098	-0.039054	0.003365
941.540168	0.077995	-0.045045	0.004086
942.124141	0.081090	-0.037999	0.004960
942.768650	0.080596	-0.045921	0.005019
943.330391	0.078436	-0.047644	0.006875
943.942216	0.077673	-0.031068	0.005647
944.533817	0.078042	-0.040208	0.007502
945.206172	0.079178	-0.052366	0.005263
945.810838	0.080152	-0.045442	0.010566
946.402879	0.080374	-0.033068	0.009099
947.014655	0.079339	-0.042386	0.006740
947.650002	0.077747	-0.035932	0.006465
948.224330	0.080190	-0.044230	0.004994
948.785026	0.081259	-0.043793	0.004720
949.384509	0.078825	-0.034062	0.007213
949.977635	0.081639	-0.027560	0.007254
950.579751	0.077237	-0.031954	0.006833
951.198011	0.077591	-0.036855	0.004506
951.765516	0.078778	-0.039274	0.009124
952.388823	0.080931	-0.038323	0.005668
952.959396	0.078171	-0.045411	0.003795
953.614174	0.080522	-0.045762	0.007223
954.199472	0.075745	-0.045631	0.007454
954.812594	0.077759	-0.031062	0.005048
955.453504	0.080559	-0.035707	0.006565
956.034159	0.078461	-0.031117	0.005409
956.626539	0.076355	-0.035895	0.004936
957.201267	0.078523	-0.036066	0.005990
957.828780	0.080338	-0.033135	0.005247
958.447999	0.079731	-0.030760	0.006996
959.040120	0.080423	-0.043079	0.008297
959.602942	0.082033	-0.030100	0.005158
960.241139	0.079328	-0.036417	0.005136
960.831034	0.079727	-0.039311	0.006892
961.464085	0.075876	-0.044337	0.004980
962.098591	0.080068	-0.033575	0.003989
962.667395	0.073128	-0.032282	0.005610
963.309673	0.080600	-0.033078	0.004003
963.923431	0.078742	-0.038827	0.007631
964.477291	0.079629	-0.033164	0.006169
965.018819	0.060190	-0.036223	0.009582
964.500876	0.076377	-0.049682	0.006327
963.875335	0.078355	-0.030397	0.014954
963.286133	0.077796	-0.034413	0.008230
962.692993	0.071743	-0.039712	0.004235
962.138942	0.076886	-0.047181	0.004979
961.544849	0.080597	-0.032809	0.004152
960.898559	0.074995	-0.042059	0.005209
960.322295	0.079681	-0.029772	0.005295
959.733586	0.078768	-0.034354	0.005636
959.171397	0.078616	-0.033460	0.006977
958.567165	0.079799	-0.035386	0.008316
957.967314	0.079281	-0.037074	0.006388
957.370919	0.079883	-0.033217	0.004838
956.795951	0.078033	-0.044666	0.008847
956.176381	0.078021	-0.040206	0.004013
955.563928	0.079324	-0.022916	0.003844
954.966748	0.080443	-0.037671	0.007693
954.342230	0.077583	-0.027283	0.004408
953.762929	0.079433	-0.042482	0.004916
953.178337	0.078584	-0.030142	0.006429
952.550763	0.079012	-0.040901	0.006124
951.919655	0.080191	-0.035185	0.004188
951.357435	0.078808	-0.025729	0.004556
950.770782	0.079350	-0.036598	0.008857
950.192198	0.080804	-0.035074	0.004510
949.544998	0.079030	-0.042947	0.003283
948.966280	0.080317	-0.042050	0.008627
948.399600	0.080381	-0.032024	0.011497
947.781332	0.079105	-0.049371	0.004902
947.187437	0.075850	-0.038769	0.003934
946.575635	0.080841	-0.032354	0.005560
945.997795	0.079384	-0.040849	0.006841
945.441772	0.077571	-0.039599	0.004915
944.821379	0.078317	-0.037254	0.004533
944.214200	0.078937	-0.036572	0.004924
943.634122	0.080224	-0.040370	0.013767
943.023753	0.079630	-0.043994	0.005039
942.410555	0.079177	-0.039778	0.007716
941.833991	0.079647	-0.048914	0.011650
941.241884	0.080192	-0.048940	0.008060
940.657892	0.077173	-0.044976	0.008300
940.099054	0.081310	-0.048800	0.004734
939.484031	0.079567	-0.051941	0.006903
938.886296	0.080513	-0.043990	0.004619
938.249133	0.078220	-0.046406	0.011041
937.693251	0.077695	-0.039966	0.006006
937.086932	0.075874	-0.046910	0.006387
936.483876	0.081669	-0.048914	0.006316
935.924194	0.078624	-0.041311	0.003606
935.312849	0.078984	-0.031852	0.004199
934.747895	0.076718	-0.052519	0.005467
934.134074	0.081086	-0.042651	0.005883
933.518631	0.080531	-0.031252	0.008649
932.872168	0.075665	-0.052669	0.008609
932.274909	0.077553	-0.050220	0.006788
931.633197	0.077573	-0.045076	0.006331
931.038167	0.078501	-0.056415	0.003989
930.441146	0.078702	-0.050970	0.003243
929.800105	0.078361	-0.052033	0.011575
929.256486	0.078872	-0.060099	0.005076
928.626006	0.079338	-0.052845	0.006251
928.025285	0.078948	-0.057885	0.004079
927.396553	0.078337	-0.061733	0.008360
926.800616	0.077936	-0.055471	0.005194
926.221465	0.076598	-0.055852	0.005441
925.591078	0.079149	-0.058152	0.006236
925.000086	0.080333	-0.064532	0.005393
924.363186	0.079267	-0.067025	0.004461
923.787543	0.078866	-0.065149	0.004093
923.160173	0.079569	-0.074554	0.004985
922.543214	0.079443	-0.072509	0.006914
921.981165	0.078590	-0.075053	0.006185
921.388466	0.078545	-0.084706	0.009208
920.823127	0.076197	-0.080118	0.004194
920.194039	0.078039	-0.069735	0.006320
919.589057	0.070505	-0.069054	0.003575
918.990819	0.078234	-0.081553	0.007306
918.429320	0.079141	-0.088676	0.006276
917.818260	0.078405	-0.079937	0.009255
917.225080	0.077357	-0.068614	0.005803
916.630931	0.078670	-0.072475	0.008144
916.006894	0.079476	-0.076165	0.007061
915.443683	0.076580	-0.064416	0.004417
914.853998	0.078983	-0.061938	0.006667
914.218132	0.080679	-0.065219	0.009788
913.628231	0.078828	-0.038082	0.007076
913.062812	0.079078	-0.034921	0.004737
912.472163	0.078133	-0.017239	0.006803
911.852160	0.078105	-0.009318	0.004624
911.262355	0.078418	-0.014265	0.007186
910.647307	0.080153	0.006384	0.005471
910.073588	0.077129	0.013358	0.004719
909.439037	0.079102	0.030497	0.005196
908.825320	0.078817	0.031496	0.007577
908.251310	0.077020	0.047311	0.003679
907.675353	0.080363	0.039136	0.004239
907.051766	0.078372	0.041298	0.004852
906.456805	0.077482	0.026296	0.005032
905.853894	0.080693	-0.001023	0.011337
905.226275	0.080579	-0.015642	0.006175
904.652614	0.073382	-0.047886	0.007570
904.038041	0.081704	-0.060913	0.006168
903.454292	0.077295	-0.090366	0.014034
902.856995	0.077858	-0.112942	0.010510
902.222621	0.079977	-0.156253	0.007606
901.667711	0.079710	-0.169956	0.009992
901.074498	0.077669	-0.194891	0.008468
900.443694	0.081156	-0.211335	0.007598
899.829415	0.077612	-0.243085	0.007267
899.249158	0.078658	-0.261362	0.009932
898.631754	0.079889	-0.295524	0.006588
898.021051	0.070324	-0.315601	0.005303
897.448253	0.081426	-0.344457	0.006197
896.805856	0.077301	-0.368881	0.006925
896.234203	0.076939	-0.401874	0.006191
895.604826	0.078036	-0.418797	0.005630
895.029095	0.079684	-0.424955	0.007687
894.381322	0.078896	-0.433230	0.008660
893.818633	0.077457	-0.438232	0.006258
893.188000	0.080315	-0.408629	0.005946
892.573030	0.080642	-0.377590	0.004888
891.970321	0.079219	-0.360652	0.011374
891.325997	0.079606	-0.309468	0.006581
890.708499	0.078340	-0.290002	0.003968
890.151524	0.077335	-0.257694	0.010631
889.552774	0.077705	-0.210101	0.006236
888.976508	0.079664	-0.179055	0.004683
888.411677	0.079223	-0.153318	0.005642
887.822313	0.079431	-0.115571	0.007245
887.191439	0.084610	-0.076056	0.006942
886.555902	0.078509	-0.050018	0.005946
885.915996	0.078802	-0.005158	0.007761
885.363647	0.078711	0.034275	0.004525
884.778136	0.076894	0.069069	0.007812
884.216616	0.078803	0.090080	0.012329
883.586621	0.079125	0.122403	0.010517
882.969746	0.077874	0.154005	0.004626
882.422371	0.077825	0.176449	0.008172
881.856633	0.078820	0.183915	0.003603
881.218528	0.078947	0.191031	0.007045
880.616686	0.079196	0.197302	0.004947
880.053707	0.081137	0.167931	0.012097
879.459877	0.078446	0.167757	0.004544
878.866147	0.079395	0.146240	0.006433
878.228048	0.078616	0.137867	0.005088
877.648982	0.079442	0.110717	0.004168
877.074734	0.078997	0.109209	0.004499
876.431575	0.075663	0.103760	0.006055
875.840908	0.079064	0.088570	0.004080
875.221158	0.078089	0.073954	0.009004
874.648004	0.079759	0.059415	0.008587
874.038346	0.078866	0.054563	0.009779
873.406505	0.080544	0.034931	0.006336
872.774826	0.079782	0.029110	0.003615
872.177454	0.080076	0.022600	0.010879
871.597783	0.078973	0.027808	0.005600
870.984642	0.077295	0.024204	0.005387
870.348543	0.078120	0.000656	0.004909
869.775283	0.079374	0.004998	0.009014
869.228522	0.078628	0.010541	0.005474
868.682232	0.079739	-0.011786	0.004457
868.100151	0.079301	-0.009905	0.007971
867.474195	0.078741	-0.017251	0.009083
866.875164	0.077278	-0.008309	0.004743
866.306960	0.078628	-0.017280	0.011626
865.695151	0.078716	-0.022176	0.004511
865.087912	0.078148	-0.015956	0.005360
864.460821	0.078293	-0.014522	0.004063
863.850576	0.078810	-0.017751	0.004204
863.279527	0.079712	-0.013589	0.004709
862.656856	0.079418	-0.017633	0.006068
862.042090	0.077437	-0.007838	0.013287
861.414636	0.079197	-0.010600	0.005445
860.844987	0.078303	-0.002563	0.006415
860.251761	0.077693	-0.014515	0.003700
859.669715	0.078426	-0.012662	0.003648
859.083154	0.077104	-0.012831	0.003585
858.477045	0.080750	-0.004170	0.004967
857.899347	0.079134	0.008045	0.004696
857.291066	0.077878	-0.003973	0.005456
856.711847	0.079218	-0.005258	0.003307
856.129824	0.078796	-0.006044	0.004256
855.571975	0.078902	-0.001815	0.006593
854.945293	0.079954	0.010012	0.006934
854.356345	0.080235	-0.005037	0.005144
853.785658	0.079563	-0.006704	0.005883
853.158688	0.080154	0.003047	0.009039
852.577017	0.078281	0.012228	0.004687
851.992629	0.077097	0.010921	0.005055
851.371895	0.078922	0.003932	0.009880
850.752193	0.076574	0.003641	0.004757
850.195443	0.078717	0.021883	0.006541
849.615064	0.079263	0.016292	0.006631
849.004357	0.079961	0.011669	0.007684
848.381833	0.077958	0.014598	0.004318
847.759388	0.079309	0.020442	0.004773
847.168533	0.079693	0.016469	0.004555
846.571592	0.078189	0.019616	0.005308
845.964761	0.079967	0.020478	0.006965
845.352973	0.079739	0.012930	0.004531
844.762600	0.080766	0.017896	0.004862
844.207418	0.078294	0.019509	0.006822
843.569310	0.077583	0.019346	0.003564
842.950680	0.078668	0.013548	0.003869
842.321017	0.079649	0.006179	0.004663
841.751150	0.079253	0.005934	0.003795
841.139572	0.079940	0.025814	0.004819
840.496016	0.078849	0.021009	0.003452
839.862311	0.078381	0.009351	0.004749
839.277459	0.077934	0.018538	0.005407
838.644502	0.079571	0.015760	0.007559
838.043760	0.079067	0.021671	0.006256
837.453702	0.079329	0.023496	0.004744
836.812167	0.077969	0.033856	0.005592
836.230740	0.078363	0.019538	0.005313
835.605179	0.078763	0.029197	0.004494
834.916270	0.078926	0.022145	0.003242
834.318473	0.078245	0.025007	0.004709
833.689764	0.078030	0.013988	0.004683
833.108990	0.080256	0.021129	0.004741
832.528433	0.078248	0.028091	0.007762
831.885551	0.078539	0.034530	0.007301
831.259126	0.078500	0.020656	0.005036
830.686799	0.078706	0.026852	0.005275
830.055141	0.079425	0.017934	0.005129
829.436260	0.077856	0.028089	0.005180
828.830070	0.079304	0.024974	0.004073
828.206502	0.077234	0.036468	0.005052
827.620171	0.079343	0.034244	0.003785
827.053035	0.078624	0.027271	0.005823
826.435878	0.079433	0.029669	0.006407
825.810136	0.079939	0.027236	0.004278
825.210049	0.079151	0.021192	0.007338
824.656198	0.079963	0.023811	0.006849
824.029047	0.078862	0.025170	0.004445
823.409472	0.077773	0.032455	0.006519
822.786956	0.077560	0.033748	0.010157
822.231775	0.079522	0.028494	0.010357
821.590064	0.080538	0.028701	0.006198
820.968821	0.078619	0.033517	0.004785
820.322042	0.081976	0.036684	0.005403
819.685393	0.081521	0.030350	0.004694
819.118121	0.079104	0.033410	0.004116
818.476377	0.078982	0.037580	0.005784
817.862766	0.080084	0.030090	0.005229
817.262617	0.078257	0.038063	0.009591
816.694200	0.078041	0.039705	0.003549
816.067111	0.079287	0.032566	0.004673
815.453658	0.078897	0.048245	0.005102
814.809234	0.079261	0.048726	0.005082
814.201157	0.078050	0.044632	0.007266
813.624989	0.079330	0.042120	0.007204
813.016925	0.079993	0.051955	0.010144
812.382271	0.079103	0.055436	0.005625
811.778831	0.078612	0.046349	0.005864
811.251217	0.079104	0.060719	0.006492
810.627669	0.078825	0.055564	0.008169
810.009666	0.080651	0.051192	0.005838
809.412129	0.079326	0.077412	0.006803
808.807726	0.080257	0.058726	0.006042
808.255472	0.077465	0.062463	0.006310
807.617788	0.079956	0.068746	0.006130
807.029967	0.079607	0.072695	0.009876
806.378722	0.079968	0.066205	0.005296
805.788941	0.078495	0.066938	0.005077
805.169169	0.078072	0.082275	0.005765
804.546751	0.078687	0.077995	0.003788
803.947952	0.079012	0.086212	0.007311
803.318373	0.079239	0.074519	0.005920
802.754452	0.079437	0.078101	0.005545
802.149257	0.079894	0.087189	0.003644
801.561841	0.078479	0.082196	0.003516
800.949479	0.079865	0.079677	0.009312
800.279783	0.078722	0.091522	0.009553
799.696496	0.079763	0.093698	0.003904
799.075929	0.080021	0.089374	0.010952
798.437069	0.078278	0.093654	0.004378
797.813276	0.079462	0.097754	0.007584
797.242614	0.079158	0.103491	0.004444
796.622444	0.079863	0.099235	0.007382
796.023209	0.079682	0.110581	0.005206
795.445008	0.078649	0.112088	0.004157
794.835065	0.078528	0.119930	0.005349
794.286963	0.078869	0.134435	0.006632
793.679267	0.078150	0.140028	0.003206
793.080651	0.078607	0.152386	0.005549
792.451177	0.078510	0.146753	0.003412
791.865546	0.079555	0.157926	0.008645
791.244663	0.080205	0.167918	0.007969
790.658344	0.078614	0.172556	0.003979
790.060425	0.076642	0.182749	0.006173
789.426991	0.078413	0.184682	0.004338
788.850275	0.080336	0.184968	0.005563
788.225123	0.079943	0.173396	0.006981
787.589248	0.078200	0.155413	0.009911
787.004338	0.078142	0.131678	0.006338
786.417755	0.080473	0.114061	0.008141
785.783750	0.079430	0.071221	0.004855
785.165138	0.079353	0.047902	0.004963
784.531134	0.080829	0.003280	0.006022
783.882730	0.078745	-0.011212	0.005455
783.297149	0.076936	-0.056104	0.004781
782.747955	0.078354	-0.079040	0.010479
782.119517	0.079901	-0.121551	0.005646
781.505959	0.080198	-0.154206	0.013122
780.896282	0.079008	-0.189626	0.007814
780.323784	0.080176	-0.210958	0.010159
779.694399	0.079083	-0.214370	0.005097
779.127721	0.077072	-0.245607	0.004804
778.487218	0.079874	-0.243248	0.003603
777.920710	0.080828	-0.239531	0.004021
777.333673	0.078880	-0.222371	0.005593
776.724760	0.079540	-0.197360	0.005193
776.087933	0.079194	-0.147650	0.003787
775.455611	0.077626	-0.114174	0.003553
774.870654	0.079230	-0.072335	0.005678
774.235005	0.079887	-0.016581	0.005360
773.631340	0.079996	0.011762	0.008632
772.993936	0.080149	0.060686	0.004940
772.426123	0.076971	0.112418	0.005366
771.810251	0.078450	0.152494	0.006220
771.171414	0.077963	0.189766	0.005352
770.551653	0.079798	0.230016	0.003357
769.979562	0.080464	0.259141	0.006288
769.397132	0.079390	0.263331	0.006609
768.800354	0.079628	0.267708	0.006211
768.178570	0.079773	0.260630	0.004408
767.581440	0.079917	0.236675	0.006425
767.026526	0.079789	0.213972	0.007682
766.385725	0.079731	0.179905	0.007912
765.769073	0.077886	0.140726	0.010125
765.167102	0.080033	0.094838	0.013264
764.563448	0.077306	0.065510	0.005768
763.983683	0.079280	0.024636	0.005515
763.368945	0.078789	-0.000761	0.005600
762.773995	0.081063	-0.046700	0.004039
762.110938	0.078131	-0.075061	0.004729
761.518716	0.079176	-0.105360	0.005073
760.919815	0.079141	-0.145501	0.006858
760.319026	0.077858	-0.182796	0.004565
759.686547	0.079931	-0.211223	0.004538
759.104739	0.080079	-0.243427	0.004633
758.550012	0.079173	-0.283273	0.010770
757.934199	0.079993	-0.311517	0.005564
757.305065	0.080628	-0.336694	0.008855
756.693831	0.079529	-0.354491	0.004341
756.062496	0.081490	-0.359455	0.003958
755.470665	0.079531	-0.364871	0.005342
754.870243	0.079006	-0.348785	0.003350
754.236257	0.075572	-0.328591	0.008396
753.649037	0.077881	-0.301116	0.006018
753.046374	0.078027	-0.283572	0.006832
752.430567	0.080278	-0.255221	0.009840
751.843961	0.079389	-0.219358	0.004578
751.233746	0.078791	-0.206413	0.004489
750.598906	0.078716	-0.173666	0.005320
749.984991	0.079647	-0.143850	0.003869
749.400246	0.077489	-0.122760	0.004892
748.781764	0.080695	-0.104251	0.003179
748.171920	0.077674	-0.071363	0.006821
747.586467	0.080228	-0.059315	0.006401
746.945118	0.078308	-0.042637	0.006066
746.341356	0.078908	-0.013431	0.005017
745.741533	0.078089	0.016049	0.007093
745.127122	0.079556	0.029535	0.006176
744.539087	0.081100	0.048715	0.005624
743.929449	0.079248	0.056041	0.004966
743.369705	0.076693	0.060303	0.007138
742.758989	0.078159	0.059353	0.006296
742.111661	0.077354	0.060473	0.006673
741.535908	0.080123	0.053632	0.006856
740.963429	0.078631	0.052303	0.004593
740.357065	0.079502	0.043750	0.005606
739.718794	0.077884	0.040894	0.005360
739.142675	0.079233	0.025181	0.006124
738.515404	0.079055	0.032331	0.004030
737.905711	0.076873	0.017668	0.005027
737.288638	0.079597	0.016140	0.003629
736.676654	0.080234	0.017437	0.004111
736.106550	0.078544	0.012193	0.004929
735.486473	0.079704	-0.006005	0.006893
734.915462	0.078803	0.011115	0.005577
734.308106	0.078412	0.000776	0.005530
733.753328	0.078796	0.007404	0.005574
733.124977	0.077639	0.002746	0.007318
732.544200	0.077600	0.005560	0.006435
731.948715	0.079256	-0.008833	0.005321
731.359927	0.077435	-0.002842	0.005612
730.798096	0.078875	-0.004815	0.006937
730.173098	0.080527	-0.013686	0.004296
729.576886	0.079620	-0.009908	0.003941
728.938329	0.077842	-0.012149	0.004882
728.367214	0.079084	-0.012856	0.003683
727.755564	0.080282	-0.011674	0.004848
727.186608	0.079355	-0.026618	0.003709
726.586838	0.079292	-0.018638	0.004060
725.959255	0.079955	-0.010243	0.003238
725.359859	0.078785	-0.011982	0.005825
724.735142	0.079604	-0.018152	0.005680
724.088426	0.080370	-0.016857	0.004989
723.454030	0.079777	-0.022327	0.006231
722.885096	0.078696	-0.023207	0.005323
722.255105	0.078876	-0.017058	0.010890
721.627944	0.079414	-0.022462	0.004821
721.060663	0.080575	-0.022015	0.008154
720.433766	0.078608	-0.030584	0.004284
719.872083	0.080689	-0.007483	0.003536
719.261869	0.079015	-0.019896	0.003558
718.615272	0.078695	-0.032667	0.005035
718.027304	0.079174	-0.021405	0.004010
717.385568	0.078057	-0.011466	0.005447
716.822152	0.079077	-0.015362	0.003686
716.189464	0.078247	-0.016223	0.007182
715.611755	0.078657	-0.017618	0.005709
714.980082	0.080144	-0.025705	0.004724
714.399665	0.084204	-0.022753	0.006865
713.781185	0.080211	-0.020369	0.004024
713.151681	0.078983	-0.021316	0.004134
712.532266	0.079386	-0.020193	0.004420
711.889984	0.078209	-0.015248	0.003998
711.321170	0.079695	-0.010703	0.005602
710.714538	0.078118	-0.019414	0.007436
710.104348	0.080324	-0.033523	0.005163
709.489433	0.078720	-0.027885	0.003825
708.935179	0.078461	-0.019835	0.006017
708.340394	0.079895	-0.017189	0.003617
707.753476	0.079531	-0.022411	0.012169
707.126738	0.079003	-0.023283	0.006820
706.508763	0.078289	-0.024191	0.003731
705.942395	0.079499	-0.024207	0.006124
705.299850	0.079368	-0.021184	0.003982
704.675018	0.078746	-0.017461	0.004180
704.058622	0.078100	-0.033121	0.005578
703.521988	0.074962	-0.030417	0.003190
702.897052	0.080170	-0.030478	0.005296
702.317649	0.080921	-0.027857	0.006535
701.722360	0.079281	-0.031212	0.005432
701.051591	0.079890	-0.023567	0.008712
700.466364	0.079154	-0.029006	0.003453
699.871728	0.078790	-0.027697	0.004562
699.236524	0.080529	-0.027472	0.008507
698.628122	0.078992	-0.036839	0.007385
698.053360	0.080921	-0.032559	0.006840
697.477385	0.080158	-0.038780	0.009483
696.843092	0.077756	-0.019978	0.005329
696.235921	0.078370	-0.025640	0.005501
695.638836	0.080955	-0.030869	0.003301
695.043082	0.075402	-0.009669	0.006880
694.434724	0.078456	-0.003578	0.007252
693.838717	0.079602	0.001182	0.008027
693.261839	0.081234	0.008587	0.006750
692.631437	0.079130	0.030437	0.008512
692.062021	0.078217	0.041439	0.004959
691.448332	0.076652	0.051904	0.009426
690.811804	0.082082	0.061851	0.003732
690.177696	0.079384	0.076369	0.005478
689.592178	0.080631	0.090352	0.005982
688.979028	0.079266	0.102389	0.005123
688.373986	0.080104	0.106740	0.006311
687.787723	0.078388	0.101573	0.003965
687.226414	0.081650	0.092462	0.005989
686.668615	0.078928	0.072642	0.005455
686.069529	0.078484	0.029079	0.006852
685.450121	0.081297	0.001569	0.008391
684.843855	0.077771	-0.024516	0.006310
684.251438	0.077271	-0.066284	0.004700
683.640781	0.081189	-0.115801	0.009016
683.034493	0.079913	-0.133952	0.006985
682.428568	0.077491	-0.170521	0.007301
681.821009	0.077189	-0.208394	0.007674
681.237987	0.081010	-0.240824	0.005974
680.636595	0.077551	-0.273579	0.005765
679.995974	0.080318	-0.301673	0.005250
679.370060	0.079570	-0.315422	0.007319
678.777479	0.078201	-0.337609	0.005650
678.212307	0.079022	-0.348629	0.007979
677.588619	0.080232	-0.348477	0.003419
677.011706	0.078778	-0.344436	0.003707
676.411257	0.080287	-0.332875	0.005167
675.816352	0.078286	-0.296299	0.012239
675.212159	0.078349	-0.266149	0.010354
674.591353	0.078602	-0.216370	0.004702
673.994676	0.078936	-0.176753	0.008183
673.364197	0.078291	-0.143169	0.012023
672.784880	0.078367	-0.109466	0.004595
672.185965	0.076626	-0.059027	0.007087
671.585493	0.080691	-0.014390	0.004059
670.941408	0.080892	0.031791	0.007075
670.314025	0.078820	0.075310	0.005159
669.712260	0.078096	0.099281	0.006216
669.080882	0.081118	0.140386	0.006045
668.515535	0.081663	0.170770	0.004947
667.873751	0.079296	0.188028	0.006827
667.315835	0.078476	0.198398	0.004842
666.730836	0.078742	0.189414	0.006791
666.110858	0.079832	0.183098	0.006279
665.494920	0.076228	0.161699	0.006209
664.915482	0.078476	0.147763	0.003628
664.316843	0.077277	0.122238	0.004622
663.726279	0.076600	0.107725	0.010441
663.099340	0.077050	0.082886	0.005167
662.493563	0.078452	0.082266	0.004682
661.895330	0.079583	0.076058	0.004127
661.265666	0.080913	0.047963	0.004233
660.684681	0.077895	0.038988	0.003456
660.101029	0.078960	0.026640	0.004772
659.499326	0.076294	0.020710	0.004987
658.930833	0.078989	0.014155	0.006774
658.286684	0.081363	-0.003089	0.005361
657.706372	0.077764	-0.014746	0.005542
657.074579	0.080260	-0.015120	0.003756
656.521303	0.080493	-0.023026	0.004051
655.899797	0.079683	-0.028607	0.003175
655.311400	0.079111	-0.027767	0.011709
654.658477	0.080147	-0.040546	0.006126
654.042272	0.078591	-0.046506	0.005006
653.476850	0.078340	-0.042315	0.005938
652.865830	0.080812	-0.025382	0.004513
652.255529	0.077894	-0.034163	0.005237
651.661280	0.080659	-0.026242	0.003601
651.119640	0.079818	-0.020909	0.006785
650.512011	0.081740	-0.028760	0.003834
649.862154	0.081229	-0.019263	0.007117
649.265250	0.078954	-0.023759	0.003119
648.660850	0.078496	-0.005908	0.005317
648.079127	0.074128	-0.016708	0.003878
647.441449	0.079835	-0.009220	0.007631
646.855906	0.079315	-0.012919	0.005910
646.264852	0.078178	-0.025348	0.006692
645.679784	0.078413	-0.006606	0.006870
645.099044	0.081091	-0.011325	0.008511
644.502192	0.080713	-0.003597	0.004137
643.884931	0.081352	-0.005893	0.004560
643.262595	0.076472	-0.003168	0.004209
642.687049	0.077997	-0.002965	0.005468
642.108188	0.081849	-0.007863	0.005448
641.469055	0.079772	0.003608	0.006843
640.874123	0.079470	-0.013003	0.004641
640.280586	0.080146	0.010802	0.003535
639.669566	0.078557	0.005438	0.007127
639.024160	0.079622	-0.002455	0.005827
638.446429	0.077456	-0.000109	0.008412
637.823254	0.077321	0.000614	0.007148
637.247897	0.079407	0.011318	0.008655
636.670606	0.078233	0.000605	0.006682
636.067469	0.078922	0.006660	0.006612
635.462294	0.076673	0.013300	0.003538
635.090765	0.080843	-0.002153	0.007352
635.721273	0.081694	-0.002057	0.005684
636.385250	0.082486	0.000838	0.006731
637.022541	0.082167	0.001515	0.004422
637.659235	0.080069	0.000836	0.006557
638.228028	0.080113	0.002658	0.005628
638.795139	0.074418	0.000357	0.003777
639.387780	0.079872	0.006909	0.006835
640.011244	0.079821	0.003755	0.007530
640.602111	0.082257	0.000209	0.003542
641.195764	0.077233	-0.006377	0.005497
641.810344	0.079206	-0.006534	0.005617
642.383350	0.078535	-0.000441	0.005861
642.982535	0.080693	-0.000577	0.007660
643.538115	0.079261	-0.010173	0.004915
644.134404	0.079614	0.003791	0.008759
644.769118	0.080828	-0.000962	0.003908
645.379732	0.078182	-0.004141	0.004004
645.946691	0.078297	-0.000285	0.004126
646.497220	0.081008	-0.002709	0.007580
647.089130	0.079493	-0.002064	0.007406
647.660381	0.079779	-0.012242	0.008394
648.295143	0.080639	-0.005500	0.007896
648.865631	0.077303	-0.007968	0.004761
649.459452	0.078837	-0.018418	0.005985
650.069424	0.079546	-0.034452	0.005888
650.665518	0.078964	-0.023250	0.003483
651.305813	0.077676	-0.022468	0.004568
651.891185	0.080664	-0.028416	0.008790
652.520674	0.081872	-0.026674	0.005744
653.123419	0.081544	-0.041174	0.007476
653.715822	0.078061	-0.039892	0.007678
654.322545	0.077786	-0.050205	0.004840
654.872285	0.079682	-0.037972	0.007343
655.481069	0.081465	-0.036791	0.004648
656.063589	0.077960	-0.032446	0.004784
656.708080	0.080494	-0.025120	0.004360
657.267963	0.080149	-0.016010	0.009221
657.892259	0.081033	-0.017286	0.007178
658.515919	0.077973	0.001001	0.006116
659.151214	0.079298	0.006590	0.006846
659.741222	0.077879	0.023325	0.004399
660.299145	0.077301	0.037343	0.007878
660.886891	0.079270	0.035490	0.008261
661.506939	0.078634	0.057174	0.006902
662.104642	0.076597	0.065884	0.009359
662.669715	0.078768	0.073725	0.003648
663.298006	0.077234	0.090871	0.004849
663.882044	0.079620	0.111270	0.005253
664.484043	0.075622	0.120899	0.007354
665.136447	0.080498	0.144674	0.004804
665.704247	0.079852	0.167656	0.004941
666.334915	0.078357	0.174266	0.004106
666.912118	0.078216	0.193177	0.003898
667.505723	0.080060	0.188708	0.006858
668.069561	0.075159	0.197582	0.005067
668.665612	0.076423	0.166620	0.009339
669.255961	0.080341	0.144436	0.009803
669.894513	0.077406	0.106744	0.005492
670.511972	0.076020	0.073188	0.006949
671.105713	0.077199	0.023407	0.004172
671.767469	0.077991	-0.022266	0.006119
672.364856	0.080221	-0.057331	0.004508
672.944781	0.076778	-0.092978	0.006176
673.579788	0.078711	-0.133224	0.003190
674.151727	0.083580	-0.188637	0.004872
674.774747	0.079048	-0.217380	0.006187
675.414410	0.080830	-0.269268	0.004318
676.033790	0.079816	-0.292622	0.004718
676.606640	0.076960	-0.328951	0.006439
677.219805	0.078133	-0.347552	0.003910
677.838082	0.080858	-0.356719	0.003262
678.413933	0.078772	-0.360422	0.007073
679.031147	0.080328	-0.343518	0.005246
679.626088	0.078898	-0.322027	0.004400
680.235137	0.078068	-0.289013	0.007205
680.819912	0.079581	-0.263833	0.008365
681.435954	0.080576	-0.236645	0.004486
682.010880	0.072978	-0.216678	0.006538
682.602757	0.077990	-0.172110	0.005868
683.208660	0.079126	-0.141379	0.005912
683.832213	0.078418	-0.098747	0.007571
684.440221	0.078922	-0.076797	0.007113
684.995285	0.078383	-0.044685	0.009186
685.586634	0.082773	-0.000993	0.007320
686.194627	0.080864	0.042582	0.005993
686.783377	0.078884	0.053849	0.004277
687.378237	0.080109	0.092634	0.006071
687.958346	0.079974	0.095941	0.005738
688.540883	0.078044	0.105283	0.004581
689.161986	0.077691	0.102749	0.005357
689.770686	0.080322	0.100837	0.005858
690.355064	0.079991	0.088786	0.005226
690.967641	0.081032	0.082436	0.004725
691.550268	0.079086	0.054008	0.004653
692.187136	0.076827	0.047872	0.005366
692.803570	0.081531	0.024019	0.004954
693.376713	0.081193	0.022120	0.007688
693.996926	0.079473	0.011902	0.007398
694.635942	0.082276	-0.001984	0.007280
695.229792	0.078695	-0.014891	0.007503
695.792262	0.080246	-0.021864	0.005439
696.410640	0.080676	-0.025449	0.004957
697.025587	0.080180	-0.028683	0.003985
697.662978	0.079432	-0.026040	0.007778
698.253929	0.077376	-0.025630	0.004675
698.821039	0.077901	-0.026737	0.005947
699.461717	0.077395	-0.034782	0.008012
700.043470	0.079556	-0.026962	0.004310
700.656830	0.082051	-0.030346	0.004409
701.233236	0.078950	-0.021296	0.008350
701.867919	0.078892	-0.029270	0.005649
702.476772	0.077201	-0.026744	0.004636
703.105571	0.077314	-0.024694	0.009131
703.743786	0.078676	-0.026641	0.006424
704.313484	0.079423	-0.029608	0.004405
704.935823	0.079071	-0.025335	0.003773
705.520901	0.079900	-0.020390	0.005090
706.125644	0.081210	-0.022315	0.009215
706.699777	0.081791	-0.022597	0.009231
707.307989	0.079961	-0.025285	0.005079
707.941429	0.079864	-0.027248	0.007843
708.540653	0.079278	-0.026434	0.004251
709.144216	0.079918	-0.024310	0.007831
709.696681	0.079617	-0.019003	0.003755
710.284267	0.077879	-0.026731	0.004480
710.891240	0.080188	-0.017564	0.006766
711.514863	0.076890	-0.015578	0.005669
712.072304	0.077692	-0.037367	0.005284
712.706923	0.080201	-0.025270	0.007831
713.307514	0.078137	-0.024306	0.005388
713.896328	0.079069	-0.020878	0.003844
714.515286	0.079931	-0.023298	0.007634
715.104272	0.077573	-0.027383	0.004474
715.706105	0.081462	-0.024470	0.005411
716.317781	0.080753	-0.019225	0.003427
716.939253	0.080316	-0.029582	0.008609
717.541622	0.078349	-0.016696	0.003720
718.103230	0.077111	-0.018237	0.003688
718.741504	0.076807	-0.019448	0.003141
719.344850	0.079174	-0.027466	0.005732
719.993806	0.079855	-0.016556	0.003388
720.546005	0.078708	-0.019432	0.003620
721.146211	0.077146	-0.021719	0.004173
721.731763	0.080236	-0.017757	0.003002
722.306320	0.077762	-0.009036	0.003626
722.948818	0.078805	-0.024119	0.004169
723.521111	0.079673	-0.024356	0.003447
724.122502	0.078039	-0.026998	0.003861
724.736991	0.079858	-0.019182	0.004051
725.297764	0.080404	-0.017267	0.004877
725.871724	0.078120	-0.022101	0.008106
726.493449	0.079228	-0.015926	0.006312
727.126011	0.080536	-0.015036	0.005617
727.738091	0.079462	-0.017663	0.006882
728.362397	0.078615	-0.009944	0.004593
728.938321	0.079082	-0.009339	0.005814
729.524735	0.079153	-0.016411	0.004347
730.148200	0.079554	-0.008622	0.004683
730.724101	0.081560	-0.008578	0.007048
731.270736	0.078726	-0.004543	0.003078
731.894082	0.078167	-0.018133	0.004580
732.528967	0.076765	0.005158	0.003783
733.083777	0.079831	-0.017386	0.005013
733.706148	0.077523	-0.000723	0.006582
734.300837	0.078144	-0.005402	0.004702
734.881926	0.078267	-0.005399	0.004022
735.494029	0.079558	0.019741	0.008288
736.131138	0.079279	0.012073	0.006687
736.760791	0.079816	0.016795	0.002980
737.316636	0.079090	0.013214	0.004623
737.894183	0.079215	0.020181	0.004061
738.500865	0.077953	0.032209	0.004626
739.097114	0.079001	0.033088	0.004481
739.677821	0.079450	0.035484	0.003059
740.244900	0.079524	0.035234	0.003768
740.866268	0.078307	0.044597	0.005105
741.476573	0.080829	0.067361	0.006531
742.072397	0.079321	0.063367	0.006218
742.668758	0.078917	0.064413	0.006614
743.285740	0.078973	0.064606	0.006619
743.916482	0.077021	0.056295	0.004372
744.486127	0.077337	0.041562	0.004211
745.074097	0.079109	0.030126	0.006729
745.676826	0.078799	0.016089	0.003357
746.266840	0.079502	-0.000462	0.005930
746.850052	0.076080	-0.017107	0.006685
747.476518	0.079767	-0.051902	0.003541
748.050023	0.079319	-0.066126	0.006385
748.653295	0.078773	-0.090418	0.004926
749.262605	0.077830	-0.114978	0.003983
749.884848	0.078985	-0.135688	0.003939
750.471426	0.080163	-0.164512	0.004480
751.047507	0.080277	-0.181923	0.004787
751.641620	0.078917	-0.208986	0.003276
752.275667	0.079852	-0.239283	0.003364
752.918830	0.078998	-0.262872	0.003952
753.479832	0.078308	-0.294365	0.005654
754.043257	0.079533	-0.317152	0.004962
754.663989	0.079678	-0.342828	0.002962
755.268451	0.080369	-0.355025	0.004921
755.857528	0.080135	-0.351619	0.007232
756.426959	0.080595	-0.362633	0.005831
757.039872	0.078021	-0.347763	0.008012
757.640411	0.077545	-0.332041	0.008356
758.225023	0.079687	-0.297642	0.004326
758.794636	0.078507	-0.280608	0.004516
759.411709	0.078275	-0.251433	0.003285
760.008843	0.078152	-0.215783	0.003973
760.606951	0.080598	-0.175626	0.006070
761.232212	0.078846	-0.142208	0.005350
761.806012	0.078176	-0.108903	0.008723
762.444700	0.078073	-0.078584	0.005512
763.053745	0.078386	-0.051832	0.007091
763.676127	0.077574	-0.003454	0.006975
764.240705	0.079290	0.034046	0.005073
764.829729	0.078239	0.058220	0.008771
765.458502	0.079608	0.089537	0.005212
766.074774	0.079200	0.143530	0.004735
766.678041	0.080071	0.186596	0.005691
767.270788	0.080400	0.215846	0.005626
767.858265	0.079354	0.255994	0.005412
768.435017	0.077765	0.258869	0.004498
769.016833	0.077860	0.279474	0.003981
769.595759	0.078532	0.272948	0.007931
770.206317	0.079362	0.257074	0.004618
770.832028	0.078930	0.224719	0.014256
771.426700	0.079635	0.173363	0.004788
772.073773	0.077811	0.149904	0.007691
772.637151	0.080243	0.103092	0.007640
773.253513	0.079657	0.071553	0.005307
773.817254	0.077483	0.030546	0.011114
774.437703	0.078438	-0.026456	0.004469
775.077692	0.079161	-0.056453	0.004604
775.650294	0.080683	-0.116060	0.004705
776.271373	0.078428	-0.156841	0.005709
776.863123	0.078706	-0.179641	0.006005
777.431146	0.080045	-0.212796	0.003604
778.018455	0.080381	-0.235545	0.003923
778.604645	0.078835	-0.245766	0.004605
779.221136	0.076170	-0.247613	0.008541
779.808126	0.079719	-0.231269	0.006597
780.426886	0.079422	-0.211888	0.007517
780.990819	0.078760	-0.189837	0.004649
781.598262	0.079395	-0.151048	0.009132
782.212862	0.079711	-0.127604	0.009809
782.826913	0.079051	-0.092081	0.005302
783.392467	0.078571	-0.063009	0.010905
784.031328	0.081988	-0.022389	0.005126
784.669820	0.075712	0.004661	0.006116
785.294650	0.077847	0.040316	0.005464
785.895197	0.076241	0.071827	0.005796
786.476291	0.079586	0.098807	0.005757
787.097814	0.077892	0.138101	0.004336
787.698115	0.079592	0.159079	0.006302
788.316302	0.079641	0.178448	0.004632
788.887716	0.080854	0.191062	0.004877
789.511235	0.077605	0.197016	0.006659
790.105344	0.078405	0.184749	0.004826
790.707596	0.079395	0.176698	0.003687
791.304297	0.079592	0.168207	0.005557
791.867947	0.078449	0.160175	0.009422
792.480881	0.078221	0.160732	0.003805
793.096336	0.079446	0.144691	0.005165
793.675976	0.079054	0.142042	0.004505
794.295523	0.079110	0.128884	0.007596
794.873542	0.079145	0.132664	0.003740
795.472411	0.079586	0.121790	0.008141
796.112865	0.078666	0.116722	0.006513
796.719773	0.079091	0.104975	0.004339
797.319092	0.079697	0.096159	0.006224
797.953403	0.078619	0.095387	0.004843
798.571340	0.077012	0.092921	0.008615
799.169892	0.077953	0.095360	0.006953
799.812986	0.077867	0.086811	0.007378
800.392144	0.078299	0.090739	0.005374
801.019997	0.079493	0.080767	0.003640
801.635197	0.079320	0.081267	0.004924
802.254427	0.079236	0.079470	0.003606
802.831127	0.080111	0.090070	0.006593
803.426594	0.080183	0.082170	0.006477
804.042193	0.077797	0.083651	0.004321
804.655170	0.078066	0.086673	0.005688
805.241784	0.079688	0.071708	0.006768
805.805832	0.079281	0.082491	0.005915
806.411435	0.078695	0.061509	0.005070
807.314501	0.078626	0.066935	0.007915
807.874357	0.079203	0.070392	0.004883
808.425189	0.078277	0.073332	0.009511
809.015119	0.079330	0.066558	0.007046
809.629386	0.079819	0.062211	0.005546
810.275008	0.077987	0.049799	0.005280
810.883493	0.080461	0.059481	0.003538
811.452312	0.080430	0.054501	0.004207
811.988166	0.079117	0.047289	0.003028
812.620801	0.078131	0.054594	0.004568
813.255577	0.078953	0.058049	0.009337
813.825312	0.079133	0.041904	0.009074
814.466610	0.080108	0.040962	0.005163
815.097981	0.078485	0.044229	0.004760
815.678614	0.078836	0.034727	0.007958
816.316788	0.079452	0.050005	0.006797
816.887600	0.079075	0.032888	0.006332
817.484026	0.079505	0.039634	0.003592
818.125172	0.078635	0.036982	0.004614
818.755191	0.079332	0.034220	0.004044
819.341466	0.080723	0.040834	0.008233
819.913759	0.077303	0.036818	0.006023
820.538884	0.080664	0.030661	0.002973
821.175121	0.079145	0.039373	0.012137
821.802159	0.080205	0.036794	0.005255
822.382353	0.074728	0.016740	0.003884
822.964501	0.079601	0.030183	0.005931
823.550492	0.078382	0.019101	0.008177
824.182390	0.079517	0.026509	0.005057
824.788878	0.077325	0.036369	0.003865
825.370805	0.078777	0.042417	0.006745
825.982030	0.080350	0.024820	0.006174
826.568666	0.080651	0.035748	0.008592
827.187483	0.078600	0.032582	0.004144
827.770309	0.078505	0.027357	0.004071
828.392790	0.079681	0.033435	0.004680
828.995536	0.078011	0.038973	0.005847
829.590126	0.080115	0.033606	0.006544
830.213858	0.078788	0.028759	0.010693
830.819604	0.078581	0.032299	0.011939
831.427044	0.078627	0.020316	0.004053
832.052776	0.078790	0.040069	0.006097
832.676155	0.080444	0.023497	0.003504
833.262086	0.079420	0.015933	0.007683
833.893655	0.080389	0.021596	0.007406
834.485107	0.079197	0.021456	0.010326
835.102018	0.079567	0.030134	0.004175
835.760589	0.079308	0.018046	0.006771
836.342272	0.079661	0.031766	0.003166
836.938195	0.077780	0.016067	0.008788
837.575158	0.079944	0.037358	0.007664
838.203233	0.079564	0.028230	0.005047
838.850151	0.079644	0.027053	0.004769
839.422270	0.078892	0.027842	0.006448
840.041831	0.078537	0.020960	0.004480
840.625028	0.077264	0.015467	0.005579
841.269561	0.080561	0.029233	0.006566
841.838649	0.079699	0.020075	0.005154
842.453722	0.078910	0.022247	0.008632
843.096386	0.080503	0.012179	0.005266
843.711025	0.077530	0.017448	0.009288
844.328547	0.078736	0.020329	0.005109
844.927687	0.079103	0.013093	0.008829
845.545922	0.080145	0.023624	0.006919
846.189517	0.078681	0.018074	0.005489
846.781146	0.078739	0.013154	0.007042
847.354477	0.078044	0.019001	0.003342
847.945727	0.077655	0.011364	0.003965
848.578198	0.077164	0.017214	0.007726
849.177768	0.079083	0.008950	0.004697
849.781258	0.078566	0.006114	0.015401
850.372254	0.080312	0.011362	0.010295
851.016847	0.081325	0.016592	0.005754
851.609227	0.078621	0.012207	0.006274
852.253480	0.080412	0.006963	0.006264
852.842935	0.080940	0.008235	0.007141
853.413317	0.078626	0.005753	0.005974
854.002275	0.080425	0.012101	0.007553
854.637689	0.078848	0.007997	0.005921
855.205304	0.080691	0.013408	0.003990
855.789868	0.078179	0.001836	0.005004
856.381497	0.078319	-0.000523	0.003518
856.990045	0.078112	0.007498	0.005065
857.618696	0.079387	0.010898	0.009625
858.218566	0.078759	-0.003473	0.005924
858.773818	0.076511	0.001924	0.004963
859.370773	0.079685	0.003476	0.004766
859.981176	0.079334	-0.006318	0.005955
860.571091	0.078132	-0.002298	0.008361
861.143356	0.079256	0.002343	0.008870
861.756494	0.080148	-0.014419	0.003825
862.387274	0.079003	-0.017406	0.004743
862.997271	0.078637	-0.012235	0.007107
863.640270	0.078967	-0.024271	0.004359
864.215133	0.077651	-0.012975	0.008102
864.837872	0.079841	-0.019388	0.006146
865.454409	0.078573	-0.020922	0.010687
866.066336	0.081084	-0.015802	0.005671
866.631253	0.079621	-0.031553	0.008246
867.254738	0.080254	-0.019002	0.003493
867.839861	0.078088	-0.017291	0.004921
868.464301	0.077924	-0.008976	0.007911
869.031972	0.079439	-0.004061	0.005553
869.587216	0.079316	-0.002033	0.005030
870.197707	0.079483	0.003536	0.013087
870.825249	0.081358	0.016824	0.005049
871.436027	0.078917	0.020540	0.003812
872.004519	0.079144	0.017155	0.007121
872.625513	0.080277	0.041241	0.011049
873.223650	0.079150	0.052186	0.007743
873.823134	0.077576	0.056537	0.004967
874.453239	0.080552	0.052203	0.007716
875.005664	0.080000	0.059628	0.004183
875.573424	0.079902	0.065798	0.006973
876.170221	0.079978	0.090673	0.008181
876.718833	0.078519	0.097534	0.009956
877.305772	0.078296	0.114951	0.005796
877.855925	0.077888	0.123623	0.009268
878.499137	0.078242	0.143366	0.009489
879.102304	0.077970	0.138884	0.010050
879.759283	0.080341	0.160901	0.005354
880.327709	0.078687	0.182248	0.010327
880.921801	0.079216	0.193576	0.003353
881.560484	0.080107	0.191404	0.006719
882.130020	0.081474	0.178798	0.004041
882.753238	0.077923	0.175163	0.007006
883.319055	0.079142	0.148771	0.010045
883.944149	0.078913	0.121263	0.007076
884.551063	0.078959	0.087783	0.004063
885.134079	0.079380	0.060061	0.005838
885.715183	0.078760	0.014051	0.008484
886.350257	0.080484	-0.019899	0.008433
886.938600	0.079873	-0.042552	0.007180
887.540376	0.077872	-0.078806	0.007762
888.162198	0.078565	-0.123884	0.013222
888.738880	0.077682	-0.161486	0.007540
889.345254	0.077751	-0.187352	0.010623
889.941235	0.076536	-0.226054	0.008511
890.602334	0.079526	-0.261514	0.004959
891.180941	0.077657	-0.297467	0.003826
891.784770	0.079164	-0.329075	0.004561
892.409117	0.078425	-0.352958	0.004813
893.008313	0.079188	-0.404511	0.004958
893.611893	0.077637	-0.417736	0.005661
894.186850	0.076847	-0.423711	0.009134
894.817558	0.078041	-0.429410	0.006371
895.441450	0.077566	-0.414613	0.005253
896.070454	0.077871	-0.404655	0.006029
896.640153	0.079027	-0.383901	0.004532
897.264023	0.078086	-0.361025	0.010516
897.836220	0.079033	-0.343945	0.008008
898.424398	0.080018	-0.297641	0.007252
899.048177	0.080084	-0.285828	0.006522
899.625140	0.078061	-0.253705	0.004804
900.261277	0.078872	-0.239441	0.008013
900.866738	0.079159	-0.207745	0.005330
901.477807	0.080248	-0.179393	0.008756
902.100425	0.079857	-0.167107	0.010363
902.670181	0.078435	-0.135831	0.003660
903.281390	0.080627	-0.106431	0.011412
903.906435	0.078130	-0.087503	0.009889
904.527704	0.080676	-0.064526	0.007058
905.094506	0.079731	-0.018100	0.007385
905.676468	0.079220	-0.005186	0.008854
906.310389	0.077514	0.018693	0.004582
906.933938	0.080928	0.048994	0.004654
907.509978	0.080368	0.034549	0.003917
908.095595	0.078858	0.044618	0.005335
908.663857	0.079892	0.021883	0.009756
909.248135	0.079513	0.030791	0.005076
909.891064	0.078718	0.027606	0.006309
910.469539	0.077470	0.017333	0.006889
911.105056	0.080166	0.013631	0.003771
911.746356	0.081031	-0.007931	0.008277
912.353484	0.077662	-0.013519	0.007090
912.969534	0.079370	-0.025294	0.003909
913.539091	0.080124	-0.031651	0.005081
914.177904	0.077934	-0.046836	0.007692
914.815160	0.078665	-0.055082	0.004527
915.408534	0.080910	-0.066045	0.005465
915.976813	0.077105	-0.073337	0.007372
916.556649	0.077708	-0.063769	0.009709
917.191718	0.081472	-0.072429	0.007688
917.792349	0.081604	-0.089684	0.006331
918.429424	0.080647	-0.089092	0.006171
918.982908	0.077160	-0.074976	0.003403
919.555869	0.068380	-0.079499	0.008070
920.168559	0.077423	-0.078191	0.009676
920.807447	0.080049	-0.083450	0.005592
921.410409	0.080549	-0.074679	0.008201
921.993402	0.079686	-0.068619	0.005355
922.634409	0.078950	-0.071496	0.003465
923.220469	0.079696	-0.066392	0.004697
923.840337	0.080043	-0.068959	0.007246
924.430375	0.080089	-0.065287	0.006250
925.048932	0.079999	-0.065385	0.002981
925.653777	0.081132	-0.063921	0.009253
926.218341	0.078887	-0.060603	0.005621
926.829221	0.074555	-0.070359	0.005139
927.418381	0.078646	-0.063341	0.006637
928.049792	0.080206	-0.069184	0.005004
928.627882	0.080884	-0.062116	0.006862
929.246552	0.082321	-0.047131	0.006349
929.797185	0.080370	-0.052590	0.007437
930.388432	0.080924	-0.057131	0.003404
930.976548	0.079435	-0.048633	0.006022
931.601113	0.076766	-0.047054	0.009552
932.265525	0.076989	-0.058163	0.009381
932.917844	0.081100	-0.055471	0.004680
933.537014	0.077668	-0.042557	0.006512
934.088064	0.080431	-0.050216	0.007419
934.647239	0.079912	-0.050461	0.004538
935.230599	0.077901	-0.047719	0.008613
935.841344	0.079567	-0.055007	0.007779
936.499637	0.080280	-0.053176	0.007024
937.095003	0.075871	-0.044839	0.005743
937.694981	0.078037	-0.048863	0.004578
938.253508	0.079080	-0.043347	0.009504
938.867345	0.081301	-0.039563	0.009779
939.520455	0.077389	-0.033351	0.004204
940.149282	0.081268	-0.027824	0.004066
940.743316	0.082283	-0.210911	0.012372
941.304130	0.081723	-0.232705	0.010090
941.936693	0.080535	-0.257416	0.009898
942.532261	0.081076	-0.284905	0.010698
943.124105	0.078874	-0.307433	0.010461
943.697595	0.080198	-0.321101	0.009482
944.330004	0.082428	-0.344701	0.009537
944.921253	0.078864	-0.320446	0.057308
945.551502	0.078424	0.115549	0.010146
946.177190	0.078805	-0.071122	0.130260
946.749019	0.081556	0.109957	0.008785
947.384977	0.082311	0.027683	0.003872
947.997006	0.079771	0.020299	0.006806
948.598368	0.077906	0.012599	0.010416
949.160590	0.080666	0.021094	0.013035
949.781638	0.079501	0.000579	0.012922
950.401874	0.077960	0.014506	0.003817
950.987407	0.079674	-0.000118	0.003295
951.607813	0.076921	0.001113	0.002855
952.214315	0.078278	0.003025	0.003176
952.814981	0.079167	0.001373	0.002748
953.436821	0.078208	0.002080	0.003167
954.058675	0.078794	0.001826	0.002914
954.649455	0.078773	0.001658	0.002891
955.281852	0.078801	-0.003939	0.005786
955.906753	0.077358	0.001445	0.002763
956.500245	0.078129	0.001377	0.002743
957.140548	0.077739	0.001653	0.008240
957.729811	0.075394	-0.004446	0.006297
958.314259	0.080569	0.001393	0.002813
958.889710	0.079048	0.001380	0.002924
959.511332	0.077360	0.001400	0.002682
960.095532	0.079297	0.001418	0.002968
960.664691	0.081286	0.001424	0.002676
961.291566	0.081383	0.001394	0.002762
961.921355	0.082011	0.001378	0.002708
962.541227	0.078898	0.001406	0.002746
963.089145	0.080662	0.001429	0.002886
963.732249	0.078279	0.001402	0.002743
964.324160	0.081065	0.001399	0.002792
964.913790	0.078784	0.001461	0.002989
964.624246	0.079768	0.001411	0.002702
964.068319	0.077860	0.001468	0.002775
963.456771	0.077934	0.001399	0.002850
962.839904	0.079106	0.001457	0.002847
962.223859	0.075811	0.001440	0.002754
961.661294	0.080103	0.001408	0.002826
961.016581	0.080470	0.001331	0.002729
960.437855	0.079910	0.001366	0.002763
959.796836	0.077374	0.001403	0.002753
959.209115	0.077336	0.001395	0.002750
958.642696	0.076863	0.001370	0.002826
958.025045	0.079265	0.001421	0.002809
957.385770	0.079353	0.001409	0.002682
956.798367	0.078334	0.001444	0.002773
956.225456	0.075973	0.001385	0.002787
955.620451	0.079505	0.001344	0.002753
955.011515	0.077514	0.001322	0.002857
954.414545	0.077771	0.001461	0.002878
953.776148	0.077583	0.001395	0.002892
953.201550	0.079904	0.001453	0.003004
952.567744	0.081776	0.001376	0.002980
951.955497	0.078949	0.001334	0.002869
951.344056	0.075928	0.001368	0.002826
950.766090	0.075792	0.001329	0.002923
950.132469	0.079634	0.001449	0.002869
949.493610	0.076409	0.001412	0.002785
948.881521	0.078841	0.001365	0.002952
948.231034	0.075589	0.001480	0.002918
947.669783	0.077901	0.001441	0.002979
947.098275	0.077680	0.001455	0.002987
946.507033	0.079813	0.001378	0.002960
945.886880	0.077775	0.001369	0.003016
945.248724	0.080809	0.001338	0.002928
944.675986	0.078165	0.001512	0.002941
944.052699	0.078171	0.001400	0.002980
943.428223	0.079399	0.002920	0.003458
942.868812	0.080635	0.067618	0.005517
942.331217	0.079646	0.058233	0.004798
941.768265	0.075144	0.058984	0.006702
941.203473	0.075714	0.045093	0.005553
940.617991	0.077222	0.038796	0.004304
940.080898	0.080799	0.041870	0.004762
939.518660	0.078428	0.034639	0.003744
938.933028	0.079353	0.027518	0.005592
938.368618	0.079404	0.026113	0.004790
937.812290	0.077108	0.022730	0.003652
937.199392	0.080773	0.007079	0.004848
936.628805	0.080369	0.005277	0.003431
936.026068	0.076026	0.009613	0.003642
935.410327	0.079678	0.000658	0.006256
934.866328	0.077040	0.003455	0.004056
934.317384	0.079329	0.007128	0.005623
933.755816	0.079581	0.002487	0.004317
933.176534	0.078697	-0.000578	0.004382
932.601659	0.078315	-0.005526	0.004455
932.039866	0.079838	-0.015349	0.004948
931.399062	0.078922	-0.007547	0.004053
930.784916	0.078448	-0.011461	0.003217
930.177302	0.081220	-0.019759	0.007809
929.561674	0.078934	-0.012737	0.003925
929.022346	0.078364	-0.012313	0.009767
928.402593	0.079557	-0.019762	0.005768
