800.410440	0.076674	0.005199	0.007859
801.070796	0.079673	0.015546	0.009627
801.644950	0.078899	0.004581	0.003515
802.256656	0.078658	0.011020	0.007219
802.933432	0.080927	0.013418	0.004152
803.503581	0.078692	0.008569	0.003830
804.098196	0.079935	0.004808	0.006184
804.650892	0.080930	0.005728	0.010140
805.230222	0.080052	0.022144	0.008264
805.872511	0.076562	0.004263	0.007859
806.465001	0.079285	0.005438	0.005756
807.044397	0.079728	0.012058	0.005709
807.600285	0.073556	0.015566	0.004854
808.146307	0.078402	-0.004157	0.006128
808.746632	0.082389	0.000830	0.004740
809.319384	0.079813	0.012438	0.004086
809.909222	0.077059	0.009580	0.007204
810.493587	0.079831	0.005515	0.005492
811.079970	0.078240	0.013641	0.012016
811.671230	0.075059	0.009072	0.004121
812.263134	0.082201	0.006703	0.007740
812.843374	0.078709	0.015607	0.005897
813.425533	0.079733	0.020329	0.007901
814.070144	0.079240	0.007111	0.003822
814.667813	0.077715	0.010259	0.005228
815.249466	0.078408	0.006531	0.006187
815.841812	0.082230	0.015573	0.005954
816.386425	0.078949	0.003827	0.003756
816.957598	0.079541	0.010977	0.004909
817.552364	0.079357	0.010012	0.010212
818.147630	0.079600	-0.011008	0.014283
818.729538	0.078939	0.004411	0.006333
819.287422	0.078211	0.010260	0.005916
819.885051	0.079247	0.012499	0.005513
820.519339	0.078826	0.011033	0.009015
821.132692	0.079767	0.014127	0.007629
821.707338	0.077856	0.002376	0.006533
822.319021	0.076216	0.007199	0.007009
822.935311	0.080108	0.008700	0.004833
823.577067	0.078081	0.011800	0.005671
824.138304	0.079113	0.020141	0.003570
824.708954	0.080814	0.012886	0.006627
825.270714	0.078758	0.006580	0.006231
825.853715	0.080042	0.021502	0.004477
826.396471	0.078641	0.016272	0.005964
826.976359	0.079276	0.010569	0.005322
827.611846	0.078393	0.012865	0.003230
828.233285	0.078688	0.012433	0.004081
828.834898	0.077564	0.012638	0.006408
829.397019	0.080111	0.008578	0.004274
829.999584	0.079284	0.017627	0.010103
830.634355	0.079072	0.019591	0.005230
831.216071	0.081027	0.015936	0.009484
831.796881	0.079180	0.022484	0.005078
832.417275	0.079753	0.020253	0.007439
833.010412	0.078446	0.014131	0.003824
833.598313	0.079943	0.011748	0.006739
834.181620	0.078524	0.010312	0.008543
834.793350	0.078641	0.016997	0.010221
835.440244	0.081343	0.021716	0.005864
836.010702	0.078209	0.021744	0.004264
836.618767	0.079918	0.015023	0.003079
837.211179	0.079786	0.024149	0.004046
837.787253	0.079250	0.013966	0.005023
838.398652	0.075437	0.013320	0.004636
838.974518	0.078290	0.023963	0.009259
839.581444	0.079095	0.019149	0.006894
840.181309	0.080388	0.029101	0.004776
840.779408	0.079941	0.030290	0.007341
841.347024	0.078801	0.031166	0.006031
841.920151	0.081192	0.029553	0.004212
842.518403	0.082856	0.045403	0.005037
843.096717	0.077107	0.040142	0.005313
843.689183	0.080051	0.053229	0.012415
844.293538	0.079097	0.048915	0.006423
844.908962	0.079307	0.062042	0.009267
845.513523	0.079590	0.050011	0.006338
846.095649	0.078103	0.074222	0.008884
846.737512	0.078701	0.087449	0.005720
847.355055	0.078254	0.081050	0.005892
847.985083	0.079636	0.100109	0.006236
848.559706	0.078331	0.119589	0.012786
849.176072	0.080418	0.119586	0.008113
849.760385	0.080422	0.121092	0.007459
850.397662	0.076179	0.129726	0.010196
851.021983	0.082344	0.142674	0.012193
851.583304	0.082616	0.150315	0.010103
852.210235	0.078668	0.157204	0.004977
852.848197	0.082862	0.159675	0.008945
853.414275	0.081138	0.139400	0.005889
853.989564	0.083333	0.118722	0.004938
854.580269	0.075677	0.118866	0.005335
855.177848	0.079843	0.083726	0.003740
855.766462	0.080045	0.051938	0.007734
856.358318	0.077421	0.037808	0.005859
856.961331	0.077044	0.023130	0.008627
857.563362	0.078351	-0.001868	0.009006
858.168988	0.080255	-0.021604	0.005250
858.760658	0.079465	-0.062790	0.006647
859.368784	0.074720	-0.074529	0.007758
859.951155	0.080139	-0.084991	0.004875
860.550532	0.078393	-0.103491	0.005856
861.188768	0.079578	-0.125954	0.004664
861.750797	0.079335	-0.163945	0.006517
862.365557	0.078215	-0.174994	0.005188
862.936527	0.076583	-0.207041	0.005049
863.526491	0.078094	-0.228449	0.008818
864.089927	0.080065	-0.247407	0.005612
864.705101	0.080267	-0.279547	0.006961
865.300150	0.078473	-0.292867	0.005181
865.853082	0.079190	-0.313761	0.004723
866.424797	0.079326	-0.345176	0.005325
867.017379	0.078879	-0.371782	0.013503
867.618095	0.080706	-0.360190	0.006259
868.252088	0.076139	-0.368772	0.006744
868.829604	0.077919	-0.363859	0.003584
869.458622	0.078764	-0.355451	0.006304
870.080146	0.079492	-0.338692	0.004728
870.668009	0.076651	-0.314369	0.005344
871.236736	0.078219	-0.303882	0.003210
871.790361	0.079936	-0.286691	0.007846
872.388065	0.077739	-0.276683	0.004205
873.004198	0.076817	-0.249903	0.009876
873.613981	0.079108	-0.230079	0.005209
874.186024	0.079171	-0.209397	0.008375
874.782539	0.079856	-0.205370	0.008454
875.396414	0.079556	-0.190648	0.004575
875.976983	0.078010	-0.179303	0.005112
876.570093	0.077669	-0.170407	0.006792
877.129893	0.076877	-0.149651	0.004876
877.745965	0.077886	-0.116450	0.003699
878.358318	0.078493	-0.117857	0.006823
878.977269	0.081619	-0.102782	0.008154
879.561205	0.080148	-0.088219	0.003969
880.188087	0.079376	-0.065779	0.005225
880.832353	0.079150	-0.059395	0.007516
881.435290	0.080454	-0.051730	0.007570
882.018483	0.079128	-0.021527	0.003576
882.648949	0.076871	-0.019778	0.005989
883.260667	0.077491	-0.010771	0.004840
883.821178	0.075981	-0.013732	0.009077
884.432507	0.081586	-0.003731	0.005940
885.008373	0.078256	0.008266	0.006556
885.621608	0.078623	-0.006480	0.006785
886.218660	0.079318	-0.013095	0.006211
886.840308	0.079427	-0.025829	0.005992
887.446627	0.078221	-0.024131	0.015284
888.070483	0.080129	-0.029474	0.008647
888.711133	0.078486	-0.028379	0.007720
889.307692	0.079109	-0.045410	0.005960
889.882723	0.079476	-0.056402	0.006044
890.508846	0.080340	-0.055244	0.003158
891.126291	0.080154	-0.056990	0.004277
891.757955	0.079216	-0.060839	0.003596
892.412285	0.079790	-0.050969	0.008280
892.983589	0.076571	-0.060490	0.006124
893.586774	0.077809	-0.060635	0.005766
894.184904	0.077929	-0.071997	0.004630
894.800596	0.078981	-0.065240	0.007853
895.405290	0.077344	-0.078097	0.004727
896.029999	0.079233	-0.059819	0.004416
896.649935	0.078470	-0.071938	0.003572
897.245712	0.077547	-0.069518	0.005430
897.857835	0.077755	-0.066396	0.006087
898.406228	0.079454	-0.070112	0.005032
899.022256	0.077791	-0.061874	0.006150
899.608310	0.080287	-0.058028	0.008290
900.243421	0.080112	-0.062403	0.004321
900.835697	0.080463	-0.047657	0.004011
901.430663	0.079101	-0.057121	0.005295
902.059059	0.077836	-0.043884	0.011130
902.697489	0.078584	-0.061704	0.008721
903.303959	0.079494	-0.056481	0.007810
903.924164	0.079783	-0.046878	0.004784
904.556538	0.077831	-0.042898	0.007813
905.113795	0.076847	-0.055229	0.004122
905.712792	0.078239	-0.046162	0.005030
906.306908	0.077824	-0.044198	0.004150
906.936548	0.077602	-0.036111	0.005558
907.556506	0.078349	-0.044875	0.005399
908.165493	0.075285	-0.035701	0.003805
908.787068	0.077082	-0.030748	0.003942
909.348516	0.077054	-0.030787	0.006557
909.971050	0.079487	-0.034550	0.005005
910.578192	0.077622	-0.034488	0.008734
911.179207	0.076294	-0.039080	0.003411
911.803158	0.078775	-0.030803	0.008840
912.380245	0.078730	-0.027997	0.007276
912.983321	0.080202	-0.044081	0.006637
913.612368	0.080684	-0.046147	0.013955
914.253239	0.078121	-0.037441	0.005354
914.842239	0.084949	-0.030675	0.003590
915.447321	0.077399	-0.031808	0.005349
916.061861	0.077222	-0.021949	0.005692
916.667736	0.079702	-0.026559	0.006212
917.342319	0.076910	-0.027017	0.003809
917.917562	0.079149	-0.022984	0.003489
918.538044	0.075331	-0.031263	0.004862
919.162742	0.080951	-0.032504	0.004596
919.721767	0.076977	-0.019809	0.007802
920.301006	0.076964	-0.024212	0.003664
920.908177	0.079138	-0.017405	0.010243
921.545971	0.079453	-0.023387	0.005171
922.166666	0.076987	-0.020188	0.009463
922.750078	0.076260	-0.008052	0.006392
923.366722	0.080688	-0.022797	0.003128
923.983261	0.079410	-0.019373	0.005144
924.630817	0.077805	-0.019750	0.006778
925.251752	0.081339	-0.009637	0.004285
925.839688	0.081840	-0.014217	0.004984
926.452736	0.078900	-0.008663	0.003779
927.061403	0.081327	-0.011622	0.008161
927.666331	0.078546	-0.017539	0.005149
928.282045	0.078562	-0.014959	0.005822
928.841278	0.079708	-0.018867	0.003604
929.471497	0.076804	-0.008639	0.007017
930.015071	0.080959	-0.014582	0.003847
930.578649	0.079073	-0.007062	0.005631
931.118942	0.082392	-0.013174	0.008860
931.668738	0.083246	-0.010951	0.003980
932.239371	0.081277	0.002759	0.004694
932.809001	0.080267	-0.002526	0.005017
933.334785	0.078699	-0.002917	0.006140
933.922569	0.078032	0.008609	0.003891
934.477297	0.079934	0.003776	0.004198
935.060306	0.078095	0.008103	0.006931
935.638768	0.079739	-0.001277	0.006845
936.223040	0.078332	0.005730	0.003985
936.808291	0.071870	-0.001599	0.009307
937.375910	0.080486	0.009821	0.004562
937.972513	0.080774	-0.006931	0.012156
938.544995	0.078701	-0.004064	0.006913
939.135196	0.077657	0.002065	0.002961
939.712024	0.077999	-0.003050	0.007922
940.307673	0.078555	0.005234	0.004835
940.876314	0.079638	0.004801	0.005013
941.410498	0.077696	0.004932	0.002960
942.023674	0.078857	0.013913	0.006223
942.620928	0.078532	0.018713	0.007292
943.208619	0.079113	0.009614	0.006593
943.749959	0.080456	0.016717	0.006665
944.310021	0.077428	0.012749	0.005978
944.873560	0.076009	0.011670	0.007642
945.444860	0.080676	0.023332	0.006279
946.038284	0.078996	0.008438	0.004754
946.672128	0.081532	0.013255	0.003404
947.288010	0.079476	0.010650	0.004307
947.964084	0.077846	0.016281	0.005275
948.557330	0.072336	0.010963	0.003838
949.216832	0.079013	0.015325	0.004458
949.828162	0.081746	0.017539	0.006264
950.392203	0.079878	0.022734	0.004548
950.955358	0.079385	0.018857	0.003577
951.531822	0.079509	0.007420	0.004399
952.091160	0.078312	0.012856	0.003373
952.637645	0.076410	0.023551	0.005237
953.212294	0.078109	0.025521	0.003487
953.778035	0.080226	0.017771	0.003621
954.362700	0.078378	0.016903	0.005814
954.930296	0.077281	0.025637	0.003110
955.495005	0.079380	0.030136	0.005903
956.037716	0.073766	0.023675	0.004286
956.593967	0.078765	0.019084	0.004378
957.193553	0.079625	0.031853	0.004952
957.818108	0.079877	0.032965	0.006342
958.399086	0.080025	0.024773	0.006371
959.016422	0.080163	0.025003	0.004669
959.645605	0.075204	0.032530	0.003140
960.272209	0.079083	0.023959	0.004804
960.900531	0.080176	0.033124	0.004730
961.519177	0.078201	0.030067	0.003780
962.087737	0.080008	0.030437	0.006061
962.655260	0.079258	0.025525	0.004853
963.235938	0.080304	0.034544	0.005938
963.803563	0.077041	0.033354	0.004184
964.412844	0.076849	0.034052	0.007240
964.996203	0.077208	0.036766	0.003631
964.575367	0.079546	0.036907	0.004167
963.969548	0.078358	0.034011	0.005917
963.346915	0.079816	0.031727	0.005251
962.738383	0.073522	0.032300	0.003164
962.141828	0.076959	0.028840	0.003911
961.558134	0.080448	0.032113	0.004144
960.941478	0.077495	0.037136	0.005395
960.359675	0.076068	0.029846	0.004468
959.791581	0.077582	0.027987	0.003814
959.237711	0.078605	0.025183	0.004160
958.625517	0.079112	0.024309	0.005346
957.985193	0.080137	0.024949	0.007691
957.396123	0.079748	0.024439	0.006713
956.806231	0.079665	0.024113	0.003487
956.149267	0.077416	0.026512	0.003267
955.524404	0.078709	0.024920	0.004739
954.887270	0.079739	0.023634	0.004080
954.284126	0.080708	0.022118	0.003756
953.683918	0.082414	0.029272	0.003432
953.096073	0.081911	0.019778	0.004929
952.525820	0.077718	0.023311	0.004026
951.908089	0.079842	0.023230	0.003635
951.332828	0.079588	0.014564	0.004544
950.770770	0.080494	0.018088	0.006181
950.148695	0.077774	0.019759	0.004119
949.509256	0.075962	0.021417	0.008205
948.912327	0.078079	0.008821	0.003088
948.314843	0.080668	0.018853	0.003587
947.707006	0.079496	0.019949	0.004486
947.122908	0.076915	0.017426	0.003607
946.517554	0.081514	0.010649	0.005350
945.869034	0.079898	0.007267	0.005136
945.258308	0.076942	0.018781	0.003378
944.596028	0.078609	0.020054	0.008749
943.962146	0.079043	0.012229	0.004900
943.340438	0.077259	0.007718	0.005192
942.777823	0.080532	2.296548E-5	0.004141
942.216592	0.077419	0.010324	0.005775
941.672879	0.080116	0.000120	0.003936
941.084075	0.078316	0.011872	0.007300
940.532400	0.079982	0.004556	0.004005
939.951513	0.079810	0.006111	0.003329
939.332389	0.080196	0.002490	0.007222
938.728387	0.077682	0.001289	0.007553
938.133987	0.076431	-0.007864	0.005509
937.577667	0.080281	0.001796	0.004946
937.004628	0.077156	0.009499	0.005360
936.441328	0.078954	-0.000172	0.005413
935.917492	0.079320	-0.001235	0.006012
935.324997	0.078927	-0.005373	0.003031
934.678596	0.079058	0.002329	0.004156
934.058542	0.078295	-0.004933	0.004618
933.410935	0.079381	0.001422	0.003047
932.844747	0.079673	-0.000805	0.004619
932.242886	0.078320	-0.003438	0.003342
931.679129	0.077467	0.000420	0.006965
931.081228	0.080518	-0.000650	0.003056
930.515948	0.079343	-0.011134	0.007554
929.914694	0.078261	4.095902E-6	0.007878
929.329341	0.081400	-0.006304	0.005708
928.672787	0.077619	-0.010433	0.005254
928.026401	0.078799	-0.017103	0.004571
927.362868	0.079708	-0.011476	0.007134
926.793719	0.080261	-0.019866	0.006767
926.198056	0.079376	-0.016108	0.004901
925.528914	0.076059	-0.018629	0.005141
924.865358	0.081397	-0.022020	0.010257
924.243867	0.076252	-0.012121	0.004510
923.644188	0.076795	-0.017016	0.009351
923.071949	0.083362	-0.021071	0.004124
922.440852	0.080486	-0.022180	0.006503
921.775000	0.084015	-0.022075	0.005541
921.129756	0.081628	-0.019449	0.004456
920.521025	0.075075	-0.025680	0.003527
919.930248	0.080286	-0.023136	0.006832
919.383862	0.078903	-0.018411	0.005403
918.814215	0.076401	-0.017513	0.004551
918.241881	0.080026	-0.030962	0.009443
917.630817	0.080600	-0.030584	0.005612
917.041810	0.086475	-0.017569	0.006023
916.360514	0.077585	-0.036149	0.007357
915.757734	0.082812	-0.023666	0.005502
915.134585	0.080908	-0.033410	0.007806
914.507992	0.081352	-0.027292	0.003504
913.876801	0.080337	-0.036072	0.003900
913.327763	0.085674	-0.026599	0.004221
912.747414	0.081670	-0.035338	0.004682
912.130545	0.079197	-0.037987	0.003919
911.542933	0.080363	-0.035931	0.007060
910.903463	0.079547	-0.026265	0.007608
910.314212	0.079506	-0.033202	0.005749
909.682422	0.079968	-0.055609	0.008360
909.121404	0.078219	-0.053999	0.005037
908.514153	0.078310	-0.044090	0.009013
907.946711	0.081560	-0.042846	0.007223
907.365793	0.082535	-0.033593	0.006647
906.775624	0.081019	-0.044373	0.007455
906.187103	0.076710	-0.046401	0.005011
905.530196	0.074985	-0.040866	0.013252
904.918230	0.077122	-0.041019	0.008211
904.258457	0.082234	-0.038188	0.008301
903.649181	0.078292	-0.068927	0.006123
902.999824	0.082080	-0.056141	0.004976
902.390355	0.076752	-0.048571	0.008327
901.799966	0.080040	-0.062015	0.007847
901.197078	0.078033	-0.058981	0.004880
900.565104	0.081476	-0.061915	0.005458
899.948472	0.080029	-0.061705	0.004481
899.380072	0.078809	-0.049958	0.008703
898.843624	0.075125	-0.062798	0.005691
898.259937	0.079307	-0.054473	0.007968
897.728148	0.079322	-0.066321	0.006898
897.174817	0.077300	-0.073565	0.008111
896.654325	0.079452	-0.067932	0.009031
896.093450	0.077839	-0.072476	0.004082
895.529566	0.078886	-0.061692	0.005855
894.984501	0.078293	-0.070603	0.007365
894.424087	0.079173	-0.075057	0.010621
893.845930	0.079926	-0.070610	0.010370
893.275895	0.077447	-0.065648	0.008705
892.689440	0.078155	-0.060509	0.006730
892.053059	0.078430	-0.062226	0.006381
891.515295	0.078760	-0.058758	0.003828
890.962000	0.079798	-0.061574	0.007801
890.414324	0.079748	-0.039336	0.012478
889.863385	0.078433	-0.042501	0.005376
889.332717	0.078098	-0.042359	0.006810
888.760002	0.077370	-0.054421	0.008238
888.220395	0.079665	-0.032997	0.005416
887.647147	0.079470	-0.031657	0.003679
887.093608	0.083759	-0.023536	0.004647
886.554253	0.079116	-0.022825	0.006605
886.033449	0.081085	-0.018372	0.006888
885.500294	0.077116	-0.008436	0.007605
884.972463	0.078278	-0.003319	0.004564
884.443221	0.080318	0.006292	0.004924
883.901552	0.077554	-0.001197	0.005538
883.359733	0.079799	-0.005907	0.010577
882.830401	0.079079	0.001514	0.006654
882.279251	0.080123	-0.022455	0.005967
881.701252	0.079802	-0.026077	0.003953
881.140945	0.078132	-0.045096	0.010764
880.598690	0.077601	-0.054883	0.005067
880.059610	0.079495	-0.069282	0.005738
879.517965	0.079541	-0.094326	0.004500
878.972573	0.077422	-0.093833	0.006186
878.400605	0.076929	-0.113919	0.005644
877.828938	0.078171	-0.135671	0.005676
877.285353	0.078070	-0.145936	0.004670
876.743572	0.078395	-0.149706	0.005259
876.213555	0.077625	-0.154501	0.007275
875.648599	0.078172	-0.170843	0.003944
875.090998	0.077697	-0.189512	0.005570
874.557228	0.079397	-0.197499	0.005581
873.987168	0.077807	-0.212967	0.005714
873.433526	0.078557	-0.241809	0.007850
872.878434	0.079873	-0.241784	0.006650
872.327548	0.076878	-0.261715	0.004689
871.786834	0.080036	-0.275673	0.005268
871.222571	0.078495	-0.289946	0.012807
870.687424	0.078531	-0.315046	0.003173
870.070958	0.080922	-0.331691	0.010186
869.502127	0.077917	-0.351291	0.006832
868.860297	0.081422	-0.365270	0.007170
868.258127	0.078446	-0.367806	0.007768
867.601714	0.078335	-0.363448	0.004633
866.968641	0.076756	-0.361482	0.012147
866.327580	0.078239	-0.336708	0.005404
865.716832	0.078235	-0.326009	0.012590
865.117827	0.081641	-0.304132	0.005353
864.458766	0.080240	-0.278220	0.007747
863.854369	0.079866	-0.250068	0.005908
863.194189	0.078297	-0.217447	0.008294
862.600430	0.073121	-0.199920	0.006223
861.998860	0.078299	-0.164727	0.008234
861.402651	0.081732	-0.149616	0.004224
860.825907	0.079191	-0.132679	0.006178
860.257450	0.081273	-0.108361	0.003934
859.682771	0.077559	-0.085847	0.008694
859.106637	0.077282	-0.067552	0.010305
858.545964	0.079681	-0.059912	0.010683
857.989581	0.079199	-0.033315	0.008578
857.425867	0.078111	-0.010796	0.003844
856.868439	0.080681	0.014370	0.009009
856.298393	0.081753	0.045983	0.003786
855.723453	0.078544	0.059828	0.009720
855.093551	0.077663	0.080225	0.004907
854.541852	0.077141	0.087737	0.009495
853.934219	0.080232	0.127816	0.004258
853.305427	0.080611	0.142357	0.003944
852.669121	0.078789	0.142154	0.006361
852.015120	0.078527	0.150391	0.007060
851.396359	0.076253	0.151004	0.007510
850.756396	0.075796	0.142387	0.004029
850.183263	0.079718	0.127288	0.006971
849.581460	0.079725	0.120870	0.005111
848.984295	0.078166	0.106025	0.007702
848.394780	0.080795	0.107919	0.007341
847.763383	0.079805	0.090736	0.007281
847.160184	0.077204	0.080722	0.006833
846.584855	0.077913	0.073123	0.006687
845.989559	0.080538	0.063328	0.004438
845.394515	0.081266	0.064853	0.008999
844.841106	0.078637	0.060060	0.005689
844.307775	0.079157	0.053031	0.005071
843.715243	0.077573	0.054892	0.006710
843.110187	0.078497	0.041826	0.003299
842.518707	0.077783	0.043617	0.005038
841.937340	0.079723	0.037183	0.006598
841.380386	0.080288	0.040535	0.008987
840.800785	0.078647	0.030874	0.007364
840.207324	0.078606	0.025295	0.004232
839.586514	0.078850	0.029982	0.011253
838.982314	0.077837	0.033343	0.004605
838.384440	0.078928	0.018804	0.009266
837.751826	0.077241	0.031350	0.007488
837.122881	0.078730	0.029226	0.004050
836.513382	0.079551	0.031717	0.006643
835.964010	0.079495	0.020340	0.008246
835.406689	0.080078	0.018487	0.007331
834.778458	0.079351	0.005264	0.004984
834.175379	0.079009	0.004429	0.006593
833.535059	0.078404	0.017076	0.007214
832.954018	0.077161	0.016985	0.005518
832.371004	0.078203	0.016229	0.008435
831.757601	0.078707	0.016292	0.006832
831.144881	0.079227	0.017324	0.006380
830.567247	0.079045	0.009588	0.010794
829.993369	0.079850	0.022066	0.004444
829.443220	0.078416	0.017703	0.003300
828.877204	0.078837	0.011844	0.004724
828.328034	0.077408	0.011316	0.003706
827.761013	0.078283	0.003644	0.007370
827.164213	0.079013	0.008523	0.009986
826.555910	0.079189	0.010074	0.007759
825.945342	0.077725	0.008568	0.005076
825.395489	0.078452	0.005428	0.006480
824.808357	0.077748	0.001177	0.004080
824.223384	0.080096	0.006136	0.006891
823.652254	0.079524	0.005376	0.008411
823.039869	0.080318	0.021776	0.005957
822.472083	0.080024	0.004652	0.005659
821.916675	0.079617	0.001000	0.004497
821.366532	0.080418	0.016662	0.007123
820.800754	0.077878	0.003434	0.005279
820.219341	0.081019	-2.301708E-5	0.007737
819.620671	0.078532	0.007850	0.010151
818.999832	0.073566	0.004088	0.006667
818.395227	0.077029	0.000270	0.008193
817.809583	0.080940	0.015444	0.006722
817.224381	0.079888	0.010487	0.015233
816.576597	0.078798	0.010268	0.005436
815.948446	0.077463	0.012562	0.007875
815.298869	0.076194	0.024157	0.005325
814.682581	0.081963	0.010188	0.004681
814.031873	0.081572	0.023859	0.004769
813.398185	0.075036	0.011820	0.003946
812.714764	0.077504	0.008075	0.008062
812.106974	0.078772	0.014256	0.010590
811.511972	0.074884	0.006094	0.005066
810.909037	0.079881	0.006941	0.005924
810.350799	0.080034	0.014728	0.005265
809.739830	0.079903	0.008535	0.006811
809.114751	0.081426	0.018776	0.006905
808.547280	0.079915	0.006535	0.008581
807.961252	0.078466	0.014662	0.004216
807.406197	0.080559	0.013307	0.007860
806.824688	0.077768	0.005690	0.004703
806.213866	0.077228	0.016035	0.006949
805.595643	0.080533	0.010998	0.003568
804.972498	0.077416	0.019054	0.005457
804.392367	0.078464	0.013392	0.006588
803.758578	0.078616	0.011685	0.004930
803.161885	0.078146	0.016426	0.004650
802.546890	0.079748	0.003645	0.005902
801.920902	0.079264	0.008266	0.005319
801.322898	0.079739	0.011252	0.003227
800.636285	0.078715	0.004426	0.003824
800.056912	0.079437	0.003428	0.004318
799.423963	0.079877	0.007269	0.004177
798.849425	0.081247	0.012275	0.006034
798.260214	0.080520	0.018675	0.003277
797.673028	0.079203	0.005968	0.004809
797.089416	0.077843	0.006049	0.007503
796.518566	0.078556	0.007622	0.004688
795.933284	0.079783	0.021431	0.008200
795.319228	0.079164	0.013006	0.007841
794.713910	0.078648	0.018105	0.003215
794.111792	0.079543	0.017084	0.003307
793.472481	0.076776	0.001810	0.006932
792.862075	0.075482	0.018720	0.007698
792.251953	0.080579	0.021263	0.005565
791.689507	0.078336	0.020871	0.004788
791.118161	0.079730	0.017856	0.004478
790.541144	0.078488	0.013888	0.006241
789.963489	0.076469	0.009136	0.004776
789.392440	0.079258	0.010813	0.004854
788.781805	0.081284	0.008176	0.010874
788.132505	0.078553	0.016193	0.008023
787.528532	0.078566	0.006431	0.004013
786.915579	0.078670	0.010703	0.004649
786.395645	0.081469	0.014285	0.008489
785.734789	0.079206	0.003281	0.014300
785.034397	0.077725	0.003827	0.006885
784.362575	0.078453	0.015302	0.008218
783.702709	0.080773	0.008883	0.004114
783.053511	0.076828	0.003560	0.004768
782.470511	0.079410	0.011196	0.003428
781.884622	0.079121	0.022657	0.004559
781.258713	0.076864	0.013745	0.005575
780.646914	0.084549	0.009097	0.007450
780.068090	0.076647	0.005919	0.005365
779.500634	0.079798	0.015600	0.003679
778.918643	0.080563	0.012403	0.004369
778.342917	0.080573	0.006528	0.003327
777.763492	0.080307	0.021077	0.010265
777.193658	0.080094	0.023128	0.007317
776.597677	0.082781	0.013587	0.003232
776.013628	0.077302	0.010241	0.004707
775.457254	0.079028	0.013069	0.003961
774.824898	0.079151	0.015581	0.004367
774.201065	0.077759	0.021371	0.005013
773.606893	0.077732	0.016493	0.005389
772.951022	0.081735	0.017825	0.004605
772.367417	0.076904	0.018579	0.006428
771.809122	0.080379	0.009228	0.007300
771.212640	0.080159	0.009725	0.004282
770.642757	0.084822	0.009256	0.006815
770.057754	0.079487	0.007647	0.011630
769.488205	0.076847	0.009498	0.004568
768.919215	0.077244	0.012290	0.004127
768.348336	0.077679	0.014491	0.004064
767.784910	0.078789	0.017774	0.005386
767.217069	0.078137	-0.000948	0.005208
766.598598	0.079926	0.008762	0.006909
765.992887	0.079820	0.013661	0.003777
765.428876	0.078278	0.016376	0.002956
764.808902	0.079506	0.014619	0.007796
764.194468	0.081226	0.015632	0.005579
763.595045	0.077581	0.005373	0.008150
763.037298	0.077715	0.012736	0.005057
762.495266	0.077579	0.015090	0.003674
761.926331	0.077349	0.015297	0.004434
761.382260	0.078539	0.013397	0.006769
760.820053	0.077469	0.017435	0.003483
760.267084	0.078863	0.016667	0.004130
759.661604	0.080171	0.017891	0.005954
759.043511	0.080165	0.023086	0.003153
758.479761	0.079514	0.010203	0.004826
757.859588	0.079913	0.022211	0.004057
757.287054	0.078781	0.008409	0.003717
756.642784	0.078440	0.013439	0.005354
756.069988	0.077436	0.019150	0.006231
755.485614	0.080091	0.018453	0.003403
754.887425	0.081026	0.019677	0.004387
754.260989	0.078671	0.016078	0.005944
753.647465	0.076376	0.021280	0.004157
753.056046	0.079540	0.017428	0.009270
752.428489	0.080495	0.016256	0.005255
751.830598	0.078797	0.014717	0.005193
751.234209	0.079254	0.019905	0.004338
750.591881	0.078787	0.017662	0.004658
750.020415	0.077134	0.013050	0.004971
749.408117	0.079930	0.025722	0.005541
748.793275	0.079068	0.022814	0.003305
748.176417	0.078136	0.015268	0.004093
747.609048	0.081666	0.018866	0.003195
746.994920	0.081121	0.016868	0.003488
746.376037	0.078949	0.022608	0.003778
745.773303	0.081425	0.014779	0.007169
745.141547	0.079723	0.030977	0.004247
744.576690	0.076508	0.020625	0.004202
744.000082	0.079759	0.026823	0.006285
743.361885	0.079553	0.021944	0.005060
742.798826	0.076475	0.020628	0.004137
742.244506	0.077499	0.025329	0.004202
741.689057	0.079189	0.033506	0.006495
741.080309	0.077189	0.033152	0.004587
740.462120	0.078955	0.033409	0.003514
739.857565	0.076085	0.023732	0.003712
739.275350	0.079899	0.033450	0.005814
738.711713	0.078729	0.033953	0.004330
738.133061	0.077297	0.031412	0.006764
737.564621	0.078049	0.026218	0.005931
737.001175	0.077867	0.039535	0.003642
736.394370	0.079260	0.032934	0.003407
735.762737	0.078875	0.034812	0.005097
735.163717	0.079306	0.040528	0.004246
734.531518	0.079699	0.036077	0.004324
733.929105	0.078671	0.041383	0.005658
733.299990	0.078932	0.051492	0.004833
732.690114	0.077940	0.055350	0.003649
732.045907	0.077347	0.053570	0.003731
731.450449	0.079523	0.049546	0.004810
730.869832	0.077040	0.059982	0.003906
730.263491	0.077683	0.076691	0.003073
729.627425	0.079040	0.076086	0.003856
729.038903	0.078830	0.076257	0.004079
728.473358	0.079653	0.085067	0.004730
727.856803	0.080152	0.092729	0.005264
727.250138	0.080474	0.099113	0.004542
726.638831	0.078607	0.104995	0.003429
726.014072	0.079817	0.107070	0.004799
725.439387	0.080433	0.108080	0.003838
724.836551	0.081078	0.108274	0.006398
724.191545	0.078347	0.089842	0.006736
723.583008	0.080604	0.080647	0.007671
723.015359	0.080836	0.054728	0.003143
722.426358	0.081822	0.040982	0.005676
721.826903	0.078357	0.009318	0.003834
721.222014	0.085582	-0.014610	0.003324
720.601832	0.076074	-0.037341	0.008081
720.024552	0.080892	-0.068916	0.003141
719.384867	0.083542	-0.110341	0.009331
718.750195	0.077511	-0.123799	0.004274
718.119613	0.077031	-0.155693	0.005392
717.532882	0.082036	-0.188554	0.006372
716.927638	0.079536	-0.218633	0.005707
716.299173	0.075016	-0.252209	0.007891
715.688596	0.077898	-0.295341	0.007417
715.084282	0.082686	-0.313421	0.003865
714.507237	0.079382	-0.353238	0.006319
713.887692	0.079413	-0.375221	0.003858
713.288886	0.080398	-0.397528	0.004464
712.727217	0.079196	-0.417235	0.006095
712.147317	0.077805	-0.416955	0.003195
711.546172	0.075692	-0.407217	0.005094
710.920605	0.079626	-0.383854	0.004307
710.335142	0.082803	-0.339411	0.008262
709.778691	0.078321	-0.304842	0.007435
709.180075	0.076309	-0.249567	0.004261
708.555668	0.078521	-0.201495	0.008322
707.912766	0.078121	-0.137081	0.007473
707.314687	0.076842	-0.082111	0.004651
706.746931	0.079524	-0.029744	0.006213
706.117491	0.078393	0.029316	0.009678
705.470500	0.079435	0.084657	0.008961
704.865111	0.080259	0.147133	0.006387
704.292058	0.079586	0.200809	0.007887
703.714387	0.078821	0.249833	0.003934
703.101587	0.075557	0.312359	0.007840
702.507133	0.079214	0.373617	0.003700
701.938665	0.080577	0.416355	0.008409
701.324734	0.079632	0.464734	0.004019
700.726806	0.078423	0.492551	0.003999
700.089363	0.083150	0.535835	0.003887
699.504677	0.075366	0.532420	0.005355
698.861991	0.084168	0.523388	0.008429
698.289029	0.078374	0.492517	0.005926
697.674439	0.075682	0.462781	0.006744
697.018808	0.076939	0.398926	0.004475
696.404293	0.078247	0.363846	0.003921
695.821452	0.076491	0.318165	0.012337
695.197757	0.080819	0.275149	0.005306
694.606796	0.080145	0.225846	0.009333
694.000789	0.079957	0.187958	0.003357
693.348755	0.077896	0.139635	0.009068
692.768485	0.084043	0.104500	0.004700
692.149197	0.077928	0.066110	0.004480
691.509339	0.076480	0.026696	0.003473
690.892635	0.082119	-0.015607	0.004886
690.268204	0.077416	-0.058689	0.007072
689.689082	0.082685	-0.081269	0.003999
689.075639	0.076745	-0.121909	0.003784
688.465992	0.079274	-0.154656	0.007527
687.837439	0.077025	-0.197775	0.008081
687.281688	0.079428	-0.227214	0.004934
686.672370	0.077057	-0.264514	0.004936
686.025782	0.079865	-0.300603	0.003384
685.393083	0.072417	-0.325472	0.005898
684.784696	0.079665	-0.341219	0.005540
684.223272	0.079786	-0.355949	0.004761
683.598250	0.078721	-0.346793	0.005883
682.997032	0.080967	-0.341947	0.005693
682.382995	0.076682	-0.315828	0.003194
681.768268	0.080821	-0.299915	0.004603
681.203538	0.079998	-0.281092	0.005034
680.605235	0.080602	-0.263285	0.003966
679.988881	0.080672	-0.236817	0.003696
679.392510	0.074508	-0.224441	0.003921
678.814940	0.074826	-0.204529	0.004035
678.209825	0.079247	-0.189597	0.005920
677.576335	0.080275	-0.167742	0.007020
676.979590	0.078634	-0.149916	0.004199
676.359974	0.079617	-0.137174	0.008064
675.780160	0.077775	-0.129909	0.007416
675.179460	0.076276	-0.110808	0.003987
674.538217	0.074953	-0.092438	0.003295
673.884750	0.081402	-0.082042	0.004668
673.310652	0.083623	-0.073129	0.004211
672.684143	0.080038	-0.068919	0.003836
672.053007	0.076525	-0.050338	0.005523
671.454721	0.079106	-0.029256	0.004630
670.862825	0.080892	-0.025461	0.006967
670.280854	0.080650	-0.023502	0.004804
669.669243	0.079302	-0.009918	0.004752
669.053313	0.081956	-0.017556	0.003145
668.413652	0.076886	-0.008018	0.005620
667.825141	0.077217	-0.011291	0.005284
667.254658	0.078931	-0.012432	0.004440
666.639208	0.077307	-0.013344	0.004255
666.008414	0.078292	-0.012590	0.003321
665.422595	0.079292	-0.022387	0.006731
664.856185	0.080103	-0.016090	0.003537
664.241941	0.078668	-0.021577	0.004184
663.587762	0.077833	-0.024071	0.003903
662.998424	0.077437	-0.030446	0.003232
662.360095	0.077630	-0.029005	0.007380
661.779826	0.079209	-0.024894	0.003567
661.194614	0.082634	-0.024655	0.004058
660.609464	0.080734	-0.025963	0.006996
660.034418	0.079664	-0.031496	0.004007
659.482447	0.079055	-0.032461	0.003758
658.841377	0.080758	-0.029956	0.006349
658.251008	0.080207	-0.042442	0.006166
657.582730	0.077951	-0.033135	0.003353
657.004199	0.077080	-0.034686	0.006093
656.404590	0.079594	-0.035258	0.004083
655.800791	0.078714	-0.035462	0.003822
655.214288	0.078154	-0.032930	0.006470
654.613600	0.081837	-0.024361	0.010419
654.043711	0.081008	-0.037052	0.005680
653.411066	0.083214	-0.031720	0.007117
652.805103	0.080025	-0.036219	0.004953
652.220899	0.081467	-0.031825	0.003971
651.554014	0.079198	-0.044862	0.006552
650.981222	0.081453	-0.030636	0.003457
650.366250	0.080008	-0.029475	0.005836
649.727836	0.084028	-0.032193	0.004032
649.109447	0.079010	-0.033262	0.005663
648.543763	0.074611	-0.041643	0.004490
647.983174	0.078436	-0.039043	0.005051
647.392601	0.083224	-0.034234	0.003577
646.763540	0.078293	-0.046249	0.006639
646.175954	0.080520	-0.033797	0.003637
645.584546	0.081207	-0.030154	0.005961
644.972276	0.078647	-0.033011	0.007736
644.364684	0.081706	-0.035566	0.007922
643.764907	0.079128	-0.035643	0.003847
643.111789	0.080138	-0.028747	0.004489
642.527119	0.075108	-0.039398	0.006919
641.925117	0.082715	-0.036098	0.003193
641.319271	0.078140	-0.035023	0.005362
640.690958	0.079489	-0.036395	0.007842
640.124525	0.079120	-0.037839	0.005194
639.502600	0.080393	-0.034267	0.004718
638.894102	0.079761	-0.032618	0.005766
638.316426	0.079345	-0.034404	0.003708
637.719981	0.079886	-0.035697	0.005475
637.161345	0.079517	-0.028643	0.006223
636.540053	0.082275	-0.044146	0.004681
635.936314	0.079277	-0.032134	0.004071
635.315428	0.073312	-0.055925	0.005386
635.208604	0.076227	-0.036811	0.004056
635.818058	0.079948	-0.042052	0.004231
636.433091	0.080320	-0.041149	0.004951
637.085493	0.076284	-0.038976	0.004252
637.688538	0.081930	-0.034894	0.006269
638.267085	0.079343	-0.028188	0.004043
638.878180	0.074608	-0.029832	0.002993
639.502407	0.080550	-0.038214	0.004547
640.111920	0.083827	-0.033677	0.005411
640.735189	0.076567	-0.034724	0.003414
641.397652	0.084971	-0.031167	0.004909
642.024123	0.077614	-0.037626	0.003940
642.652361	0.080677	-0.031446	0.004702
643.300058	0.080912	-0.037000	0.006958
643.867825	0.081491	-0.032701	0.003094
644.467285	0.078881	-0.038113	0.005868
645.099127	0.079336	-0.033944	0.006464
645.703711	0.082447	-0.040173	0.005628
646.311913	0.076331	-0.031803	0.007653
646.874796	0.080214	-0.033463	0.003239
647.488787	0.083050	-0.037889	0.008107
648.081938	0.076610	-0.034767	0.003582
648.738748	0.080089	-0.041802	0.006021
649.296122	0.079430	-0.039003	0.004158
649.916077	0.084069	-0.038775	0.003735
650.539944	0.082216	-0.036269	0.007469
651.129130	0.078683	-0.031593	0.004545
651.775547	0.077269	-0.034726	0.006076
652.336760	0.083487	-0.022123	0.005107
652.971226	0.077619	-0.028114	0.007394
653.596466	0.076405	-0.037759	0.003648
654.202991	0.076450	-0.031025	0.004356
654.806675	0.081556	-0.027403	0.005050
655.451581	0.078732	-0.027227	0.004578
656.061848	0.080646	-0.029516	0.004633
656.632817	0.080423	-0.031438	0.003465
657.278881	0.080372	-0.031406	0.004387
657.866674	0.078147	-0.038212	0.004418
658.463696	0.079237	-0.024931	0.003677
659.068785	0.074997	-0.030318	0.005107
659.696795	0.079562	-0.032815	0.004900
660.296828	0.078303	-0.033742	0.003726
660.835557	0.080652	-0.033714	0.008899
661.432313	0.078760	-0.024724	0.005905
662.048318	0.078665	-0.027427	0.004214
662.641593	0.078989	-0.023055	0.005689
663.239924	0.077305	-0.024061	0.005737
663.855648	0.079305	-0.021026	0.004194
664.475309	0.078363	-0.021847	0.005027
665.037391	0.078186	-0.018259	0.003829
665.679780	0.078720	-0.014087	0.004222
666.269921	0.077838	-0.021778	0.004507
666.860647	0.077051	-0.020022	0.008407
667.445174	0.078432	-0.008606	0.004546
668.023887	0.079631	0.000656	0.005152
668.587095	0.078974	-0.005374	0.003997
669.227595	0.078590	-0.004546	0.003186
669.825716	0.076034	-0.002000	0.002994
670.437370	0.078364	-0.016542	0.005259
671.066480	0.078019	-0.022711	0.006210
671.644144	0.080143	-0.039045	0.004347
672.291765	0.077893	-0.047928	0.003044
672.898793	0.080493	-0.064549	0.005132
673.514458	0.078750	-0.074135	0.003436
674.090588	0.082161	-0.083610	0.004622
674.683085	0.076305	-0.088596	0.005491
675.313915	0.077158	-0.105178	0.004950
675.946357	0.076753	-0.124089	0.002978
676.579120	0.078975	-0.136384	0.002993
677.158906	0.080776	-0.147352	0.007175
677.731620	0.077580	-0.162616	0.006381
678.364891	0.078484	-0.178851	0.003665
678.972743	0.080483	-0.201439	0.006162
679.626949	0.078246	-0.220291	0.009476
680.217079	0.078299	-0.241508	0.004846
680.836619	0.078134	-0.259198	0.008576
681.475784	0.077285	-0.279697	0.005070
682.095345	0.082020	-0.311306	0.005128
682.660273	0.079676	-0.327827	0.005782
683.264455	0.077443	-0.339442	0.004105
683.871242	0.077827	-0.351337	0.004897
684.478491	0.077537	-0.353143	0.003094
685.122818	0.075891	-0.343646	0.004648
685.704450	0.074606	-0.328408	0.004253
686.308503	0.078925	-0.299147	0.003335
686.968222	0.081086	-0.261921	0.003405
687.577388	0.078800	-0.222215	0.007699
688.171077	0.083670	-0.189489	0.006705
688.747581	0.081570	-0.155206	0.004367
689.362144	0.075970	-0.113968	0.004757
689.974152	0.079178	-0.079079	0.003320
690.607269	0.075302	-0.036503	0.003884
691.167076	0.076196	-0.014377	0.005078
691.784597	0.077933	0.025245	0.004943
692.383704	0.077684	0.070770	0.006101
693.036465	0.083712	0.112573	0.003945
693.607255	0.079268	0.140971	0.006371
694.237198	0.078111	0.180869	0.009074
694.846575	0.076043	0.231690	0.007766
695.476112	0.080509	0.274734	0.006958
696.075209	0.080182	0.325794	0.009900
696.654061	0.074203	0.370910	0.007256
697.282278	0.079810	0.413917	0.006220
697.871499	0.078972	0.462249	0.004796
698.477176	0.078360	0.497852	0.007238
699.125090	0.077302	0.522066	0.004197
699.694522	0.080600	0.538969	0.004751
700.309443	0.079486	0.527899	0.003108
701.436627	0.080044	0.469549	0.007575
701.979813	0.076998	0.444551	0.006588
702.520718	0.080059	0.385445	0.005929
703.130501	0.077528	0.329590	0.005764
703.750643	0.080648	0.266108	0.010357
704.382897	0.078219	0.213321	0.009161
705.009967	0.081426	0.150472	0.006279
705.583993	0.077206	0.094896	0.004065
706.249800	0.079589	0.033042	0.008033
706.857990	0.082457	-0.022289	0.003877
707.493716	0.081942	-0.072918	0.006438
708.051680	0.085208	-0.128219	0.007260
708.672054	0.078943	-0.182718	0.006313
709.265247	0.078079	-0.241748	0.008168
709.884405	0.079769	-0.286333	0.008716
710.495733	0.077318	-0.339352	0.004770
711.065756	0.079493	-0.377906	0.004971
711.699200	0.080512	-0.398153	0.004690
712.307109	0.082744	-0.419735	0.006692
712.910410	0.079751	-0.416477	0.004457
713.471487	0.077358	-0.402451	0.004139
714.046956	0.077728	-0.376690	0.005363
714.653129	0.080532	-0.360147	0.004404
715.250859	0.075229	-0.329018	0.005317
715.879768	0.079085	-0.289563	0.004350
716.445078	0.081295	-0.257718	0.005235
717.031788	0.080867	-0.231145	0.007980
717.674712	0.081570	-0.185005	0.003669
718.285323	0.078022	-0.158592	0.007039
718.861249	0.075652	-0.131973	0.005512
719.513237	0.079903	-0.108049	0.008384
720.116535	0.078491	-0.077585	0.004488
720.748988	0.075709	-0.052091	0.003794
721.343138	0.081919	-0.019852	0.005169
721.925770	0.079481	0.014317	0.003130
722.607720	0.081619	0.041272	0.004391
723.229628	0.080228	0.059597	0.004284
723.865116	0.078696	0.076219	0.004623
724.464771	0.079983	0.105687	0.007446
725.041341	0.077720	0.100983	0.006287
725.643148	0.079872	0.115326	0.003747
726.292538	0.079242	0.103555	0.002957
726.887586	0.081029	0.108140	0.004290
727.457723	0.084844	0.102139	0.004591
728.071129	0.077414	0.094084	0.003461
728.686691	0.085228	0.092240	0.002836
729.304485	0.077255	0.083962	0.005535
729.911537	0.077174	0.069695	0.003989
730.488852	0.081445	0.063526	0.003157
731.136909	0.081043	0.056384	0.003811
731.763881	0.080936	0.056350	0.004587
732.417890	0.076771	0.055477	0.003572
733.022283	0.077515	0.050271	0.003135
733.581362	0.079024	0.047762	0.005219
734.169776	0.078756	0.046120	0.004426
734.831879	0.074988	0.043833	0.003410
735.488417	0.079688	0.041450	0.004814
736.145609	0.080879	0.045202	0.006077
736.732674	0.076998	0.044377	0.003709
737.399145	0.079181	0.040234	0.006721
738.074875	0.081603	0.031256	0.003597
738.746275	0.079739	0.028105	0.004894
739.402938	0.079726	0.033333	0.004630
739.985767	0.076510	0.030245	0.005111
740.603119	0.082183	0.030284	0.003594
741.253530	0.080176	0.032857	0.003894
741.845091	0.077145	0.026499	0.008367
742.488601	0.077371	0.024805	0.004932
743.069828	0.076554	0.025296	0.004656
743.667475	0.078809	0.025168	0.006199
744.351705	0.078792	0.023168	0.006661
745.012350	0.078729	0.026578	0.005312
745.636554	0.079133	0.020367	0.005225
746.282714	0.077851	0.016006	0.005037
746.837290	0.074916	0.019770	0.008057
747.445260	0.078370	0.015698	0.004816
748.116683	0.080241	0.024082	0.006733
748.758260	0.077779	0.022562	0.004450
749.425863	0.077528	0.018579	0.007154
750.022016	0.076199	0.025336	0.007739
750.677603	0.078291	0.015949	0.003855
751.325224	0.080993	0.020607	0.005714
751.972232	0.080234	0.015759	0.004637
752.625441	0.081480	0.021073	0.005222
753.214714	0.081292	0.013583	0.006057
753.813959	0.077213	0.013977	0.004842
754.436984	0.079642	0.018907	0.009160
755.068868	0.080371	0.018050	0.006776
755.733879	0.080021	0.011044	0.007116
756.344238	0.077971	0.008063	0.002864
756.941776	0.080167	0.009843	0.004988
757.584727	0.075174	0.019553	0.006511
758.218578	0.078840	0.005101	0.006014
758.886170	0.084063	0.013505	0.005241
759.525081	0.075963	0.023031	0.007416
760.104770	0.079196	0.010058	0.003459
760.726785	0.076526	0.014107	0.003378
761.361041	0.081561	0.014626	0.006762
761.938373	0.079059	0.020166	0.009121
762.580127	0.080916	0.015701	0.005369
763.201969	0.077206	0.008157	0.005300
763.828685	0.078814	0.015378	0.004536
764.439030	0.079499	0.008431	0.005222
765.007474	0.075904	0.016642	0.004441
765.614035	0.078727	0.011903	0.005958
766.243603	0.077480	0.024525	0.003954
766.862340	0.079558	0.013597	0.005926
767.435971	0.078865	0.008907	0.003818
768.053269	0.078459	0.015503	0.003360
768.678442	0.079158	0.005785	0.005802
769.252999	0.078048	0.009911	0.003635
769.911594	0.080904	0.006532	0.007089
770.476897	0.078289	0.017968	0.003495
771.079361	0.078148	0.018262	0.010343
771.694324	0.077291	0.007460	0.004537
772.288750	0.079612	0.009698	0.005542
772.849752	0.080663	0.012180	0.006217
773.459050	0.078532	0.016722	0.005995
774.098728	0.078802	0.014754	0.004440
774.747348	0.077780	0.008927	0.004204
775.337303	0.080568	0.024860	0.004518
775.892721	0.077538	0.017667	0.006847
776.504656	0.075805	0.016303	0.005575
777.105673	0.079917	0.008757	0.004331
777.690245	0.080653	0.019920	0.006290
778.249035	0.081339	0.021180	0.005221
778.854878	0.078278	0.008107	0.007734
779.491140	0.079349	0.012983	0.007414
780.092053	0.079642	0.025437	0.003909
780.728021	0.078302	0.024376	0.004751
781.305823	0.079756	0.021519	0.004258
781.925234	0.079179	0.006238	0.005141
782.536011	0.079630	0.017577	0.005108
783.156773	0.080659	0.015656	0.007247
783.762426	0.078806	0.013974	0.007920
784.318354	0.078298	0.005656	0.003193
784.940746	0.082432	0.011071	0.008037
785.541921	0.078020	0.021472	0.005887
786.142736	0.079022	0.019653	0.006644
786.706697	0.078489	0.029201	0.005286
787.338128	0.076510	0.018883	0.003792
787.940221	0.078544	0.020977	0.006069
788.531136	0.077749	0.013108	0.008364
789.148547	0.078869	0.010247	0.005141
789.724379	0.078259	0.015204	0.004523
790.302492	0.078981	0.011191	0.011126
790.891712	0.079992	0.018798	0.004852
791.484401	0.079256	0.006499	0.007140
792.058504	0.082731	0.008714	0.005521
792.697679	0.079737	0.009591	0.003491
793.285145	0.080911	0.002900	0.004480
793.919180	0.079835	0.006435	0.005606
794.513995	0.078767	0.005492	0.007263
795.112458	0.081269	0.002457	0.006136
795.693900	0.080523	0.019455	0.008833
796.321237	0.078590	0.010296	0.003965
796.930999	0.079552	0.012793	0.006037
797.501258	0.079332	0.020246	0.004151
798.109857	0.080653	0.002591	0.009424
798.749087	0.078750	0.009933	0.006371
799.317115	0.081466	0.008095	0.010333
799.902469	0.081330	0.012669	0.004626
800.480975	0.078219	0.018279	0.006158
801.110611	0.079635	0.011946	0.005994
801.722589	0.079821	0.011327	0.011645
802.319195	0.079552	0.018259	0.007232
802.932170	0.079867	0.000711	0.005788
803.492244	0.078530	0.000331	0.005697
804.118487	0.080313	0.009431	0.005724
804.715119	0.079422	0.003204	0.004909
805.276557	0.080468	0.007942	0.008268
805.846939	0.080275	0.018645	0.005441
806.477549	0.082535	0.010979	0.006390
807.046431	0.079890	0.017751	0.003906
807.697859	0.075866	0.011478	0.007005
808.293985	0.079022	0.016183	0.006422
808.864057	0.080355	0.018708	0.006378
809.475302	0.078586	0.004916	0.004390
810.130693	0.078765	0.018991	0.004633
810.724139	0.079760	0.020070	0.004833
811.294783	0.078009	0.016268	0.006900
811.880110	0.077073	0.004376	0.004789
812.480046	0.079496	0.010449	0.005223
813.080329	0.078365	0.016564	0.009069
813.688059	0.080025	0.006973	0.004210
814.265469	0.079371	0.003797	0.006559
814.895390	0.081264	0.006684	0.007622
815.541074	0.079066	0.010071	0.008315
816.154785	0.080525	0.006749	0.004413
816.727073	0.079250	0.014018	0.009542
817.364768	0.078678	0.005604	0.005973
817.985673	0.077839	0.006430	0.003911
818.583920	0.077888	0.010677	0.005142
819.210399	0.080663	0.023781	0.006379
819.794751	0.080052	0.018783	0.006862
820.387983	0.080619	0.015932	0.007015
820.949035	0.076823	0.015171	0.005157
821.563375	0.078297	0.020472	0.008380
822.141762	0.076146	0.006014	0.015427
822.752247	0.078110	0.013983	0.006885
823.342056	0.079581	0.007026	0.006233
823.921582	0.080287	0.014946	0.004316
824.555597	0.079575	0.008031	0.007488
825.117127	0.079076	-0.001161	0.004094
825.734856	0.079450	0.004569	0.004399
826.396511	0.077989	0.013058	0.006509
827.006155	0.080287	0.011794	0.005832
827.623541	0.077988	0.016726	0.007657
828.201415	0.078147	0.002324	0.005808
828.815733	0.079824	0.010155	0.004302
829.419002	0.078611	0.014170	0.005982
830.062959	0.080701	0.000379	0.009190
830.672046	0.079470	0.006700	0.004438
831.285601	0.078354	0.003251	0.005495
831.920311	0.077554	0.000473	0.006194
832.526108	0.077797	0.014993	0.003891
833.166648	0.079576	0.013692	0.009941
833.743460	0.078232	0.022057	0.007990
834.349359	0.077458	0.006151	0.007394
834.932564	0.079608	0.010700	0.008153
835.573300	0.078248	0.022542	0.004399
836.157432	0.079104	0.018585	0.005924
836.736389	0.079229	0.010857	0.006095
837.364261	0.079456	0.031639	0.007992
837.972249	0.080574	0.016728	0.003964
838.602904	0.077887	0.020024	0.013991
839.168844	0.078965	0.033460	0.004319
839.779364	0.078056	0.026968	0.009197
840.367157	0.080236	0.036191	0.008596
840.923454	0.080790	0.024731	0.005315
841.488863	0.080147	0.035589	0.009010
842.100800	0.079466	0.044555	0.011492
842.714957	0.079081	0.047541	0.006098
843.303989	0.078511	0.046147	0.008917
843.898559	0.079012	0.054779	0.012966
844.487079	0.078125	0.047501	0.004653
845.090718	0.078539	0.062544	0.009262
845.720693	0.080018	0.070330	0.005281
846.307360	0.078454	0.080475	0.012119
846.949066	0.078368	0.069469	0.010698
847.529611	0.079721	0.089179	0.005554
848.134837	0.077383	0.092738	0.006023
848.742703	0.077837	0.109589	0.004577
849.393125	0.078103	0.114481	0.009846
849.985627	0.077812	0.122040	0.004893
850.625903	0.079890	0.128861	0.009141
851.207031	0.078814	0.142580	0.005311
851.809624	0.080469	0.162305	0.006707
852.434120	0.079541	0.152379	0.007044
853.007464	0.078448	0.136684	0.005376
853.599191	0.079071	0.137768	0.008962
854.203209	0.079546	0.112477	0.005025
854.820052	0.070578	0.098066	0.007720
855.407202	0.079731	0.062178	0.006358
856.020689	0.078397	0.060308	0.006347
856.629420	0.078210	0.037923	0.007884
857.229160	0.081556	0.001280	0.005083
857.841038	0.077655	-0.016585	0.006222
858.422997	0.078707	-0.033875	0.005799
859.036388	0.080059	-0.071983	0.006239
859.653997	0.078393	-0.075031	0.007593
860.235656	0.077442	-0.101713	0.005546
860.797609	0.076881	-0.119566	0.005663
861.397207	0.078737	-0.140275	0.006259
861.989134	0.080701	-0.160013	0.010717
862.591535	0.078017	-0.186136	0.014217
863.203566	0.079518	-0.218054	0.004782
863.759713	0.078641	-0.234774	0.004686
864.381681	0.079029	-0.273226	0.008451
864.981940	0.079798	-0.291918	0.006842
865.564654	0.073363	-0.307492	0.012852
866.172522	0.078376	-0.325245	0.014335
866.738963	0.079214	-0.348779	0.006444
867.345444	0.079121	-0.359320	0.004055
867.924896	0.077493	-0.357642	0.009166
868.556706	0.077856	-0.362614	0.006300
869.152127	0.078211	-0.356946	0.005024
869.741356	0.077070	-0.335574	0.004284
870.381095	0.079491	-0.328111	0.007709
871.001799	0.077505	-0.316967	0.007246
871.596098	0.079596	-0.291487	0.008070
872.158333	0.079100	-0.275434	0.008486
872.805701	0.078503	-0.246112	0.014971
873.413577	0.079486	-0.240115	0.009981
873.998722	0.078314	-0.213847	0.004188
874.591648	0.079906	-0.203334	0.013042
875.202732	0.078220	-0.183772	0.004546
875.782571	0.080469	-0.171851	0.008680
876.394032	0.071239	-0.169652	0.005721
876.991219	0.079532	-0.132380	0.007141
877.567322	0.080569	-0.139589	0.008327
878.173264	0.078889	-0.128892	0.004700
878.754910	0.077621	-0.106533	0.004570
879.347824	0.079057	-0.088948	0.007816
879.929052	0.077230	-0.073403	0.005263
880.548830	0.077603	-0.063913	0.005050
881.168396	0.080184	-0.035018	0.006238
881.800054	0.078692	-0.025414	0.009859
882.402210	0.078193	-0.015069	0.005153
882.974416	0.078014	-0.009942	0.005742
883.597377	0.079865	-0.003165	0.006848
884.192344	0.079198	-0.013012	0.007244
884.801702	0.079222	-0.000495	0.004297
885.456690	0.078639	-0.009661	0.004673
886.056643	0.078365	-0.020853	0.006803
886.642432	0.083436	-0.021846	0.005414
887.256409	0.082766	-0.011204	0.005061
887.883221	0.081181	-0.023183	0.008786
888.466809	0.081555	-0.026358	0.008702
889.107342	0.080450	-0.048514	0.005181
889.707885	0.080897	-0.038453	0.004934
890.311397	0.080026	-0.055184	0.007575
890.958564	0.078979	-0.062626	0.003483
891.521079	0.078235	-0.050767	0.007360
892.128261	0.078922	-0.048089	0.007060
892.713736	0.080684	-0.067211	0.004458
893.305880	0.076887	-0.070577	0.004064
893.877875	0.077346	-0.070028	0.005598
894.512239	0.081061	-0.065831	0.004389
895.103822	0.079558	-0.076266	0.005989
895.743945	0.079134	-0.073604	0.005355
896.344316	0.078787	-0.068510	0.003896
896.921018	0.078315	-0.083451	0.004499
897.527643	0.080147	-0.066968	0.003951
898.095144	0.077987	-0.069181	0.004453
898.709842	0.080210	-0.075369	0.005156
899.292993	0.078255	-0.061775	0.007677
899.952898	0.080646	-0.052583	0.009364
900.556432	0.080028	-0.058301	0.004521
901.178372	0.077451	-0.052574	0.005057
901.788192	0.081096	-0.050537	0.003575
902.355476	0.077346	-0.049358	0.006891
902.946602	0.079180	-0.051744	0.005997
903.577680	0.075053	-0.049579	0.009931
904.189244	0.078114	-0.044597	0.008772
904.770163	0.078200	-0.052411	0.006046
905.387284	0.079736	-0.034593	0.004879
906.022138	0.079609	-0.043085	0.003261
906.625434	0.078449	-0.053910	0.003153
907.257855	0.080240	-0.040355	0.003976
907.815482	0.079588	-0.032901	0.004071
908.417739	0.078067	-0.042998	0.006584
909.051769	0.078815	-0.046721	0.008157
909.691262	0.079253	-0.044663	0.004958
910.304246	0.083497	-0.033831	0.009753
910.870551	0.080689	-0.028078	0.005881
911.517440	0.078205	-0.036473	0.005388
912.129470	0.080084	-0.035424	0.003799
912.734212	0.076476	-0.040160	0.005408
913.292550	0.076250	-0.022996	0.005949
913.910435	0.078746	-0.030161	0.005641
914.494025	0.081314	-0.040387	0.009287
915.117105	0.080880	-0.029030	0.009012
915.754300	0.077169	-0.035896	0.007769
916.331243	0.081731	-0.028383	0.006786
916.944674	0.079552	-0.030389	0.003744
917.601550	0.079715	-0.033596	0.005135
918.186135	0.080647	-0.022187	0.003411
918.765925	0.079797	-0.023170	0.004217
919.384486	0.081108	-0.017938	0.009601
919.924202	0.078248	-0.030141	0.003131
920.531337	0.079618	-0.020359	0.006142
921.177532	0.077002	-0.013976	0.008342
921.744926	0.079625	-0.019704	0.004768
922.361649	0.081704	-0.015628	0.004088
922.997456	0.079485	-0.020165	0.007164
923.617218	0.073500	-0.027901	0.005632
924.192417	0.076020	-0.018434	0.004841
924.816601	0.077027	-0.019272	0.006042
925.428010	0.078580	-0.022431	0.004174
926.037287	0.079815	-0.012739	0.004977
926.675587	0.080272	-0.007120	0.005313
927.235279	0.076744	-0.026575	0.005402
927.831586	0.079259	-0.019218	0.004810
928.421685	0.078181	-0.007242	0.003721
929.053887	0.078912	-0.013117	0.004971
929.686655	0.080724	-0.016180	0.006569
930.261746	0.078905	0.000397	0.005129
930.892968	0.078225	0.002309	0.009264
931.503438	0.077006	-0.010718	0.006339
932.107038	0.080224	-0.003508	0.006965
932.673162	0.078097	-0.002345	0.006719
933.312728	0.082029	-0.004842	0.004972
933.921113	0.081262	-0.004874	0.006278
934.531284	0.079170	-0.004089	0.004456
935.165839	0.077643	0.005169	0.007835
935.744452	0.080518	-0.009695	0.007444
936.388858	0.078510	0.003820	0.006220
937.019851	0.077106	0.002820	0.004621
937.621131	0.076595	-0.005403	0.006134
938.170892	0.078016	0.008481	0.005591
938.795865	0.079092	-0.002699	0.005004
939.394993	0.076614	0.010245	0.004882
939.959819	0.079228	0.003213	0.004901
940.578486	0.081518	0.001367	0.003567
941.154490	0.073608	0.003340	0.005261
941.773369	0.076599	0.015779	0.006262
942.371018	0.079432	0.006523	0.004182
943.004305	0.079067	0.016649	0.003350
943.607267	0.079730	0.004706	0.004048
944.241865	0.080916	0.004498	0.003224
944.878896	0.080116	0.003737	0.003634
945.463232	0.079704	0.019017	0.007967
946.090421	0.078290	0.011224	0.005674
946.669377	0.081948	0.011102	0.006416
947.287589	0.078118	0.010590	0.003034
947.840610	0.073673	0.025758	0.006546
948.439543	0.079666	0.020507	0.005015
949.021840	0.080255	0.014782	0.003954
949.607870	0.080872	0.012865	0.003499
950.210913	0.078021	0.022168	0.006113
950.790351	0.080973	0.015352	0.003177
951.389312	0.077116	0.011702	0.005021
951.973220	0.079179	0.022199	0.005690
952.563798	0.079815	0.031947	0.007236
953.165823	0.078820	0.020164	0.003383
953.787740	0.077202	0.021026	0.006403
954.428491	0.078551	0.021959	0.003759
955.002832	0.077790	0.023092	0.003347
955.658968	0.079663	0.026802	0.005325
956.257173	0.078351	0.021161	0.004131
956.866868	0.080099	0.027415	0.004538
957.436086	0.076394	0.025770	0.004247
958.066329	0.077658	0.033827	0.002969
958.637296	0.077024	0.025308	0.003466
959.241096	0.080358	0.024910	0.004558
959.858904	0.076695	0.035974	0.004485
960.436028	0.078278	0.030153	0.003340
961.037937	0.077267	0.035902	0.003719
961.637358	0.078128	0.032450	0.003177
962.296710	0.079710	0.025011	0.004995
962.832489	0.081486	0.036450	0.004594
963.417909	0.078556	0.034132	0.003048
964.052127	0.079771	0.032306	0.003139
964.661425	0.079625	0.036461	0.004954
964.888998	0.077915	0.033439	0.005901
964.279062	0.078567	0.034400	0.003580
963.641368	0.078492	0.025785	0.005200
963.045948	0.077879	0.036171	0.004070
962.489692	0.077215	0.026585	0.005499
961.875846	0.077861	0.036156	0.004753
961.291160	0.081683	0.040531	0.005008
960.709147	0.079537	0.035509	0.003603
960.088810	0.077832	0.033809	0.004235
959.460141	0.079357	0.027690	0.004527
958.898439	0.081694	0.028287	0.004249
958.306605	0.079055	0.027831	0.003887
957.719860	0.079587	0.027441	0.003679
957.103650	0.078408	0.029846	0.006707
956.506354	0.079008	0.030465	0.005597
955.945912	0.078152	0.025904	0.006904
955.330738	0.078786	0.023285	0.005862
954.762875	0.077001	0.022344	0.003522
954.187729	0.079635	0.024718	0.003722
953.618949	0.077760	0.026449	0.003183
953.007916	0.077629	0.022039	0.005241
952.379020	0.079260	0.021131	0.005790
951.712017	0.078815	0.017510	0.006126
951.106652	0.077201	0.023356	0.003411
950.534940	0.077029	0.021720	0.009347
949.931650	0.078771	0.018452	0.003806
949.328051	0.078190	0.011144	0.003860
948.733448	0.079041	0.007568	0.006502
948.184531	0.077686	0.005117	0.003877
947.614772	0.079634	0.012967	0.004197
947.020119	0.076394	0.007071	0.008433
946.430498	0.078212	0.011103	0.003927
945.809746	0.079161	0.016210	0.007421
945.212460	0.074519	0.021678	0.008047
944.570010	0.080088	0.007088	0.007648
943.996084	0.077739	0.021319	0.003517
943.392002	0.080728	0.011657	0.006235
942.833721	0.078141	0.010553	0.009854
942.229493	0.078506	0.019082	0.007912
941.631228	0.079639	0.008612	0.005568
941.039516	0.081482	0.007902	0.004911
940.434141	0.075502	0.004792	0.005466
939.859404	0.078589	0.007469	0.005870
939.229069	0.078186	0.001112	0.003595
938.618787	0.076550	-0.003573	0.003725
938.001314	0.079043	0.002562	0.004394
937.375315	0.080203	-0.003988	0.006615
936.800193	0.079631	-0.000152	0.005996
936.162338	0.079560	0.005052	0.005265
935.567616	0.078643	-0.001602	0.005705
934.924827	0.078182	-0.000263	0.005666
934.361002	0.078510	-0.007294	0.006484
933.713888	0.079018	-0.007965	0.003503
933.121799	0.076888	-0.004210	0.006486
932.507899	0.077547	0.004123	0.002952
931.915442	0.078674	-0.001649	0.004722
931.329871	0.079792	-0.014410	0.005902
930.708854	0.078457	-0.000460	0.005846
930.057749	0.080408	-0.006388	0.006594
929.454285	0.076091	-0.019008	0.004832
928.887096	0.079962	-0.018264	0.005136
928.262629	0.077713	-0.003422	0.006026
927.634172	0.080667	-0.016578	0.004441
927.054514	0.078216	-0.014699	0.004778
926.454907	0.079871	-0.014365	0.004280
925.899789	0.081556	-0.005700	0.004042
925.259172	0.080114	-0.024956	0.004851
924.683635	0.078819	-0.007652	0.005563
924.075839	0.079252	-0.011784	0.003495
923.493409	0.078145	-0.020180	0.005719
922.875825	0.078493	-0.018428	0.008478
922.304102	0.081167	-0.017431	0.003386
921.701213	0.077734	-0.021706	0.003838
921.081655	0.076527	-0.022777	0.008241
920.466911	0.076214	-0.013644	0.007969
919.817584	0.078299	-0.013495	0.007966
919.225135	0.077938	-0.022308	0.003642
918.650287	0.076497	-0.021535	0.004175
918.037755	0.078244	-0.017552	0.006337
917.400041	0.079726	-0.027245	0.004933
916.814613	0.081251	-0.028405	0.003444
916.224633	0.075760	-0.035963	0.010165
915.580042	0.076358	-0.027003	0.006659
915.006021	0.080258	-0.030223	0.010164
914.366963	0.082902	-0.020747	0.006767
913.754773	0.080597	-0.026147	0.007686
913.150246	0.077982	-0.030567	0.004744
912.496092	0.077211	-0.031387	0.004963
911.925917	0.080771	-0.037725	0.007201
911.308277	0.080534	-0.032726	0.006613
910.677475	0.076511	-0.029179	0.007030
910.067277	0.077744	-0.035584	0.003975
909.488591	0.080928	-0.035775	0.007289
908.888578	0.080270	-0.046988	0.005604
908.244221	0.078808	-0.035903	0.004557
907.643525	0.078429	-0.044692	0.006101
907.001121	0.077723	-0.038033	0.005333
906.429236	0.078007	-0.049341	0.007753
905.848998	0.081031	-0.051614	0.004947
905.243989	0.079175	-0.047155	0.004597
904.603644	0.076405	-0.049560	0.006430
904.044611	0.078337	-0.049354	0.004009
903.453561	0.077518	-0.038616	0.005242
902.827267	0.081547	-0.053647	0.005171
902.188008	0.076025	-0.058717	0.003959
901.580192	0.078197	-0.054525	0.003806
901.002455	0.075899	-0.071720	0.005277
900.404446	0.077240	-0.064599	0.009911
899.782634	0.079423	-0.063977	0.007260
899.222135	0.077532	-0.068024	0.003876
898.590889	0.079731	-0.056882	0.006411
898.036980	0.077222	-0.075026	0.014388
897.461194	0.080567	-0.079844	0.004807
896.879851	0.081257	-0.077285	0.005620
896.263083	0.077283	-0.063092	0.005557
895.691488	0.080548	-0.083855	0.007482
895.036191	0.079713	-0.066415	0.004579
894.444680	0.078785	-0.071096	0.006732
893.839710	0.079524	-0.067778	0.005780
893.216865	0.076614	-0.071301	0.005346
892.648800	0.080410	-0.058205	0.010447
892.048360	0.076369	-0.059042	0.003935
891.405713	0.077327	-0.055697	0.005394
890.806967	0.078367	-0.055382	0.005998
890.231575	0.078821	-0.056661	0.006284
889.618291	0.079999	-0.041078	0.005572
888.997454	0.078709	-0.041654	0.006867
888.431237	0.079250	-0.033858	0.005180
887.836969	0.078743	-0.028123	0.005254
887.185571	0.085862	-0.023624	0.004694
886.585464	0.079933	-0.021570	0.014000
885.939349	0.078754	-0.004934	0.004675
885.307756	0.077883	-0.010289	0.009830
884.702171	0.079655	-0.013129	0.005385
884.055183	0.079318	-0.003992	0.007975
883.467111	0.078157	0.000202	0.004009
882.890516	0.079871	-0.029413	0.005454
882.265071	0.077856	-0.008038	0.006583
881.698677	0.077096	-0.039849	0.005696
881.111481	0.080603	-0.048774	0.006345
880.499631	0.077048	-0.049536	0.008026
879.851330	0.079564	-0.069883	0.007369
879.247734	0.077952	-0.092255	0.004194
878.662304	0.078135	-0.112749	0.014399
878.012201	0.078452	-0.121173	0.004054
877.386061	0.078803	-0.133776	0.007713
876.834459	0.078541	-0.150878	0.006116
876.290629	0.078601	-0.152867	0.005205
875.672065	0.078654	-0.176439	0.005082
875.047481	0.077628	-0.189866	0.004814
874.452183	0.077835	-0.208710	0.008937
873.795393	0.077052	-0.205981	0.009478
873.212148	0.079339	-0.225826	0.007854
872.621034	0.079217	-0.245894	0.004861
872.011131	0.078676	-0.273618	0.007555
871.416339	0.079965	-0.289562	0.005235
870.850049	0.078300	-0.320056	0.006530
870.248672	0.078643	-0.332007	0.003706
869.667325	0.078530	-0.345142	0.007414
869.041944	0.076823	-0.367167	0.011782
868.442369	0.078509	-0.357041	0.007166
867.845238	0.079045	-0.379402	0.005415
867.228000	0.078790	-0.358739	0.010304
866.590673	0.079243	-0.355227	0.011147
866.023174	0.079718	-0.338055	0.004278
865.464096	0.078726	-0.312157	0.006623
864.845244	0.078885	-0.291235	0.012613
864.215699	0.076968	-0.271293	0.011452
863.632023	0.077841	-0.241177	0.005978
862.981687	0.078212	-0.207067	0.008697
862.409354	0.079468	-0.185604	0.005682
861.788396	0.079830	-0.154548	0.005399
861.151974	0.079248	-0.133592	0.005847
860.569525	0.078868	-0.110019	0.010694
859.978082	0.079521	-0.097279	0.007959
859.344092	0.077129	-0.073424	0.005809
858.748482	0.080185	-0.050108	0.005335
858.134428	0.081014	-0.030332	0.009249
857.529189	0.079452	-0.009371	0.004995
856.947209	0.078781	0.027172	0.006190
856.328382	0.078946	0.028105	0.007888
855.750784	0.080070	0.068660	0.004748
855.147359	0.079355	0.081386	0.006321
854.538016	0.078708	0.111046	0.006088
853.961228	0.077454	0.106569	0.007689
853.314696	0.078439	0.131196	0.007436
852.691297	0.078022	0.150726	0.006726
852.069827	0.079380	0.146260	0.006340
851.493508	0.076455	0.143558	0.006422
850.878732	0.077806	0.158064	0.007334
850.285479	0.078984	0.132480	0.004584
849.624228	0.079328	0.116898	0.003981
849.020859	0.078419	0.103431	0.006613
848.447704	0.078252	0.103049	0.005395
847.801728	0.079976	0.100227	0.006242
847.185588	0.083842	0.081345	0.003547
846.601940	0.080614	0.073563	0.007943
846.030350	0.077216	0.078169	0.003419
845.393279	0.076773	0.062339	0.006913
844.755009	0.080161	0.054152	0.004310
844.111833	0.080910	0.051938	0.005977
843.503401	0.074926	0.055161	0.008525
842.944556	0.082405	0.050198	0.004947
842.354931	0.076015	0.038527	0.005717
841.713925	0.079552	0.026754	0.005632
841.095439	0.078147	0.024750	0.009720
840.526056	0.078090	0.043048	0.006488
839.902505	0.078121	0.031821	0.008887
839.289359	0.078290	0.029130	0.016798
838.693822	0.079076	0.020177	0.004530
838.061828	0.078162	0.025433	0.006993
837.488494	0.078904	0.014513	0.009075
836.879296	0.080321	0.020439	0.005348
836.224421	0.074742	0.007890	0.004127
835.612204	0.080084	0.006706	0.008825
835.022936	0.077949	0.020813	0.006619
834.433454	0.077428	0.020084	0.008422
833.824193	0.079305	0.012298	0.010130
833.187515	0.080460	0.003938	0.007373
832.563794	0.079940	0.020098	0.007081
831.994658	0.077038	0.023919	0.005802
831.393461	0.078009	0.020719	0.003681
830.794434	0.079216	0.015774	0.004039
830.173879	0.078904	0.014213	0.005732
829.577208	0.078243	0.012289	0.005654
829.021139	0.079255	0.010256	0.005767
828.436362	0.078631	0.011847	0.007006
827.816820	0.080206	0.007358	0.006138
827.226352	0.080567	0.010335	0.005165
826.627342	0.078859	0.008556	0.004674
826.034511	0.078653	0.001714	0.012637
825.402983	0.078616	-0.000576	0.010711
824.755782	0.077785	0.023025	0.011100
824.187007	0.078468	0.011079	0.007160
823.623359	0.081722	0.008937	0.004546
823.001671	0.079972	0.010412	0.006380
822.391182	0.072902	0.005358	0.009679
821.827916	0.078414	0.000736	0.005257
821.269140	0.081014	0.006599	0.003739
820.648419	0.074852	0.021971	0.003944
820.050004	0.078930	0.007137	0.008251
819.414394	0.076743	0.008242	0.006495
818.789802	0.077743	0.013229	0.006145
818.230329	0.077046	0.014667	0.006221
817.601597	0.074358	0.013359	0.009654
817.032987	0.075428	0.008252	0.007225
816.432046	0.079203	0.009751	0.003989
815.803548	0.078797	0.021871	0.009517
815.235822	0.079893	0.010328	0.007580
814.605052	0.078525	0.015468	0.008795
813.966995	0.078746	0.001300	0.003750
813.362112	0.081086	0.007269	0.005724
812.791189	0.078255	0.009819	0.005026
812.170722	0.076850	0.020107	0.004303
811.587416	0.064965	0.010296	0.006044
811.041134	0.078636	0.013108	0.006394
810.400361	0.077393	0.015398	0.004384
809.840017	0.078414	0.009765	0.010162
809.222151	0.073271	0.016271	0.008171
808.635402	0.077946	-0.001099	0.008410
808.020714	0.078711	0.009642	0.008303
807.440179	0.078977	0.014257	0.003264
806.834501	0.076993	0.007294	0.003908
806.285715	0.079019	0.009971	0.012730
805.640091	0.080271	0.009591	0.009551
805.027339	0.078461	0.014062	0.003713
804.446449	0.078224	0.019585	0.009017
803.816942	0.078649	0.009999	0.006447
803.176598	0.078114	0.009561	0.004068
802.574508	0.078853	0.008864	0.005011
802.002098	0.078896	0.010743	0.007721
801.358259	0.079766	0.014114	0.004581
800.718219	0.081214	0.002178	0.007069
800.074469	0.077196	0.011348	0.007335
799.486386	0.073509	0.012301	0.005348
798.912236	0.079304	0.011057	0.008122
798.306574	0.078369	-0.000590	0.005156
797.683582	0.075713	-0.006416	0.010097
797.077510	0.078591	0.016789	0.006487
796.505351	0.076087	0.009143	0.007465
795.938097	0.080489	0.008205	0.006250
795.329965	0.076885	0.022647	0.008331
794.724029	0.079438	0.019950	0.005405
794.123636	0.078920	0.006078	0.006351
793.554004	0.080446	0.010235	0.003809
792.913520	0.080869	0.011140	0.004731
792.304035	0.079289	0.012481	0.004411
791.661577	0.074537	0.025060	0.009445
791.041289	0.077767	0.018851	0.003737
790.466578	0.079599	0.016517	0.005358
789.857303	0.076930	0.022514	0.006359
789.223853	0.077356	0.016214	0.004432
788.602287	0.082145	0.010747	0.004175
788.047524	0.080530	0.018017	0.003697
787.427199	0.079639	0.016546	0.004003
786.792612	0.077609	0.018125	0.006057
786.216548	0.077306	0.010182	0.004047
785.604341	0.078619	0.016572	0.006150
785.031977	0.081843	0.012588	0.007089
784.430437	0.082492	0.022082	0.006470
783.862350	0.077462	0.018818	0.010007
783.291558	0.075115	0.011607	0.006323
782.728220	0.076345	0.020029	0.010823
782.107269	0.079479	0.013893	0.009789
781.494798	0.077263	0.011652	0.008023
780.879094	0.075081	0.007764	0.009682
780.234766	0.081355	0.016518	0.003723
779.647217	0.077096	0.014747	0.005336
779.082135	0.078694	0.009170	0.004243
778.440833	0.078366	0.009562	0.006619
777.834890	0.078684	0.009960	0.004852
777.230239	0.080360	0.021371	0.004595
776.658336	0.080866	0.010944	0.003104
776.001626	0.078755	0.016867	0.005125
775.433482	0.075075	0.009711	0.006966
774.828160	0.075895	0.023315	0.005848
774.251879	0.078758	0.021338	0.005273
773.628246	0.077056	0.010299	0.004182
773.030846	0.074667	0.012959	0.008062
772.386897	0.079804	0.006614	0.004772
771.771596	0.078996	0.019188	0.004145
771.202568	0.078324	0.018832	0.005056
770.570010	0.082507	0.019787	0.003386
769.956617	0.077778	0.019064	0.007063
769.348418	0.079069	0.014026	0.005478
768.769715	0.079781	0.021691	0.005515
768.198330	0.081305	0.018524	0.004400
767.573733	0.083910	0.012333	0.007606
766.962722	0.076627	0.007618	0.006020
766.331869	0.074822	0.009229	0.006710
765.766623	0.083752	0.005479	0.005820
765.132510	0.077954	0.017062	0.004214
764.562258	0.077902	0.014300	0.006416
763.934035	0.081700	0.016438	0.007915
763.370600	0.078416	0.012844	0.006226
762.788121	0.081042	0.022441	0.005562
762.164697	0.080287	0.014605	0.006004
761.548518	0.082638	0.011926	0.004099
760.944093	0.080002	0.012176	0.008150
760.376352	0.078530	0.013478	0.003461
759.779445	0.080356	0.014613	0.009205
759.189954	0.076217	0.020158	0.005573
758.610941	0.082136	0.026998	0.003354
758.014909	0.078436	0.013070	0.004220
757.437625	0.078265	0.012815	0.010478
756.809182	0.078529	0.019568	0.006251
756.177616	0.078462	0.023099	0.006467
755.596051	0.079207	0.011676	0.004970
755.026947	0.079677	0.021805	0.004819
754.358223	0.080127	0.008195	0.004640
753.769303	0.078008	0.019218	0.005859
753.208233	0.078721	0.014341	0.004773
752.597617	0.080479	0.014316	0.006887
752.024696	0.078833	0.017617	0.003618
751.452147	0.079090	0.015947	0.003448
750.844299	0.078207	0.022660	0.007706
750.221516	0.078887	0.002526	0.003204
749.650000	0.081338	0.020166	0.005059
749.064641	0.079718	0.017773	0.004658
748.449083	0.078082	0.025632	0.004342
747.866222	0.078426	0.011198	0.003285
747.247476	0.078620	0.012162	0.007385
746.686145	0.080040	0.010458	0.004733
746.081343	0.079635	0.021145	0.004226
745.463922	0.081060	0.018795	0.004488
744.825603	0.079133	0.022328	0.004177
744.265362	0.078025	0.015075	0.005586
743.701130	0.078512	0.027442	0.007279
743.097336	0.078915	0.025420	0.003725
742.477953	0.079377	0.024569	0.007004
741.923954	0.078532	0.022389	0.003686
741.294516	0.079903	0.027434	0.004478
740.759857	0.078767	0.027896	0.003462
740.179229	0.079947	0.027522	0.006110
739.559017	0.078270	0.033429	0.004013
739.001912	0.079235	0.026877	0.003891
738.374956	0.080709	0.035616	0.003893
737.776187	0.077158	0.022853	0.005163
737.161328	0.079905	0.041700	0.004758
736.532884	0.078208	0.035154	0.004078
735.939999	0.077828	0.035347	0.005091
735.297144	0.076047	0.041505	0.007358
734.675434	0.081114	0.047942	0.003420
734.081946	0.078666	0.040211	0.005057
733.472287	0.077202	0.046894	0.003972
732.899447	0.077901	0.042781	0.005697
732.293557	0.078967	0.052979	0.005597
731.704051	0.080873	0.056686	0.006772
731.144296	0.078683	0.061892	0.005029
730.559481	0.080486	0.066276	0.003843
729.932827	0.079197	0.074653	0.003900
729.358811	0.080220	0.077555	0.003312
728.770248	0.077475	0.079509	0.004100
728.137706	0.078121	0.085081	0.003762
727.569236	0.079534	0.097749	0.005731
726.936574	0.076827	0.098173	0.005470
726.296849	0.081223	0.110585	0.004456
725.695403	0.078989	0.115471	0.003848
725.129881	0.073398	0.106546	0.006617
724.509522	0.081310	0.108396	0.005297
723.906911	0.079816	0.095907	0.005905
723.307494	0.082013	0.073301	0.003936
722.722450	0.079772	0.049796	0.003025
722.161798	0.077568	0.028410	0.006012
721.531208	0.079381	0.008846	0.003959
720.924366	0.078361	-0.029862	0.006335
720.276972	0.077266	-0.052605	0.003523
719.719616	0.079681	-0.083311	0.005236
719.106138	0.082483	-0.115007	0.004023
718.531730	0.079485	-0.138964	0.003251
717.911807	0.079225	-0.168321	0.004931
717.317867	0.076251	-0.199287	0.006656
716.750698	0.080710	-0.231616	0.003868
716.103604	0.079106	-0.257947	0.003991
715.465226	0.079606	-0.300252	0.003601
714.859106	0.080307	-0.330291	0.006018
714.194353	0.080835	-0.368323	0.006431
713.617106	0.080015	-0.391544	0.002991
712.978083	0.078958	-0.416556	0.003101
712.405657	0.082586	-0.425104	0.003705
711.809100	0.079707	-0.418998	0.003369
711.246678	0.078729	-0.388924	0.003788
710.680316	0.078818	-0.356201	0.008803
710.090251	0.082861	-0.326569	0.008402
709.455838	0.078939	-0.276557	0.005290
708.836971	0.080399	-0.215917	0.005900
708.251178	0.077585	-0.169645	0.004897
707.634746	0.078812	-0.103347	0.011106
707.011438	0.076738	-0.052243	0.003520
706.391358	0.082886	0.005719	0.006741
705.827474	0.075383	0.047429	0.005346
705.197094	0.074466	0.115304	0.008025
704.595965	0.080098	0.167877	0.006550
703.956794	0.081186	0.233579	0.003963
703.352143	0.080306	0.284725	0.007117
702.782534	0.080733	0.345434	0.006595
702.132367	0.080269	0.401653	0.007111
701.541381	0.079936	0.453591	0.003756
700.952410	0.080669	0.490525	0.005231
700.374203	0.079518	0.522258	0.005635
699.780357	0.079296	0.537227	0.004680
699.138413	0.080425	0.529857	0.004777
698.535081	0.078106	0.506989	0.003404
697.893222	0.080313	0.465769	0.007927
697.318354	0.078789	0.432026	0.003640
696.695258	0.078794	0.384364	0.009520
696.074459	0.081880	0.327338	0.009731
695.450022	0.076943	0.282567	0.003865
694.865859	0.086708	0.243529	0.004445
694.301605	0.077747	0.201333	0.006366
693.694763	0.076824	0.159762	0.003546
693.090255	0.079125	0.127261	0.004108
692.501702	0.079681	0.088121	0.006612
691.917100	0.078804	0.054473	0.005270
691.291522	0.079212	0.013183	0.003150
690.632909	0.079525	-0.031644	0.005970
690.053689	0.078018	-0.060743	0.005763
689.449819	0.075213	-0.100896	0.003803
688.902821	0.079853	-0.129790	0.007045
688.290996	0.076601	-0.170379	0.002806
687.707836	0.074191	-0.205791	0.004418
687.059610	0.080705	-0.248693	0.005318
686.470957	0.079140	-0.280219	0.006286
685.840362	0.080400	-0.315160	0.004161
685.230272	0.079611	-0.338655	0.003040
684.582388	0.082568	-0.351049	0.004705
683.925777	0.078061	-0.350303	0.004837
683.333475	0.077234	-0.347950	0.004868
682.731350	0.082491	-0.339984	0.006846
682.143421	0.082587	-0.318286	0.006086
681.568517	0.081585	-0.299379	0.003743
680.991954	0.080833	-0.274166	0.006680
680.389837	0.080090	-0.258421	0.003613
679.778621	0.083028	-0.228854	0.002998
679.191558	0.074859	-0.218251	0.007566
678.534296	0.079791	-0.199479	0.004652
677.982383	0.074734	-0.183797	0.003001
677.412793	0.081006	-0.158991	0.003949
676.795629	0.074659	-0.141443	0.003957
676.178707	0.079799	-0.137011	0.003252
675.629378	0.079647	-0.118719	0.003907
675.052771	0.077452	-0.106231	0.003280
674.471595	0.077253	-0.099032	0.005942
673.851735	0.074678	-0.078415	0.003895
673.240000	0.078996	-0.070723	0.004903
672.673278	0.076200	-0.065740	0.007465
672.080100	0.080951	-0.049148	0.005186
671.471940	0.078134	-0.033149	0.003743
670.858843	0.076700	-0.026333	0.003669
670.220805	0.078034	-0.017299	0.005043
669.629349	0.076768	-0.007359	0.010936
669.003245	0.078383	-0.002394	0.003600
668.350567	0.076539	-0.008062	0.007547
667.745572	0.075932	-0.004562	0.003101
667.163895	0.075648	-0.009020	0.005680
666.518462	0.077641	-0.016551	0.003380
665.902031	0.080652	-0.010004	0.005116
665.289446	0.079747	-0.018430	0.005856
664.675046	0.080419	-0.018759	0.004203
664.087833	0.078250	-0.020210	0.002999
663.509948	0.078893	-0.019128	0.006401
662.913978	0.077946	-0.020078	0.004670
662.296969	0.076159	-0.025986	0.005693
661.702637	0.077225	-0.028642	0.003348
661.133972	0.081950	-0.024735	0.003801
660.497443	0.078257	-0.024682	0.003204
659.889822	0.082904	-0.029656	0.003175
659.282134	0.076283	-0.033354	0.003076
658.639468	0.080485	-0.030510	0.005233
658.003916	0.078128	-0.033827	0.003363
657.428970	0.078311	-0.037359	0.005903
656.851988	0.077639	-0.034883	0.003538
656.283351	0.079526	-0.030641	0.003944
655.691182	0.078315	-0.043704	0.007031
655.115416	0.078215	-0.043141	0.008548
654.516916	0.081814	-0.027987	0.004552
653.934637	0.076936	-0.032460	0.007714
653.365430	0.076435	-0.032232	0.003861
652.745843	0.074573	-0.029457	0.002989
652.139237	0.077687	-0.032252	0.004028
651.508166	0.081482	-0.035861	0.004606
650.912163	0.079176	-0.037609	0.004560
650.324006	0.079487	-0.025818	0.004954
649.689552	0.078579	-0.039327	0.003064
649.088448	0.081109	-0.035069	0.006402
648.454272	0.078897	-0.034026	0.003627
647.889914	0.078660	-0.039533	0.003718
647.254568	0.080032	-0.030197	0.004888
646.630680	0.077698	-0.036007	0.006672
646.011451	0.077275	-0.035776	0.006073
645.400667	0.079800	-0.041114	0.005280
644.831294	0.082190	-0.035821	0.003002
644.213852	0.082017	-0.035190	0.008677
643.580061	0.079489	-0.035273	0.005444
642.975329	0.074965	-0.037151	0.006588
642.397416	0.078183	-0.033291	0.003373
641.747264	0.076892	-0.038517	0.007753
641.138877	0.083697	-0.037496	0.004516
640.510192	0.076851	-0.043004	0.004488
639.897980	0.080700	-0.037126	0.006165
639.320379	0.080267	-0.033176	0.006629
638.746192	0.074781	-0.037464	0.005213
638.123423	0.080457	-0.028128	0.005571
637.511049	0.081192	-0.033678	0.006428
636.940405	0.080838	-0.037201	0.003848
636.319170	0.077393	-0.039268	0.005889
635.692671	0.083646	-0.019398	0.007666
635.106536	0.077162	-0.039774	0.007672
635.453488	0.079710	-0.035157	0.003183
636.034177	0.081651	-0.043281	0.005106
636.624226	0.079528	-0.041408	0.003186
637.206469	0.079105	-0.039402	0.005753
637.828709	0.080720	-0.036069	0.004564
638.447789	0.075239	-0.032291	0.004775
639.018405	0.082313	-0.031726	0.003360
639.644239	0.080178	-0.044987	0.005968
640.272535	0.082396	-0.035438	0.003013
640.877144	0.080918	-0.027637	0.005555
641.452684	0.079245	-0.027425	0.003427
642.063018	0.077679	-0.037300	0.006300
642.668443	0.075336	-0.043864	0.005205
643.276847	0.081422	-0.033678	0.004044
643.913868	0.082393	-0.037108	0.003532
644.477070	0.083370	-0.034685	0.003010
645.055083	0.078485	-0.029554	0.003665
645.643668	0.078711	-0.034945	0.003569
646.252763	0.075905	-0.031841	0.003973
646.819420	0.083543	-0.034148	0.004911
647.460117	0.079386	-0.029035	0.005956
648.060478	0.077206	-0.034143	0.003990
648.686876	0.080507	-0.029665	0.004497
649.286124	0.081720	-0.036752	0.004483
649.850560	0.081187	-0.041560	0.005994
650.495668	0.077032	-0.030586	0.003801
651.103212	0.080687	-0.038278	0.004196
651.717334	0.080261	-0.026985	0.003424
652.296634	0.078334	-0.036407	0.003560
652.916836	0.082119	-0.036749	0.004709
653.504619	0.076497	-0.037978	0.006762
654.104582	0.078626	-0.034057	0.003604
654.734512	0.077723	-0.031331	0.005017
655.284205	0.081239	-0.034781	0.004322
655.894593	0.077889	-0.038177	0.007941
656.490698	0.079992	-0.038779	0.003917
657.103606	0.078196	-0.035891	0.003467
657.723304	0.081877	-0.032948	0.005282
658.295062	0.077917	-0.035014	0.003975
658.906936	0.075624	-0.036961	0.003749
659.502001	0.076641	-0.032212	0.004063
660.097459	0.080360	-0.029305	0.006870
660.656183	0.080043	-0.034163	0.003171
661.289157	0.080198	-0.034080	0.003328
661.936277	0.077502	-0.029888	0.004312
662.538769	0.077943	-0.030729	0.004965
663.206025	0.080159	-0.029457	0.003246
663.760658	0.075877	-0.028812	0.005742
664.339967	0.076723	-0.025483	0.004248
664.966362	0.079706	-0.007719	0.005376
665.595804	0.079868	-0.011444	0.004326
666.178812	0.079141	-0.015403	0.003501
666.789704	0.079473	-0.011571	0.005789
667.429042	0.078051	-0.013870	0.003204
668.015766	0.079450	6.495518E-5	0.004911
668.648918	0.077271	-0.005473	0.003335
669.252423	0.078753	-0.006128	0.003646
669.853402	0.075995	-0.014268	0.003290
670.470275	0.076890	-0.020363	0.003403
671.117832	0.079358	-0.027171	0.004080
671.704703	0.075901	-0.038493	0.004954
672.364449	0.079550	-0.043985	0.006001
672.974983	0.079567	-0.061549	0.010425
673.597210	0.077477	-0.079298	0.006144
674.205214	0.077619	-0.090883	0.006169
674.795329	0.080085	-0.094518	0.004059
675.439408	0.080361	-0.109815	0.003757
676.050356	0.080018	-0.124672	0.004236
676.676919	0.075894	-0.147581	0.006727
677.254652	0.080627	-0.152252	0.004114
677.874336	0.079417	-0.165844	0.004520
678.466332	0.082941	-0.190421	0.003607
679.107484	0.080670	-0.214896	0.005008
679.718921	0.082616	-0.225658	0.003707
680.310203	0.079150	-0.246675	0.003099
680.935335	0.080442	-0.268569	0.007604
681.551230	0.078875	-0.288868	0.005571
682.088645	0.078034	-0.312696	0.004690
682.699880	0.082157	-0.322660	0.003975
683.268482	0.076926	-0.341350	0.004953
683.881757	0.077869	-0.352230	0.004511
684.490661	0.078541	-0.353436	0.005537
685.065892	0.080962	-0.354283	0.004592
685.633963	0.077958	-0.335556	0.006573
686.225202	0.076884	-0.303880	0.004023
686.864444	0.077212	-0.271992	0.003360
687.461299	0.080647	-0.228805	0.006274
688.107111	0.080153	-0.195418	0.006806
688.646942	0.079136	-0.162980	0.004272
689.282864	0.085333	-0.120394	0.003938
689.932558	0.076290	-0.084270	0.004327
690.543073	0.079076	-0.041172	0.005083
691.124724	0.076759	-0.011904	0.003576
691.781078	0.080098	0.030172	0.006610
692.382871	0.076722	0.064442	0.004417
692.982155	0.078148	0.106756	0.008361
693.593060	0.080059	0.150059	0.004152
694.184471	0.078179	0.190245	0.004464
694.791080	0.078157	0.225630	0.006706
695.386896	0.078928	0.271784	0.003686
696.023401	0.077943	0.325072	0.002935
696.610991	0.076451	0.360114	0.007636
697.221386	0.080240	0.403217	0.003135
697.853883	0.077881	0.458020	0.009870
698.461042	0.076086	0.497434	0.003457
699.033795	0.078292	0.523993	0.005895
699.603676	0.077546	0.538550	0.004524
700.233549	0.076605	0.533999	0.004569
700.850051	0.079302	0.502541	0.006410
701.485280	0.082855	0.470572	0.004627
702.132290	0.079686	0.420547	0.002995
702.721340	0.077303	0.361983	0.010640
703.342923	0.084033	0.299919	0.008494
703.968422	0.076701	0.247881	0.007760
704.589669	0.078976	0.192618	0.006774
705.182091	0.077643	0.130820	0.005956
705.813194	0.077625	0.085688	0.003918
706.447042	0.078866	0.018355	0.009000
707.059116	0.081451	-0.039151	0.003883
707.670518	0.076477	-0.102923	0.006050
708.230052	0.079638	-0.153774	0.004218
708.817400	0.079816	-0.200554	0.010619
709.476341	0.080934	-0.264294	0.010791
710.050376	0.079539	-0.309969	0.009380
710.611632	0.079633	-0.344986	0.004174
711.231357	0.078265	-0.387858	0.011026
711.846395	0.079417	-0.409006	0.004104
712.450315	0.078357	-0.426078	0.003580
713.062678	0.083939	-0.407451	0.004904
713.651381	0.079753	-0.396285	0.003090
714.243406	0.079667	-0.374843	0.005016
714.843894	0.080860	-0.344427	0.007085
715.451726	0.080735	-0.317883	0.003119
716.019025	0.082443	-0.289081	0.006051
716.628894	0.080362	-0.249535	0.003391
717.216981	0.077449	-0.211081	0.006215
717.804310	0.079481	-0.178385	0.006095
718.434154	0.078691	-0.156711	0.004051
719.002945	0.078315	-0.121367	0.005038
719.668040	0.079162	-0.096460	0.005576
720.299592	0.077276	-0.056825	0.007292
720.874082	0.078209	-0.030716	0.006197
721.475390	0.084483	-0.017750	0.006018
722.048150	0.078261	0.019351	0.003781
722.667378	0.078716	0.031297	0.003509
723.279245	0.076380	0.066868	0.004990
723.929295	0.081403	0.083906	0.004676
724.506730	0.078226	0.087299	0.005358
725.147711	0.073573	0.116800	0.004554
725.696314	0.076310	0.107347	0.006539
726.313855	0.078245	0.113251	0.003791
726.910892	0.079539	0.105225	0.005402
727.481093	0.080413	0.103418	0.004981
728.127123	0.078118	0.091184	0.004031
728.719509	0.077627	0.090481	0.004406
729.347853	0.079456	0.075491	0.003729
729.922030	0.081939	0.081913	0.004967
730.524675	0.081023	0.071949	0.004885
731.112728	0.080627	0.065707	0.004945
731.745179	0.078223	0.058340	0.003558
732.365629	0.078000	0.053927	0.006047
732.931769	0.078053	0.053342	0.005337
733.565644	0.078400	0.049826	0.005578
734.206770	0.080975	0.042573	0.006995
734.810190	0.075959	0.035883	0.004854
735.387159	0.080487	0.034854	0.003484
736.033321	0.080082	0.045834	0.005664
736.624036	0.077973	0.035760	0.004115
737.271232	0.074636	0.027004	0.005139
737.873448	0.077337	0.032407	0.002734
738.450272	0.076028	0.032176	0.009919
739.092813	0.082323	0.032179	0.006269
739.717132	0.076760	0.029840	0.003882
740.292150	0.080085	0.026820	0.004060
740.916720	0.076419	0.027026	0.004010
741.470819	0.077639	0.034576	0.003834
742.078436	0.079965	0.020228	0.005446
742.678409	0.076170	0.018348	0.007442
743.295516	0.076229	0.021800	0.003596
743.858076	0.078715	0.019486	0.006086
744.493103	0.078700	0.025665	0.004424
745.075142	0.082302	0.018314	0.005723
745.734244	0.079234	0.028807	0.008854
746.350240	0.076408	0.027682	0.007351
746.930726	0.078486	0.030704	0.003160
747.558371	0.078638	0.021246	0.005039
748.180809	0.079053	0.012612	0.004778
748.751255	0.077343	0.023123	0.006086
749.310446	0.079947	0.020705	0.004697
749.944183	0.080470	0.021177	0.003686
750.553387	0.078923	0.023768	0.005002
751.118140	0.077276	0.018660	0.007199
751.737583	0.078088	0.013934	0.004056
752.322208	0.078284	0.019422	0.006106
752.923932	0.080619	0.017490	0.004331
753.516583	0.079526	0.011993	0.004398
754.143068	0.078318	0.019599	0.003740
754.715976	0.079194	0.004683	0.005788
755.332620	0.075974	0.016818	0.003851
755.915288	0.077674	0.020594	0.003616
756.541320	0.078896	0.022335	0.005202
757.154279	0.076562	0.010452	0.007976
757.731938	0.077520	0.018788	0.006991
758.334250	0.080134	0.016279	0.006475
758.945609	0.077685	0.016728	0.004472
759.572890	0.077811	0.016225	0.007122
760.234993	0.079387	0.012650	0.004214
760.819014	0.078914	0.010276	0.005985
761.466111	0.077542	0.016251	0.008016
762.061318	0.079813	0.011530	0.005375
762.684562	0.077492	0.012431	0.005542
763.268922	0.079337	0.015453	0.005897
763.891978	0.079909	0.026809	0.006733
764.500074	0.080159	0.014783	0.007123
765.110511	0.079751	0.015971	0.004456
765.739757	0.080673	0.025263	0.004295
766.324701	0.082048	0.012853	0.004324
766.958744	0.081126	0.012854	0.004459
767.557073	0.080320	0.006406	0.005377
768.168913	0.080119	0.012302	0.004005
768.736313	0.081134	0.022193	0.007328
769.346824	0.080962	0.011330	0.007307
769.923717	0.079595	0.012932	0.004620
770.575038	0.079366	0.013069	0.005816
771.150407	0.078711	0.013230	0.004652
771.719318	0.079006	0.008758	0.005960
772.310220	0.078760	0.006113	0.004013
772.936110	0.079967	0.007911	0.005478
773.496122	0.079898	0.016108	0.007257
774.076977	0.080085	0.009789	0.004173
774.698800	0.078788	0.017783	0.006755
775.291232	0.079478	0.008918	0.004596
775.885878	0.078836	0.010845	0.003138
776.521388	0.080692	0.013397	0.004128
777.100276	0.079505	0.013091	0.011271
777.688887	0.076621	0.027595	0.005211
778.285810	0.079881	0.013724	0.005749
778.914164	0.079884	0.024265	0.006925
779.478318	0.077664	0.023593	0.005425
780.078706	0.077880	0.012934	0.004620
780.719236	0.079442	0.011726	0.005006
781.311858	0.078747	0.013477	0.004584
781.936681	0.077566	0.023317	0.006069
782.515994	0.080159	0.015964	0.006616
783.118413	0.079503	0.012499	0.010147
783.726515	0.080022	0.022646	0.005161
784.308471	0.079122	0.009694	0.005057
784.945566	0.079938	0.014632	0.005907
785.515629	0.079430	0.013325	0.004249
786.126438	0.079354	0.014218	0.006645
786.720492	0.079209	0.014561	0.008279
787.337958	0.080949	0.001420	0.011729
787.931207	0.079995	0.012106	0.005154
788.519070	0.078284	0.000229	0.007573
789.122476	0.080170	0.019321	0.004636
789.740087	0.079569	0.010261	0.006425
790.378463	0.078184	0.018844	0.005237
790.952221	0.078076	0.011337	0.005930
791.598415	0.080657	0.024318	0.006226
792.160565	0.077144	0.002921	0.004537
792.753635	0.079335	0.007659	0.006613
793.326233	0.079683	0.016812	0.005377
793.957353	0.080046	-0.001191	0.011285
794.559779	0.079315	0.016314	0.004887
795.154587	0.079016	0.021137	0.005287
795.765570	0.078532	0.011138	0.004809
796.335904	0.078917	0.006747	0.006850
796.956517	0.078224	0.012516	0.005748
797.550752	0.077976	0.018249	0.006455
798.187774	0.079110	0.015033	0.004075
798.767398	0.080794	0.017052	0.004237
799.379578	0.078374	0.012821	0.008291
799.964875	0.079128	0.015960	0.004531
