800.406832	0.079209	0.047374	0.005906
801.066976	0.079073	0.042457	0.004797
801.648301	0.078673	0.051414	0.004227
802.267204	0.079386	0.062881	0.003730
802.880045	0.080972	0.066928	0.003719
803.508281	0.078737	0.072199	0.004133
804.098865	0.081398	0.072070	0.003846
804.669048	0.080005	0.098850	0.003801
805.286982	0.078439	0.110484	0.005551
805.863992	0.078572	0.107800	0.003511
806.446986	0.078695	0.107133	0.002896
807.043141	0.078718	0.106599	0.004024
807.610761	0.078581	0.103273	0.005131
808.188691	0.078477	0.106327	0.007587
808.741641	0.079876	0.106775	0.006850
809.345837	0.078956	0.078994	0.005992
809.912607	0.078766	0.070867	0.004647
810.480635	0.079176	0.062372	0.004246
811.017025	0.079781	0.057644	0.003791
811.582940	0.066548	0.042191	0.003150
812.083661	0.078887	0.035253	0.005386
812.615658	0.078724	0.032352	0.004728
813.168933	0.079523	0.019806	0.006120
813.717976	0.078615	0.016376	0.007857
814.261742	0.078960	0.016033	0.006802
814.792989	0.079883	0.013234	0.006049
815.338998	0.077279	0.007191	0.004118
815.881967	0.079008	0.013607	0.005315
816.427426	0.079968	0.005643	0.004518
816.992528	0.078401	0.009184	0.003241
817.537792	0.079576	-0.000282	0.002976
818.110807	0.078783	-0.001104	0.003142
818.676351	0.078836	-0.004328	0.003787
819.215618	0.078272	-0.004337	0.005041
819.762977	0.080825	-0.011243	0.007266
820.331356	0.080369	-0.013624	0.003329
820.897301	0.080641	-0.013252	0.003603
821.528035	0.079920	-0.018837	0.004115
822.138141	0.078641	-0.022139	0.004354
822.689151	0.079469	-0.016762	0.003491
823.232859	0.078407	-0.029235	0.005062
823.790112	0.078904	-0.032416	0.004015
824.359166	0.079978	-0.041601	0.005256
824.919307	0.079694	-0.041284	0.003621
825.465340	0.078848	-0.042735	0.003264
826.024025	0.079346	-0.044282	0.004370
826.575953	0.080159	-0.043953	0.005504
827.145190	0.079431	-0.034201	0.004788
827.752598	0.079160	-0.036682	0.004496
828.364005	0.080308	-0.021043	0.004991
828.910933	0.078413	-0.015345	0.005655
829.462293	0.078825	-0.007933	0.007255
829.994093	0.079193	5.072247E-5	0.003069
830.578195	0.079326	0.012631	0.003653
831.174337	0.079676	0.024055	0.002811
831.745939	0.079884	0.041494	0.004618
832.373265	0.079059	0.051852	0.003900
832.954041	0.079045	0.077513	0.003906
833.594235	0.079409	0.084246	0.005522
834.164486	0.079076	0.103634	0.006779
834.693514	0.079576	0.119500	0.007882
835.246268	0.079328	0.143867	0.005109
835.808011	0.079299	0.153435	0.004366
836.367071	0.079379	0.147767	0.005044
836.935911	0.078874	0.145194	0.007710
837.513030	0.078828	0.133824	0.003376
838.161523	0.078927	0.108113	0.004818
838.748973	0.078208	0.078642	0.011684
839.315281	0.077976	0.043742	0.005736
839.919974	0.078016	-0.002866	0.004690
840.530259	0.079364	-0.040292	0.004631
841.080904	0.077921	-0.082721	0.005574
841.657662	0.079070	-0.119308	0.006434
842.210917	0.080980	-0.149250	0.007005
842.777379	0.078369	-0.177919	0.011772
843.331057	0.079490	-0.204151	0.005211
843.900361	0.080683	-0.217590	0.004854
844.483942	0.077093	-0.214055	0.004401
845.065193	0.079151	-0.222654	0.006018
845.630234	0.079763	-0.196721	0.006967
846.211861	0.080031	-0.175965	0.007288
846.765965	0.079277	-0.138730	0.008002
847.301478	0.080435	-0.104223	0.004589
847.861492	0.079580	-0.068149	0.002875
848.420388	0.080831	-0.025476	0.005654
849.013530	0.080165	0.004121	0.005839
849.579288	0.078932	0.045855	0.005267
850.169491	0.078994	0.086977	0.009378
850.806467	0.079065	0.116804	0.002904
851.407666	0.077082	0.139578	0.003501
852.052096	0.079350	0.158572	0.004493
852.658385	0.079288	0.157214	0.003548
853.240187	0.078126	0.153562	0.006356
853.811782	0.080598	0.147920	0.004744
854.381314	0.080222	0.136312	0.005941
854.894600	0.078822	0.121740	0.003522
855.458140	0.078612	0.110411	0.004145
856.036598	0.078917	0.101583	0.004265
856.609522	0.078183	0.087402	0.007218
857.222454	0.079810	0.080307	0.003436
857.819100	0.078860	0.070723	0.004618
858.432223	0.078516	0.059523	0.003511
858.993545	0.080081	0.051806	0.003797
859.586441	0.080104	0.058166	0.003876
860.158180	0.079597	0.050125	0.004005
860.754708	0.078333	0.044247	0.003389
861.371412	0.078481	0.039640	0.006586
861.938843	0.078749	0.039967	0.003533
862.528883	0.079875	0.044743	0.003262
863.109220	0.080117	0.036386	0.005202
863.683920	0.078736	0.035175	0.003335
864.313623	0.077449	0.029188	0.004428
864.903119	0.078343	0.039885	0.003988
865.512834	0.076445	0.033451	0.007337
866.153283	0.080278	0.030006	0.003942
866.771889	0.078624	0.035590	0.003743
867.339834	0.078279	0.031707	0.003322
867.955417	0.078788	0.029491	0.004285
868.580221	0.078481	0.031843	0.004780
869.175829	0.079339	0.032520	0.004846
869.792897	0.079734	0.027188	0.003880
870.369040	0.078813	0.033934	0.005994
870.988677	0.078464	0.030282	0.004060
871.587016	0.079025	0.029263	0.003097
872.229065	0.079616	0.022436	0.005263
872.844539	0.080659	0.038778	0.007145
873.408067	0.078561	0.034951	0.004307
873.997982	0.079253	0.038234	0.005830
874.627997	0.079408	0.032442	0.003667
875.238761	0.077267	0.034449	0.004753
875.842474	0.081453	0.040597	0.005504
876.410166	0.073050	0.033010	0.004127
877.013065	0.079928	0.039311	0.005074
877.604500	0.080454	0.041416	0.003770
878.258602	0.080171	0.040553	0.004857
878.851601	0.080646	0.044729	0.004355
879.463916	0.078554	0.053032	0.003886
880.100541	0.080315	0.047176	0.005229
880.712826	0.077903	0.058808	0.005998
881.337544	0.078722	0.057092	0.006021
881.935303	0.079192	0.062559	0.004988
882.521507	0.077788	0.071388	0.003165
883.056017	0.076949	0.080422	0.005190
883.674626	0.079936	0.084895	0.006737
884.259729	0.079766	0.092472	0.007866
884.856377	0.078993	0.098328	0.004059
885.486416	0.078234	0.107038	0.004497
886.083052	0.078942	0.101547	0.003135
886.731544	0.079321	0.101785	0.004630
887.388837	0.078771	0.091784	0.005806
888.068904	0.078341	0.078024	0.004421
888.633351	0.076875	0.058636	0.004729
889.294253	0.079243	0.032355	0.004188
889.887045	0.078472	0.013018	0.004368
890.504012	0.079275	-0.013216	0.005229
891.109829	0.080380	-0.040414	0.004660
891.709393	0.080140	-0.068017	0.007448
892.250555	0.079670	-0.089680	0.003466
892.817602	0.077696	-0.109837	0.004173
893.392094	0.081209	-0.141870	0.005098
893.988740	0.078030	-0.177944	0.005511
894.588183	0.077580	-0.196311	0.003174
895.137481	0.079076	-0.218505	0.003113
895.700466	0.080471	-0.231005	0.004970
896.264360	0.079534	-0.253274	0.004259
896.856315	0.078342	-0.255064	0.004603
897.400626	0.080522	-0.258754	0.003453
897.936599	0.069579	-0.251573	0.006186
898.429568	0.077204	-0.238830	0.004667
899.012052	0.078214	-0.226494	0.004252
899.604470	0.077956	-0.206176	0.003980
900.235639	0.078136	-0.181567	0.006533
900.885916	0.081102	-0.154483	0.006527
901.472146	0.080304	-0.144130	0.003622
902.116263	0.079520	-0.119198	0.006566
902.704070	0.079109	-0.091969	0.008890
903.255039	0.077861	-0.077833	0.004488
903.800927	0.076866	-0.046770	0.005369
904.386758	0.078088	-0.018063	0.007709
905.023173	0.078446	0.003424	0.003430
905.645562	0.080164	0.039709	0.004837
906.251742	0.077820	0.052003	0.005560
906.819139	0.081432	0.076258	0.006966
907.395009	0.079597	0.079361	0.005331
908.005043	0.081346	0.070126	0.004250
908.565161	0.077482	0.061242	0.005878
909.155945	0.078281	0.045407	0.004366
909.768354	0.078803	0.025524	0.003826
910.353475	0.075074	0.005622	0.005394
910.947741	0.080679	-0.015118	0.007322
911.528583	0.080909	-0.044727	0.005210
912.114083	0.080571	-0.073479	0.006660
912.740346	0.079288	-0.086349	0.004200
913.358820	0.078439	-0.101096	0.003665
913.981479	0.076457	-0.113794	0.002904
914.633338	0.076433	-0.108593	0.005495
915.239340	0.076629	-0.097783	0.004879
915.849492	0.078617	-0.085909	0.006056
916.400202	0.080052	-0.069993	0.004146
917.054849	0.079233	-0.045688	0.003866
917.709626	0.079230	-0.011388	0.004621
918.321988	0.078651	0.018491	0.005590
918.922234	0.079772	0.036222	0.003621
919.545482	0.069835	0.065619	0.004165
920.145477	0.076680	0.094405	0.005114
920.770350	0.079129	0.116538	0.004288
921.367395	0.078321	0.131218	0.005331
921.934001	0.079506	0.141758	0.004513
922.505186	0.079258	0.143428	0.004502
923.071139	0.080284	0.140832	0.003347
923.669273	0.077426	0.145824	0.004045
924.246801	0.077263	0.132125	0.004611
924.842426	0.079194	0.123747	0.003922
925.414387	0.079264	0.117555	0.004331
926.003545	0.080726	0.105689	0.004678
926.595310	0.079106	0.095360	0.003643
927.153546	0.080543	0.093775	0.008434
927.758072	0.077827	0.092048	0.006767
928.367526	0.080248	0.087780	0.004756
928.947080	0.078630	0.080131	0.005192
929.538825	0.078217	0.079438	0.006244
930.113604	0.080033	0.073001	0.003785
930.714715	0.079252	0.081437	0.003545
931.309768	0.078983	0.078645	0.005505
931.898897	0.079396	0.085642	0.003231
932.553603	0.081019	0.080140	0.006075
933.201267	0.078747	0.079798	0.005404
933.834903	0.077106	0.090162	0.003458
934.386310	0.074954	0.092037	0.004182
935.016107	0.079531	0.097021	0.004820
935.628615	0.079474	0.106739	0.005052
936.245707	0.077125	0.103505	0.003777
936.842637	0.077668	0.095718	0.003540
937.443894	0.081839	0.107738	0.003304
938.027566	0.081814	0.093696	0.003609
938.576995	0.081565	0.095683	0.007700
939.128364	0.081227	0.085467	0.003889
939.668243	0.078690	0.088321	0.004410
940.208067	0.077146	0.078360	0.006168
940.772494	0.077462	0.072767	0.003638
941.315920	0.080148	0.066382	0.003124
941.857421	0.080574	0.056556	0.005619
942.414686	0.078432	0.054492	0.005327
942.978854	0.077056	0.049589	0.003510
943.568858	0.078465	0.042170	0.006679
944.159137	0.077900	0.023828	0.003549
944.743002	0.078500	0.023340	0.004042
945.295247	0.080531	0.019926	0.005546
945.829240	0.078884	0.013168	0.004308
946.349989	0.076492	0.009092	0.007238
946.878177	0.079025	0.014313	0.003150
947.427825	0.078020	0.005575	0.004923
947.949577	0.078290	0.006140	0.005301
948.478405	0.076163	0.004850	0.005062
949.047161	0.081737	-0.006154	0.003457
949.619933	0.082491	-0.003661	0.004221
950.156783	0.077440	-0.005959	0.003061
950.680445	0.076860	0.007264	0.007024
951.229609	0.078754	0.002438	0.006283
951.765964	0.078329	0.000655	0.004029
952.327500	0.078050	0.001084	0.004671
952.863762	0.078148	0.000277	0.005594
953.439193	0.080350	0.000720	0.004307
953.997001	0.079020	0.003990	0.005338
954.543601	0.081035	-0.001985	0.004577
955.129475	0.078680	-0.004615	0.005537
955.688711	0.080654	-0.007089	0.005694
956.236835	0.081278	0.008913	0.005822
956.785203	0.082124	0.008412	0.008975
957.341061	0.079088	-0.009512	0.009857
957.890432	0.080818	-0.003782	0.010045
958.456046	0.079805	-0.006275	0.004652
959.007121	0.078917	-0.002623	0.005758
959.551309	0.075830	0.000101	0.006178
960.113626	0.078497	-0.003901	0.005146
960.685781	0.082441	-0.004115	0.005479
961.239540	0.080157	-0.002329	0.004799
961.763694	0.076755	0.009241	0.004726
962.296312	0.077556	-0.002927	0.005419
962.849789	0.080326	-0.009321	0.006382
963.435276	0.080061	-0.002703	0.003277
963.958043	0.080425	-0.000123	0.004872
964.510122	0.074186	-0.009017	0.008758
965.016794	0.061998	-0.001868	0.009393
964.514370	0.078147	-0.003366	0.006938
963.958568	0.075959	-0.006485	0.004120
963.409354	0.076831	-0.008822	0.003441
962.849642	0.082148	-0.002130	0.004555
962.310142	0.077116	-0.000311	0.004997
961.693387	0.078586	0.002299	0.004695
961.092717	0.078837	0.001858	0.003313
960.488982	0.080312	0.000789	0.007953
959.813339	0.080798	0.004931	0.008072
959.196251	0.076915	0.009734	0.003992
958.546861	0.077654	0.002743	0.007266
957.930643	0.077399	0.000260	0.006273
957.291413	0.080194	0.000484	0.007937
956.734084	0.077492	0.006607	0.008840
956.183190	0.078423	0.005208	0.006512
955.592121	0.079475	0.003261	0.006259
954.965392	0.077080	-0.001494	0.004526
954.376047	0.080888	0.003621	0.003582
953.763158	0.077132	0.007572	0.004990
953.192661	0.078579	0.004856	0.006298
952.632719	0.078558	0.000285	0.004130
952.051565	0.081146	-0.002260	0.003450
951.497852	0.079047	-0.000253	0.003771
950.874564	0.078688	0.000261	0.006135
950.252458	0.078326	0.001008	0.003873
949.630152	0.081064	0.011917	0.004321
948.981246	0.078811	0.006164	0.004479
948.415223	0.078711	0.007531	0.006012
947.753682	0.079354	-0.006196	0.006772
947.111675	0.079522	0.005486	0.004813
946.502526	0.079012	-0.005981	0.004772
945.888068	0.077902	0.013173	0.005951
945.283158	0.079918	0.016114	0.005452
944.665253	0.078067	0.020396	0.005098
944.047776	0.078147	0.034393	0.004530
943.420169	0.078556	0.024814	0.006801
942.790235	0.078466	0.027031	0.006200
942.166931	0.079123	0.048982	0.005410
941.519063	0.080244	0.059881	0.004682
940.896446	0.078032	0.074381	0.002925
940.344265	0.077341	0.075315	0.004680
939.709060	0.079557	0.070380	0.010037
939.139611	0.080389	0.094137	0.004530
938.569360	0.079871	0.092323	0.003770
937.995979	0.079567	0.100197	0.004210
937.438390	0.079301	0.106796	0.007023
936.901080	0.078475	0.104494	0.006123
936.340001	0.077952	0.103405	0.003481
935.804835	0.078564	0.105456	0.006910
935.213780	0.075932	0.095442	0.006213
934.648213	0.080573	0.087591	0.004431
934.090964	0.081061	0.092276	0.003245
933.515877	0.078258	0.089104	0.006976
932.920843	0.076872	0.078145	0.005320
932.300689	0.078495	0.076429	0.003339
931.750700	0.080036	0.079980	0.003844
931.171210	0.080621	0.082097	0.003949
930.400275	0.082270	0.067517	0.005531
929.778309	0.077677	0.082943	0.006788
929.013649	0.077477	0.078286	0.003154
928.476374	0.078580	0.073932	0.004476
927.871004	0.076515	0.085089	0.003594
927.245474	0.080044	0.088179	0.002946
926.621834	0.079627	0.092483	0.005485
926.020751	0.079855	0.095153	0.003854
925.394344	0.078727	0.110206	0.004191
924.761275	0.078335	0.120727	0.004009
924.159374	0.076105	0.129847	0.005075
923.570273	0.077769	0.132822	0.003629
922.956110	0.080510	0.141970	0.004034
922.342188	0.078630	0.141815	0.007235
921.731026	0.079204	0.133605	0.002857
921.084662	0.078042	0.125072	0.004051
920.488779	0.079073	0.109051	0.003052
919.860842	0.082281	0.086079	0.005782
919.281770	0.078814	0.061051	0.003150
918.679176	0.076695	0.034948	0.004447
918.044797	0.078935	0.009186	0.005984
917.410549	0.078566	-0.017250	0.006913
916.760327	0.080778	-0.041972	0.008593
916.149439	0.076542	-0.075238	0.003035
915.537608	0.078689	-0.088742	0.004634
914.910389	0.081866	-0.102783	0.005897
914.303554	0.078782	-0.115274	0.005405
913.669948	0.080121	-0.108280	0.006342
913.079255	0.081109	-0.097382	0.003428
912.491298	0.078163	-0.091673	0.003194
911.888118	0.078662	-0.065797	0.002918
911.236549	0.080572	-0.043424	0.008769
910.647528	0.077933	-0.015248	0.008269
910.031824	0.075366	0.000256	0.003804
909.386223	0.078791	0.024216	0.007598
908.773628	0.079111	0.050626	0.003692
908.144887	0.078948	0.059004	0.005379
907.543722	0.078702	0.075980	0.003302
906.909418	0.079372	0.079823	0.004809
906.296341	0.077915	0.065830	0.004182
905.671145	0.079165	0.041928	0.004362
905.033418	0.078221	0.014199	0.005403
904.405476	0.078173	-0.013160	0.002965
903.817287	0.078382	-0.041488	0.005058
903.180686	0.080649	-0.069819	0.006300
902.600412	0.077623	-0.096419	0.005251
901.996734	0.078564	-0.113853	0.004758
901.356657	0.079381	-0.140024	0.003235
900.724423	0.078330	-0.162758	0.004231
900.062831	0.078277	-0.187835	0.004215
899.459597	0.079768	-0.197514	0.002783
898.885294	0.079184	-0.227331	0.005312
898.321455	0.078714	-0.233918	0.003955
897.750979	0.080415	-0.253596	0.006192
897.134776	0.080294	-0.255994	0.004516
896.516075	0.078751	-0.263836	0.005534
895.910914	0.080422	-0.237918	0.005517
895.340870	0.079417	-0.229444	0.005509
894.778441	0.080383	-0.212099	0.003379
894.215841	0.079191	-0.191987	0.007088
893.623279	0.077741	-0.162978	0.005659
893.018726	0.079482	-0.137977	0.003850
892.400623	0.078390	-0.110617	0.004948
891.795554	0.079971	-0.078743	0.003436
891.173406	0.079383	-0.060289	0.004003
890.515939	0.082154	-0.024490	0.004758
889.919240	0.077848	0.000751	0.003865
889.279889	0.080315	0.028965	0.003304
888.639607	0.079497	0.050114	0.003366
888.039792	0.076659	0.075022	0.004665
887.395477	0.079068	0.087162	0.004851
886.766876	0.079630	0.100477	0.003660
886.120920	0.077753	0.105563	0.003197
885.502062	0.079167	0.099418	0.003557
884.917550	0.078965	0.097192	0.003886
884.268439	0.079396	0.084231	0.003685
883.662214	0.079453	0.084410	0.005131
883.015424	0.078118	0.081557	0.004215
882.400223	0.077640	0.072176	0.004012
881.788275	0.077189	0.070638	0.006405
881.168092	0.078429	0.058997	0.004917
880.553286	0.078047	0.061221	0.003487
879.903457	0.077311	0.055076	0.004905
879.268714	0.077728	0.046685	0.003912
878.674163	0.079265	0.049075	0.004489
878.052737	0.079800	0.045987	0.005692
877.427328	0.078253	0.039719	0.002980
876.831958	0.077044	0.041221	0.005164
876.242344	0.080163	0.036753	0.003268
875.597932	0.078287	0.038778	0.003584
874.988560	0.079026	0.039081	0.003924
874.358579	0.080721	0.031026	0.003155
873.748215	0.081115	0.033163	0.007430
873.115288	0.078010	0.027916	0.004797
872.512243	0.077685	0.031724	0.005450
871.925166	0.079077	0.027398	0.004092
871.344261	0.077799	0.029592	0.003023
870.707603	0.079313	0.027998	0.003969
870.092154	0.078766	0.037505	0.006721
869.525346	0.080745	0.031491	0.004799
868.910418	0.080426	0.032641	0.003854
868.286416	0.078729	0.031474	0.004970
867.664842	0.080559	0.027371	0.004522
867.062154	0.079506	0.031126	0.003117
866.423800	0.079882	0.034509	0.002895
865.829833	0.079830	0.033879	0.005633
865.194888	0.079893	0.039206	0.003810
864.587330	0.076974	0.030426	0.005034
863.946167	0.080620	0.041806	0.005447
863.328996	0.079818	0.036590	0.004288
862.749077	0.080270	0.040847	0.005308
862.156463	0.076213	0.043375	0.005877
861.545890	0.076953	0.039808	0.008459
860.981219	0.077825	0.046730	0.003796
860.420742	0.077644	0.054834	0.004373
859.859376	0.079559	0.046460	0.003415
859.265190	0.078845	0.050243	0.003162
858.666975	0.078936	0.053455	0.003885
858.063446	0.079271	0.062214	0.004807
857.468054	0.077549	0.074627	0.004975
856.896947	0.079660	0.077810	0.004111
856.298337	0.078037	0.078326	0.004314
855.732885	0.079943	0.104019	0.004183
855.153460	0.078627	0.106663	0.004017
854.614470	0.077918	0.121103	0.003757
854.012307	0.081772	0.139387	0.005569
853.408549	0.076354	0.151444	0.003133
852.805489	0.081913	0.172011	0.004126
852.162768	0.080902	0.166853	0.003335
851.524730	0.079008	0.152165	0.002702
850.942578	0.078650	0.132304	0.004951
850.388593	0.078894	0.108489	0.004686
849.800653	0.079734	0.068619	0.007538
849.175475	0.080585	0.037754	0.003248
848.555635	0.077080	-0.010067	0.005963
847.933575	0.077653	-0.045556	0.008892
847.357273	0.078241	-0.086261	0.004194
846.768931	0.078343	-0.127221	0.008147
846.127596	0.079140	-0.157047	0.004185
845.548761	0.079318	-0.185395	0.003220
844.993146	0.080143	-0.212658	0.007524
844.416003	0.079808	-0.218400	0.004476
843.852915	0.079967	-0.216348	0.003766
843.279271	0.077894	-0.206926	0.005978
842.673038	0.079724	-0.194023	0.003791
842.102519	0.078240	-0.153260	0.005879
841.499067	0.078867	-0.130347	0.007890
840.914136	0.079806	-0.084464	0.004091
840.362325	0.079493	-0.043238	0.010964
839.789547	0.078112	-0.001432	0.004955
839.209376	0.078944	0.028680	0.004712
838.651731	0.079192	0.069920	0.010031
838.052967	0.077446	0.094208	0.005735
837.492085	0.079213	0.131532	0.005024
836.927382	0.079210	0.141544	0.003607
836.341652	0.078775	0.160466	0.003000
835.773345	0.078411	0.155027	0.003674
835.141234	0.080260	0.133883	0.004221
834.518669	0.079633	0.125511	0.004572
833.955287	0.079639	0.108250	0.005012
833.388336	0.078813	0.090620	0.004484
832.754372	0.079309	0.068754	0.005039
832.146276	0.080023	0.062588	0.003087
831.583553	0.078746	0.034618	0.004791
831.020121	0.080171	0.030271	0.004513
830.469678	0.080220	0.013270	0.003181
829.847702	0.078658	0.000638	0.005251
829.225143	0.078960	-0.005717	0.003961
828.654962	0.078802	-0.015012	0.003661
828.062265	0.077938	-0.028899	0.003692
827.457228	0.079281	-0.037791	0.004353
826.841131	0.078036	-0.037868	0.004090
826.239624	0.078609	-0.048347	0.004421
825.649754	0.080150	-0.048206	0.003200
825.063240	0.078902	-0.040834	0.004789
824.449997	0.079615	-0.035135	0.003638
823.853894	0.079832	-0.033588	0.004036
823.228199	0.078607	-0.033110	0.004021
822.648779	0.079712	-0.024263	0.004218
822.068736	0.077768	-0.021848	0.003845
821.459520	0.081171	-0.020262	0.004269
820.857482	0.078976	-0.008667	0.004740
820.290693	0.079471	-0.010900	0.004052
819.674959	0.080533	-0.010531	0.004496
819.106113	0.079049	-0.011505	0.005414
818.491268	0.079455	-0.004265	0.005677
817.849696	0.080431	-0.003708	0.004313
817.294999	0.079307	0.003712	0.005616
816.696491	0.079181	-0.003102	0.006870
816.066397	0.077494	0.012504	0.003739
815.469332	0.077182	0.014988	0.003116
814.865934	0.079445	0.005140	0.004747
814.239606	0.078859	0.009531	0.003250
813.623788	0.079040	0.011204	0.003027
813.038066	0.078325	0.022586	0.007119
812.424908	0.079195	0.027033	0.003392
811.864096	0.077916	0.037582	0.005845
811.303716	0.080199	0.045752	0.003300
810.717378	0.080287	0.055312	0.004900
810.093519	0.079541	0.066587	0.003616
809.499904	0.078622	0.083252	0.007417
808.895676	0.081100	0.096433	0.004497
808.252591	0.075916	0.103227	0.003865
807.636607	0.078103	0.112167	0.003783
807.027340	0.080112	0.111238	0.004433
806.467755	0.078981	0.108753	0.003289
805.856096	0.077789	0.108735	0.006512
805.264938	0.078862	0.098576	0.009160
804.677696	0.081159	0.090437	0.004371
804.056891	0.079722	0.092323	0.003337
803.474293	0.080151	0.082979	0.007373
802.847253	0.079922	0.070461	0.006297
802.223369	0.079624	0.057118	0.004345
801.610626	0.079257	0.059390	0.003973
801.040992	0.079479	0.053760	0.004013
800.426424	0.079088	0.047975	0.006638
799.786267	0.078760	0.041990	0.004231
799.167096	0.079980	0.044852	0.003428
798.557814	0.077523	0.041254	0.003244
797.967464	0.079909	0.044484	0.006895
797.372822	0.077999	0.049142	0.007172
796.799271	0.078090	0.058093	0.003433
796.195434	0.078501	0.054769	0.005225
795.608735	0.078258	0.065461	0.002972
794.995888	0.077644	0.064296	0.003645
794.408731	0.079641	0.072734	0.006089
793.828887	0.079574	0.074346	0.003274
793.257013	0.079262	0.068808	0.006074
792.693729	0.079303	0.078449	0.003921
792.062894	0.080403	0.077447	0.004917
791.463961	0.079103	0.082682	0.004152
790.878350	0.079541	0.070880	0.003845
790.308848	0.077237	0.053370	0.004556
789.674127	0.079624	0.048937	0.004762
789.062873	0.079556	0.033070	0.005008
788.475435	0.078910	0.024502	0.003856
787.864547	0.079330	0.005709	0.003763
787.256475	0.079653	-6.861326E-5	0.006875
786.642204	0.076282	0.000382	0.004010
786.074800	0.079860	-0.008736	0.003665
785.524526	0.078817	-0.006000	0.004164
784.921592	0.080824	0.001003	0.002779
784.324810	0.079699	0.014221	0.009808
783.724534	0.080335	0.018429	0.005128
783.143715	0.079703	0.029364	0.005039
782.501669	0.080371	0.038201	0.004012
781.917414	0.077634	0.032604	0.006973
781.316086	0.078271	0.029012	0.003638
780.650817	0.080258	0.017059	0.003131
780.074730	0.080296	-0.001407	0.003586
779.483360	0.079453	-0.021212	0.003132
778.937621	0.080028	-0.037590	0.004609
778.335395	0.079786	-0.077069	0.005167
777.705243	0.079096	-0.102790	0.005499
777.137432	0.080156	-0.126470	0.002912
776.551868	0.080199	-0.134568	0.003913
775.962175	0.078886	-0.155388	0.005705
775.327590	0.079602	-0.168730	0.003636
774.733273	0.080434	-0.181126	0.004296
774.127959	0.078818	-0.179145	0.004784
773.561870	0.079825	-0.173075	0.003101
772.928026	0.079810	-0.157528	0.004731
772.336648	0.078060	-0.135937	0.008249
771.681243	0.079437	-0.109827	0.007520
771.098828	0.077083	-0.078362	0.005478
770.492670	0.078980	-0.049938	0.004454
769.881139	0.079623	-0.019455	0.006374
769.267959	0.078732	0.005569	0.003847
768.693808	0.078510	0.035910	0.003233
768.111539	0.080564	0.065674	0.005076
767.501846	0.079824	0.084814	0.005707
766.897650	0.079693	0.108262	0.004701
766.309389	0.079385	0.120259	0.003056
765.666338	0.078996	0.126812	0.003429
765.081696	0.077347	0.136523	0.004103
764.479698	0.078592	0.129642	0.003604
763.884905	0.079763	0.126983	0.004187
763.302349	0.078574	0.127157	0.005927
762.729806	0.078638	0.125868	0.003855
762.103840	0.077778	0.122985	0.006433
761.502832	0.078209	0.115742	0.005320
760.863132	0.078618	0.108238	0.005946
760.260664	0.079650	0.111393	0.005669
759.703716	0.080113	0.120719	0.004077
759.076580	0.078774	0.109133	0.003636
758.470469	0.079418	0.113701	0.005259
757.876617	0.079975	0.127433	0.004383
757.305056	0.079381	0.119689	0.004245
756.659377	0.080468	0.124187	0.005242
756.078146	0.079575	0.128373	0.004564
755.470626	0.079040	0.130532	0.003344
754.870999	0.078607	0.143500	0.003449
754.301144	0.078439	0.143014	0.003527
753.662845	0.079336	0.151391	0.005528
753.052355	0.078697	0.162487	0.003903
752.434989	0.080756	0.163193	0.003302
751.854739	0.078326	0.175932	0.002966
751.237843	0.079820	0.192878	0.003465
750.624414	0.078550	0.200513	0.003747
749.990375	0.078917	0.215621	0.004103
749.411944	0.079116	0.225821	0.004099
748.838732	0.078970	0.226849	0.006804
748.185291	0.079095	0.223425	0.005648
747.549658	0.078948	0.216344	0.004425
746.930261	0.079453	0.200003	0.003537
746.371538	0.079855	0.172869	0.004045
745.782804	0.078890	0.134700	0.005888
745.189434	0.079802	0.086573	0.005750
744.542799	0.078562	0.033742	0.003536
743.915040	0.077591	-0.013980	0.004351
743.330276	0.077381	-0.063138	0.006010
742.692542	0.078926	-0.102930	0.005336
742.074878	0.078142	-0.121245	0.004792
741.505073	0.078839	-0.125632	0.003889
740.912273	0.079904	-0.118548	0.004982
740.343453	0.080247	-0.109660	0.004687
739.710577	0.077814	-0.078690	0.006055
739.096323	0.079092	-0.064508	0.004531
738.457544	0.078448	-0.015980	0.004195
737.882587	0.079062	-0.006189	0.006043
737.300323	0.078601	0.008461	0.003426
736.687436	0.079542	0.010507	0.006516
736.052936	0.078498	0.000188	0.003831
735.477218	0.079434	-0.003472	0.004224
734.886165	0.076736	-0.013934	0.004349
734.262900	0.078101	-0.040684	0.006012
733.648253	0.078429	-0.060378	0.003425
733.045492	0.078596	-0.077203	0.004946
732.493776	0.080362	-0.087162	0.006964
731.903802	0.076986	-0.094363	0.003804
731.301329	0.079535	-0.104872	0.006107
730.663606	0.079342	-0.111673	0.010473
730.062614	0.079732	-0.124101	0.004289
729.439425	0.078944	-0.113503	0.003803
728.851139	0.079214	-0.094813	0.006680
728.252618	0.077556	-0.107895	0.005064
727.619285	0.078351	-0.097480	0.007130
727.013268	0.078640	-0.094426	0.003900
726.431071	0.079303	-0.081569	0.005902
725.814506	0.079073	-0.077105	0.005533
725.202902	0.074432	-0.075898	0.004275
724.623438	0.080030	-0.060269	0.005327
724.054752	0.080777	-0.051858	0.004872
723.437058	0.079253	-0.040572	0.003851
722.835185	0.077985	-0.048987	0.003615
722.228439	0.077368	-0.046675	0.004479
721.593074	0.079526	-0.032382	0.003442
721.017146	0.079290	-0.020745	0.003237
720.429055	0.080172	-0.024689	0.005750
719.804229	0.078766	-0.025175	0.006093
719.184479	0.079897	-0.019690	0.005202
718.610204	0.079356	0.000467	0.006457
718.002829	0.077706	-0.007037	0.006629
717.389340	0.077869	-0.004811	0.005745
716.770879	0.078182	-0.007026	0.003556
716.205416	0.078909	0.010628	0.004033
715.632603	0.079265	0.012299	0.003245
714.982213	0.080217	0.004937	0.003168
714.367468	0.083048	0.021448	0.006986
713.785040	0.080436	0.029723	0.004480
713.221277	0.079142	0.025812	0.005061
712.589004	0.080268	0.034971	0.005195
711.982572	0.077531	0.027348	0.003507
711.373584	0.078999	0.041574	0.005553
710.742180	0.078764	0.066176	0.005582
710.151419	0.079936	0.049266	0.004359
709.517136	0.078813	0.072906	0.004817
708.902470	0.080759	0.073928	0.005683
708.303856	0.081115	0.089412	0.006707
707.734302	0.078710	0.092208	0.004675
707.175845	0.080207	0.103936	0.005806
706.541279	0.079905	0.104544	0.005083
705.915393	0.079525	0.122014	0.004446
705.267436	0.078859	0.125090	0.006127
704.696091	0.077634	0.141219	0.004404
704.093246	0.078342	0.145341	0.004456
703.536550	0.076431	0.126706	0.005632
702.935144	0.079693	0.127277	0.005745
702.333973	0.080299	0.095625	0.008620
701.754825	0.079113	0.059531	0.005921
701.165599	0.077104	0.026983	0.005123
700.518759	0.078435	-0.018717	0.009913
699.902505	0.079862	-0.051762	0.007452
699.329184	0.079214	-0.102998	0.004096
698.695512	0.079979	-0.130468	0.005582
698.099690	0.077689	-0.157580	0.004286
697.483366	0.080198	-0.150068	0.007753
696.898813	0.079881	-0.160722	0.004427
696.332663	0.078480	-0.144466	0.008124
695.709669	0.077335	-0.121111	0.006155
695.132604	0.078870	-0.106674	0.004237
694.540551	0.079479	-0.078170	0.006254
693.988944	0.079205	-0.055506	0.006293
693.414610	0.079101	-0.045022	0.006317
692.788985	0.081964	-0.027879	0.004923
692.175978	0.077032	-0.015867	0.010344
691.580170	0.078641	-0.017652	0.005618
691.017610	0.078791	-0.008720	0.003663
690.402261	0.077994	-0.017037	0.004979
689.835699	0.079771	-0.017325	0.006212
689.230650	0.079221	-0.010230	0.005449
688.648079	0.076642	-0.013865	0.003857
688.017133	0.078372	-0.010684	0.005306
687.428686	0.076721	-0.020198	0.003811
686.825974	0.081455	-0.018001	0.006614
686.189482	0.079253	-0.016273	0.006543
685.618243	0.079991	-0.017050	0.007056
685.015824	0.078402	-0.023055	0.004071
684.433081	0.080606	-0.020352	0.005507
683.787811	0.080157	-0.029470	0.005804
683.158488	0.080486	-0.026707	0.008036
682.604140	0.079818	-0.015810	0.006971
682.027652	0.074772	-0.015998	0.003708
681.392269	0.079441	-0.020446	0.003920
680.798790	0.078451	-0.020737	0.011145
680.239914	0.078704	-0.030775	0.005891
679.648235	0.079700	-0.033903	0.005688
679.036821	0.083668	-0.020755	0.007894
678.459968	0.081325	-0.015248	0.005826
677.868879	0.078382	-0.022726	0.006339
677.292820	0.079364	-0.018545	0.005048
676.684316	0.078568	-0.025655	0.003942
676.081166	0.082291	-0.019922	0.004574
675.475358	0.079857	-0.011770	0.005372
674.895285	0.081127	-0.023494	0.008526
674.281045	0.081977	-0.017752	0.010297
673.700451	0.079252	-0.027536	0.005047
673.093257	0.078021	-0.036585	0.003816
672.506914	0.077712	-0.019940	0.006809
671.932304	0.081645	-0.011370	0.006091
671.295820	0.078312	-0.015354	0.005396
670.672328	0.077638	-0.020948	0.004097
670.035367	0.078935	-0.018654	0.009591
669.464927	0.076775	-0.013271	0.005000
668.878768	0.078318	-0.016030	0.004809
668.275830	0.079713	-0.017440	0.007699
667.628177	0.077531	-0.006128	0.011538
667.050728	0.076864	-0.015330	0.006976
666.463564	0.078631	-0.024016	0.008733
665.843159	0.076127	-0.014267	0.003162
665.236762	0.077579	-0.010775	0.005219
664.624963	0.079113	-0.020592	0.004372
663.990408	0.079447	-0.017442	0.004712
663.413813	0.079299	-0.015305	0.006132
662.826906	0.082057	-0.019661	0.006304
662.230258	0.074987	-0.006758	0.009227
661.641857	0.079136	-0.018116	0.006174
661.078792	0.079966	-0.020052	0.005986
660.482866	0.077190	-0.019873	0.007314
659.887950	0.080108	-0.015257	0.006245
659.310094	0.080850	-0.005354	0.005425
658.697953	0.076671	-0.015298	0.008334
658.127555	0.078677	-0.012612	0.013058
657.502260	0.079231	-0.008058	0.004411
656.929337	0.078691	-0.026772	0.008275
656.340355	0.076363	-0.016798	0.007916
655.753656	0.080649	-0.019306	0.004268
655.167103	0.080029	-0.013317	0.003410
654.560040	0.080389	-0.019697	0.008506
653.912474	0.079340	-0.016659	0.007673
653.302852	0.076628	-0.013607	0.007304
652.716890	0.080076	-0.020508	0.009654
652.077719	0.077628	-0.020145	0.007645
651.457210	0.080228	-0.013873	0.006689
650.846864	0.077848	-0.007236	0.005755
650.276103	0.082439	-0.000246	0.007397
649.666227	0.080215	-0.012316	0.005739
649.073297	0.078202	-0.001764	0.004919
648.440056	0.080843	-0.017029	0.004206
647.837815	0.080084	-0.013737	0.006558
647.225579	0.082629	-0.011247	0.008771
646.597056	0.077464	0.000712	0.004148
645.990535	0.077750	-0.008189	0.005069
645.399092	0.078553	-0.010606	0.004401
644.798353	0.079462	-0.011258	0.008993
644.221855	0.077832	-0.012080	0.007306
643.604936	0.076994	-0.009420	0.008979
643.014536	0.079149	-0.011998	0.006334
642.381935	0.080232	-0.003653	0.007422
641.821587	0.080853	-0.012553	0.007032
641.270777	0.080348	-0.015394	0.003564
640.640197	0.079032	-0.013246	0.010074
639.984555	0.081012	-0.009792	0.005002
639.365861	0.077812	0.002567	0.005695
638.781403	0.075053	-0.019811	0.004648
638.189445	0.082417	-0.024655	0.007486
637.570287	0.080727	-0.013995	0.013385
636.994198	0.080284	-0.020257	0.008745
636.411180	0.079971	-0.008876	0.010876
635.762310	0.077723	0.004744	0.009258
635.181294	0.077860	-0.016833	0.008520
635.347980	0.080172	-0.002835	0.012934
635.969617	0.080115	-0.026120	0.009782
636.552006	0.081161	-0.003843	0.004756
637.146122	0.077872	-0.014305	0.016388
637.743628	0.080578	-0.008646	0.005907
638.375910	0.078363	-0.003272	0.004320
638.955203	0.077440	-0.014476	0.005704
639.556810	0.081870	-0.014961	0.007437
640.165382	0.079730	-0.018552	0.012415
640.715410	0.079901	-0.011612	0.007353
641.308451	0.078724	-0.011541	0.006684
641.877790	0.078554	0.002969	0.012758
642.474046	0.078582	-0.019376	0.005137
643.089885	0.080233	-0.000897	0.017471
643.735353	0.080405	-0.010488	0.004920
644.340956	0.077166	-0.013719	0.010772
644.934492	0.081190	-0.012585	0.005650
645.530546	0.076942	-0.025587	0.003871
646.156732	0.079487	-0.010210	0.013811
646.711468	0.078522	-0.013824	0.003723
647.295580	0.078162	-0.023088	0.009376
647.932953	0.077587	-0.013824	0.007510
648.533384	0.080516	-0.004527	0.005910
649.166591	0.079312	-0.022075	0.008313
649.784789	0.079671	-0.022786	0.005252
650.376599	0.079995	-0.020488	0.006159
651.037580	0.078953	-0.014227	0.006381
651.638764	0.078676	-0.005158	0.004603
652.227711	0.082868	-0.008427	0.006386
652.791990	0.079808	-0.024230	0.007674
653.393008	0.078479	-0.022450	0.004505
653.974966	0.079158	-0.024626	0.006721
654.590134	0.081964	-0.021914	0.006818
655.182843	0.078148	-0.021482	0.003062
655.764480	0.078457	-0.016081	0.004177
656.389335	0.080271	-0.017606	0.004343
656.990182	0.074807	-0.025532	0.007055
657.640388	0.078984	-0.017350	0.005466
658.214525	0.078427	-0.017882	0.005207
658.798398	0.077904	-0.014570	0.005787
659.422519	0.080891	-0.023476	0.007156
660.046843	0.079860	-0.016253	0.004539
660.634063	0.080159	-0.007646	0.005755
661.189079	0.080009	-0.019361	0.004087
661.746846	0.077738	-0.014110	0.011445
662.391159	0.078092	-0.025359	0.007830
663.014692	0.075492	-0.016662	0.006666
663.576952	0.078165	-0.020915	0.007923
664.178169	0.079493	-0.016550	0.006355
664.805609	0.078155	-0.019914	0.004020
665.396165	0.077483	-0.015021	0.005126
666.033191	0.079714	-0.014590	0.006819
666.614268	0.076616	-0.019019	0.007520
667.214570	0.079508	-0.016206	0.005720
667.786675	0.076974	-0.034526	0.014290
668.415537	0.077191	-0.030469	0.003770
669.036248	0.078582	-0.021762	0.008726
669.621179	0.078476	-0.016364	0.006290
670.238732	0.077755	-0.013144	0.006144
670.832241	0.078606	-0.025203	0.006044
671.446681	0.078672	-0.010940	0.005600
672.017206	0.077138	-0.037502	0.007526
672.673510	0.079381	-0.017803	0.012026
673.291190	0.077380	-0.017422	0.005939
673.862376	0.077286	-0.021015	0.004266
674.448446	0.077660	-0.023900	0.004811
675.012240	0.079407	-0.001034	0.005426
675.618664	0.078060	-0.020669	0.003483
676.222575	0.077781	-0.012440	0.003931
676.811802	0.076603	-0.028805	0.009284
677.385170	0.078735	-0.022796	0.007768
677.990248	0.075633	-0.032629	0.005539
678.597819	0.075835	-0.027428	0.006250
679.183425	0.079134	-0.027104	0.005464
679.811180	0.079593	-0.024844	0.005803
680.406274	0.078888	-0.027522	0.006164
681.003234	0.079620	-0.020744	0.005281
681.633317	0.079339	-0.020050	0.004658
682.236133	0.077715	-0.014320	0.004684
682.797574	0.078092	-0.026987	0.008594
683.385549	0.077819	-0.018829	0.003600
683.996519	0.078172	-0.024655	0.005222
684.623976	0.078996	-0.025745	0.003688
685.221698	0.079260	-0.019617	0.004412
685.813228	0.080890	-0.016722	0.004117
686.434446	0.078161	-0.011307	0.005933
686.987268	0.078010	-0.016113	0.006450
687.594812	0.079486	-0.015261	0.005858
688.185475	0.078758	-0.018212	0.007111
688.744757	0.077816	-0.012099	0.004888
689.359056	0.078394	-0.013936	0.009395
689.975637	0.079577	-0.014042	0.003743
690.592580	0.079431	-0.007779	0.005852
691.169144	0.079613	-0.007920	0.009898
691.764265	0.081150	-0.010128	0.006216
692.346050	0.078341	-0.011262	0.007735
692.998511	0.078451	-0.033027	0.004797
693.634954	0.079535	-0.043051	0.011117
694.204888	0.077250	-0.060794	0.006244
694.828636	0.080384	-0.082630	0.004200
695.447474	0.077944	-0.106854	0.006546
696.036242	0.078478	-0.120057	0.003416
696.632854	0.079203	-0.153862	0.007776
697.274236	0.078584	-0.158995	0.006326
697.913458	0.078675	-0.162682	0.005348
698.524907	0.078605	-0.146286	0.007007
699.145621	0.080786	-0.114908	0.009563
699.707973	0.077512	-0.091195	0.005507
700.333797	0.078390	-0.033132	0.005419
700.952038	0.079205	0.008339	0.007132
701.538487	0.081031	0.042943	0.003731
702.121357	0.080789	0.077308	0.003811
702.687177	0.080975	0.110892	0.006750
703.287288	0.079869	0.120850	0.003604
703.884933	0.080564	0.128841	0.003792
704.482194	0.078742	0.138768	0.006093
705.058409	0.079508	0.132844	0.005047
705.695117	0.080517	0.137311	0.009294
706.288663	0.079277	0.123828	0.003935
706.876655	0.077513	0.111034	0.006070
707.500558	0.079546	0.106093	0.004256
708.073924	0.079764	0.090046	0.007748
708.683590	0.080055	0.076069	0.005085
709.270918	0.077570	0.078636	0.004556
709.898404	0.078411	0.058655	0.008782
710.474511	0.079974	0.052745	0.005693
711.089950	0.080147	0.055731	0.004781
711.677275	0.081039	0.043646	0.005419
712.273932	0.081548	0.031292	0.005340
712.875485	0.078238	0.031381	0.003085
713.466640	0.080025	0.026422	0.003563
714.030962	0.078105	0.018025	0.004865
714.653945	0.078730	0.013374	0.003226
715.244975	0.078332	0.011879	0.004176
715.805136	0.078848	0.016471	0.005158
716.404734	0.080745	-0.001802	0.010567
716.987460	0.079455	0.002128	0.003783
717.612956	0.080310	-0.001894	0.006189
718.246107	0.079645	-0.002452	0.005091
718.841402	0.079005	-0.013452	0.004797
719.448875	0.077655	-0.014390	0.006730
720.044410	0.079683	-0.014950	0.003150
720.641645	0.080687	-0.029464	0.003351
721.193659	0.076561	-0.023953	0.003396
721.834293	0.076901	-0.031240	0.004715
722.437442	0.082152	-0.045728	0.006681
723.058123	0.078412	-0.035046	0.005476
723.663376	0.078995	-0.042610	0.004053
724.224008	0.079464	-0.052829	0.007215
724.882235	0.077140	-0.068102	0.007668
725.510295	0.078031	-0.064479	0.007423
726.115332	0.077995	-0.084872	0.003464
726.738370	0.078549	-0.081909	0.005213
727.330023	0.081265	-0.096249	0.003561
727.929797	0.076700	-0.103842	0.005848
728.501449	0.079487	-0.104701	0.003958
729.104007	0.078889	-0.110034	0.003326
729.674580	0.077150	-0.107214	0.006381
730.281381	0.078449	-0.111619	0.005934
730.908306	0.078406	-0.115176	0.005805
731.532111	0.078929	-0.110597	0.007549
732.123493	0.079851	-0.098187	0.003739
732.712817	0.080463	-0.080211	0.004040
733.287087	0.079382	-0.076933	0.002905
733.894741	0.079065	-0.061578	0.005268
734.518467	0.077824	-0.046152	0.005517
735.098245	0.077911	-0.028744	0.004024
735.709819	0.078768	-0.005721	0.007603
736.354493	0.078085	-0.001287	0.004705
736.958028	0.079894	0.008552	0.004214
737.618363	0.079707	0.004636	0.003906
738.168209	0.079510	-0.005506	0.004083
738.757146	0.078674	-0.029083	0.004295
739.329119	0.078600	-0.047137	0.006975
739.952017	0.079361	-0.078528	0.004490
740.521345	0.077607	-0.105004	0.004597
741.145292	0.077963	-0.117086	0.004300
741.740372	0.078669	-0.126287	0.003528
742.379559	0.078866	-0.121756	0.006465
742.993980	0.079493	-0.096618	0.009370
743.554156	0.079646	-0.056914	0.003685
744.171359	0.079075	-0.015905	0.007304
744.812867	0.080675	0.040942	0.004659
745.389406	0.078916	0.081298	0.007629
745.950098	0.077500	0.131619	0.007761
746.561438	0.078705	0.170175	0.003942
747.168388	0.078996	0.197079	0.003483
747.755614	0.078812	0.216757	0.004262
748.369872	0.080519	0.226797	0.003864
748.961326	0.079888	0.230355	0.004789
749.578017	0.078193	0.222735	0.006035
750.194888	0.079505	0.217375	0.004154
750.798534	0.078702	0.200893	0.005440
751.395481	0.077945	0.190311	0.006572
751.994076	0.079004	0.180821	0.004960
752.560845	0.080172	0.171022	0.007056
753.165568	0.080026	0.161989	0.003836
753.775973	0.083341	0.149208	0.003551
754.355216	0.077814	0.145883	0.004876
754.996770	0.078921	0.136317	0.003190
755.622360	0.076751	0.136913	0.005027
756.227848	0.077064	0.128385	0.005029
756.834122	0.077909	0.126319	0.003716
757.431869	0.080148	0.116536	0.003948
758.044286	0.080701	0.123289	0.008306
758.625450	0.078820	0.109228	0.003244
759.227536	0.080133	0.107685	0.003557
759.790261	0.078346	0.108852	0.003366
760.388507	0.080137	0.109443	0.008863
760.997405	0.079511	0.115349	0.003989
761.623061	0.078384	0.119182	0.004245
762.249903	0.079438	0.119858	0.003477
762.829279	0.077154	0.129020	0.006245
763.467750	0.080461	0.122394	0.003838
764.102023	0.079231	0.135800	0.004133
764.680180	0.078520	0.131253	0.004865
765.235889	0.078662	0.131867	0.005328
765.822936	0.079049	0.124293	0.008845
766.450774	0.078987	0.124450	0.003252
767.043729	0.078659	0.106226	0.003669
767.680477	0.077338	0.094735	0.004163
768.267244	0.079168	0.072167	0.005689
768.877169	0.079869	0.040973	0.005333
769.492954	0.079512	0.010083	0.010011
770.105716	0.079686	-0.019917	0.004433
770.709132	0.080197	-0.060304	0.006652
771.258628	0.080404	-0.078451	0.004185
771.822713	0.080575	-0.107550	0.006186
772.436410	0.078169	-0.134055	0.004320
773.045296	0.079368	-0.151576	0.004379
773.636685	0.079972	-0.165839	0.005640
774.272400	0.078376	-0.176615	0.006714
774.881222	0.081044	-0.170056	0.003424
775.496767	0.079124	-0.171083	0.004017
776.112967	0.079622	-0.157227	0.005360
776.693306	0.080529	-0.135345	0.006431
777.297396	0.077963	-0.114464	0.007412
777.914497	0.080719	-0.097780	0.004373
778.547641	0.077690	-0.069389	0.005666
779.117838	0.077374	-0.053560	0.009734
779.719233	0.079709	-0.024271	0.004527
780.339696	0.078544	0.007968	0.005261
780.976867	0.079912	0.017750	0.003586
781.561048	0.079546	0.031007	0.004552
782.138261	0.078298	0.038718	0.006406
782.741905	0.080012	0.036448	0.003325
783.343649	0.079270	0.034584	0.005402
783.921940	0.078350	0.025575	0.004557
784.484438	0.080803	0.010562	0.003284
785.102553	0.079397	0.007568	0.003307
785.739913	0.080513	0.001751	0.003467
786.337290	0.079159	-0.007140	0.003270
786.986979	0.079065	-0.004722	0.003568
787.580867	0.079472	0.001026	0.004370
788.210639	0.080187	0.013616	0.003596
788.840976	0.080272	0.029023	0.008193
789.425891	0.078436	0.038864	0.003500
790.034118	0.077277	0.051339	0.005585
790.654680	0.080395	0.060133	0.005404
791.253462	0.079373	0.075633	0.007918
791.863921	0.078967	0.074826	0.004343
792.465322	0.078865	0.085464	0.005054
793.037164	0.078338	0.069764	0.007382
793.621841	0.079585	0.074725	0.005562
794.202087	0.078513	0.073687	0.003336
794.827841	0.079352	0.066290	0.007633
795.432929	0.079174	0.060742	0.004426
795.992104	0.079214	0.053836	0.003898
796.618787	0.078916	0.056516	0.005169
797.246056	0.079174	0.052482	0.005224
797.821755	0.079995	0.036058	0.003614
798.397483	0.079641	0.045051	0.003328
799.042345	0.078244	0.040890	0.006332
799.621785	0.079587	0.046158	0.003749
800.244303	0.078777	0.044731	0.003871
800.872235	0.086518	0.043231	0.003765
801.429413	0.079240	0.049414	0.006729
802.014835	0.078793	0.059066	0.004366
802.629909	0.079434	0.061109	0.003716
803.252083	0.079546	0.080929	0.004951
803.817841	0.078136	0.085123	0.004932
804.447331	0.078414	0.087338	0.004308
805.062874	0.079487	0.093627	0.005007
805.682534	0.078966	0.106494	0.006383
806.254436	0.080249	0.116631	0.005110
806.830908	0.078826	0.116174	0.003151
807.456905	0.079341	0.116648	0.005263
808.080644	0.079665	0.106000	0.004490
808.644414	0.079448	0.102987	0.004176
809.209492	0.078287	0.090972	0.005186
809.788529	0.078991	0.089301	0.004396
810.379940	0.080249	0.071239	0.004075
810.991153	0.080369	0.049873	0.004382
811.608729	0.064916	0.044002	0.004214
812.165104	0.080361	0.033568	0.003791
812.793635	0.079216	0.028129	0.005665
813.369895	0.079721	0.023344	0.003118
813.999094	0.079938	0.009545	0.007650
814.593648	0.078306	0.010496	0.005522
815.159045	0.079041	0.007862	0.003362
815.757483	0.078222	0.008423	0.003213
816.404598	0.079163	0.011251	0.003214
817.009256	0.078705	0.000529	0.004834
817.586436	0.078025	-0.000603	0.003913
818.194179	0.079771	0.006627	0.005025
818.788053	0.079799	-0.002164	0.005044
819.434332	0.078793	-0.004284	0.004349
820.025299	0.078674	-0.016922	0.004096
820.570569	0.079860	-0.011969	0.004636
821.177563	0.079569	-0.012757	0.004099
821.804123	0.079580	-0.020435	0.002987
822.398160	0.073723	-0.027905	0.004188
822.988594	0.079994	-0.031676	0.005888
823.629132	0.079488	-0.032264	0.004331
824.213216	0.079538	-0.035763	0.005016
824.826362	0.079345	-0.042140	0.005072
825.458604	0.078801	-0.035638	0.003185
826.041169	0.079033	-0.043507	0.006765
826.637398	0.079053	-0.035461	0.003681
827.230615	0.078830	-0.036154	0.004423
827.820250	0.079592	-0.035843	0.005006
828.403064	0.078381	-0.016652	0.005415
828.989244	0.078382	-0.006407	0.004931
829.628371	0.079589	0.000813	0.003476
830.242487	0.077760	0.011044	0.003464
830.898992	0.077205	0.021750	0.006077
831.556311	0.079424	0.036370	0.003320
832.168830	0.078569	0.041014	0.005059
832.854493	0.078431	0.072791	0.003163
833.451610	0.079181	0.088884	0.003346
834.134527	0.079425	0.103321	0.005497
834.765256	0.078557	0.128727	0.004580
835.340641	0.079022	0.148673	0.004037
835.959699	0.079484	0.148470	0.005049
836.600911	0.079335	0.156700	0.003288
837.271987	0.078420	0.136588	0.006046
837.937702	0.079991	0.118196	0.005960
838.518695	0.078378	0.094374	0.002765
839.120321	0.078700	0.058735	0.004843
839.758435	0.077006	0.020547	0.004682
840.395695	0.079349	-0.041278	0.007790
841.042885	0.079799	-0.078605	0.003553
841.693544	0.079878	-0.128045	0.003510
842.251135	0.080016	-0.154485	0.003952
842.833546	0.078982	-0.180850	0.003453
843.481242	0.077628	-0.207226	0.003744
844.154067	0.079073	-0.214567	0.004708
844.838471	0.079175	-0.211061	0.007289
845.394194	0.079644	-0.202622	0.003534
846.001004	0.080041	-0.172129	0.003776
846.662820	0.077880	-0.142663	0.003660
847.327154	0.079225	-0.102908	0.005886
847.989121	0.077564	-0.066904	0.005613
848.565988	0.078369	-0.020210	0.004221
849.183584	0.078932	0.020917	0.006178
849.811853	0.079290	0.062776	0.006858
850.433514	0.079047	0.104642	0.003253
851.043919	0.080596	0.124990	0.005172
851.693744	0.078721	0.147129	0.005862
852.272345	0.080287	0.162194	0.004337
852.872192	0.078945	0.168849	0.004510
853.490087	0.078716	0.157217	0.004630
854.131651	0.077510	0.139984	0.002855
854.782222	0.070862	0.131501	0.004627
855.409268	0.078306	0.110208	0.006957
856.010427	0.079562	0.097094	0.003433
856.671468	0.079257	0.085775	0.004830
857.321561	0.079244	0.071833	0.004102
857.982566	0.078951	0.060257	0.003997
858.574793	0.079130	0.063386	0.003448
859.190005	0.079635	0.053215	0.003023
859.782780	0.078834	0.050258	0.005174
860.360680	0.078752	0.048903	0.004228
860.956481	0.078204	0.041455	0.004397
861.515992	0.076842	0.046087	0.003874
862.116382	0.078438	0.039778	0.004085
862.689587	0.079520	0.046757	0.004407
863.297867	0.078875	0.038910	0.006822
863.907553	0.080439	0.044243	0.003362
864.519882	0.078689	0.032177	0.004251
865.142034	0.079222	0.034721	0.003356
865.709537	0.078770	0.030506	0.003826
866.352863	0.078096	0.042308	0.007006
866.991435	0.078189	0.035300	0.003069
867.629533	0.080540	0.025560	0.004494
868.199856	0.079186	0.034517	0.006496
868.796848	0.078027	0.025710	0.003856
869.384355	0.079325	0.031016	0.003541
869.994115	0.079602	0.035411	0.004057
870.638735	0.078593	0.036730	0.004830
871.222265	0.078769	0.028295	0.003761
871.846877	0.077600	0.035072	0.003564
872.458503	0.078570	0.046038	0.004850
873.047825	0.078160	0.029077	0.005444
873.680558	0.077611	0.026731	0.005016
874.255871	0.078097	0.032330	0.002946
874.872746	0.080339	0.031048	0.003888
875.470217	0.078418	0.032042	0.004040
876.114882	0.080460	0.031266	0.004779
876.653361	0.079210	0.040165	0.005005
877.265506	0.078589	0.041579	0.003648
877.886138	0.079158	0.042659	0.003408
878.518744	0.078254	0.052498	0.005394
879.089947	0.077253	0.045152	0.005149
879.658129	0.079422	0.048118	0.004984
880.303886	0.080254	0.053699	0.005320
880.885749	0.075778	0.062047	0.003963
881.501563	0.078193	0.059530	0.006111
882.079560	0.079615	0.071354	0.005258
882.686776	0.076633	0.073551	0.003519
883.317325	0.078621	0.085274	0.003250
883.888448	0.079744	0.090335	0.006291
884.532495	0.079191	0.095220	0.003206
885.116829	0.077016	0.098378	0.002921
885.706532	0.078880	0.112796	0.004109
886.339536	0.078635	0.110124	0.006609
886.942869	0.078580	0.105125	0.003436
887.526481	0.080145	0.091208	0.003496
888.131110	0.078853	0.082442	0.004305
888.779531	0.078453	0.060883	0.004290
889.416555	0.076995	0.031406	0.004736
890.018788	0.079096	0.002474	0.007807
890.586979	0.079538	-0.017238	0.006870
891.181725	0.080190	-0.038322	0.004815
891.774209	0.074199	-0.072412	0.003394
892.403003	0.080437	-0.100501	0.004593
893.002189	0.078679	-0.130039	0.002969
893.567452	0.078976	-0.151523	0.006833
894.162932	0.074752	-0.179539	0.003626
894.747610	0.081049	-0.206883	0.007204
895.366191	0.081689	-0.231132	0.003172
895.928689	0.081320	-0.244764	0.003599
896.560185	0.078129	-0.260341	0.003088
897.159483	0.079501	-0.262446	0.003880
897.796372	0.078725	-0.259133	0.004648
898.361181	0.077410	-0.247172	0.003985
898.936461	0.078675	-0.234060	0.004707
899.568828	0.078677	-0.211551	0.002888
900.186759	0.079621	-0.189375	0.006843
900.749697	0.080664	-0.169758	0.004153
901.319497	0.080588	-0.154120	0.003940
901.930367	0.080207	-0.123116	0.004317
902.537269	0.079271	-0.099189	0.006717
903.142513	0.078487	-0.080256	0.006917
903.771177	0.077631	-0.053070	0.007999
904.338398	0.077819	-0.020263	0.005540
904.934665	0.080025	-0.001636	0.004486
905.518162	0.080046	0.028395	0.006392
906.158263	0.080995	0.050531	0.005381
906.709075	0.079740	0.063275	0.004106
907.307156	0.078317	0.071734	0.005149
907.903443	0.079884	0.074204	0.005070
908.544867	0.077525	0.058636	0.003222
909.169332	0.078735	0.045309	0.004294
909.767465	0.078159	0.020708	0.009732
910.400930	0.079748	-0.005186	0.004748
911.015697	0.077615	-0.028097	0.004391
911.648796	0.080669	-0.050291	0.007320
912.260276	0.077911	-0.081528	0.008546
912.829013	0.077382	-0.086300	0.005856
913.432369	0.079706	-0.103340	0.004522
914.040757	0.079627	-0.113617	0.003152
914.672862	0.076316	-0.107175	0.007093
915.262132	0.080764	-0.104019	0.005664
915.888153	0.080012	-0.088108	0.003536
916.511967	0.080855	-0.064193	0.003673
917.095151	0.074672	-0.040397	0.004736
917.723451	0.079927	-0.012017	0.003484
918.276201	0.077641	0.007975	0.005524
918.890557	0.080087	0.035617	0.004880
919.511929	0.072234	0.064131	0.003782
920.109160	0.078206	0.093781	0.004993
920.707453	0.079894	0.112008	0.003694
921.291513	0.078661	0.127139	0.003611
921.896895	0.079319	0.137481	0.009489
922.519260	0.078257	0.149569	0.004085
923.104916	0.077761	0.145850	0.003959
923.676281	0.079425	0.143735	0.006883
924.281198	0.077828	0.136368	0.006304
924.876780	0.080326	0.120614	0.003503
925.471484	0.076431	0.109899	0.004741
926.058023	0.077100	0.107299	0.003736
926.681242	0.077972	0.094028	0.005829
927.300590	0.078285	0.091727	0.006088
927.896510	0.079564	0.087580	0.003225
928.522840	0.078777	0.082480	0.006163
929.080075	0.080011	0.075698	0.003569
929.710856	0.081139	0.076400	0.003966
930.313952	0.080065	0.084095	0.003678
930.944839	0.080085	0.086657	0.005883
931.506075	0.075009	0.077120	0.003277
932.109063	0.080999	0.085200	0.004708
932.701478	0.078315	0.085594	0.005833
933.316002	0.079088	0.089984	0.007181
933.933725	0.082208	0.087401	0.004332
934.521433	0.079876	0.094635	0.003953
935.111675	0.078130	0.101093	0.006387
935.758538	0.081982	0.094820	0.003648
936.348981	0.077982	0.101728	0.004606
936.973062	0.078339	0.097597	0.003440
937.544798	0.079709	0.100885	0.005671
938.154279	0.077904	0.097359	0.005109
938.807278	0.079083	0.090155	0.005043
939.423759	0.078520	0.077331	0.005905
940.004135	0.081264	0.078492	0.004275
940.581945	0.080478	0.076481	0.003827
941.195391	0.074130	0.065405	0.004922
941.788314	0.076521	0.062102	0.005265
942.378889	0.080231	0.050284	0.003962
942.960822	0.080422	0.042728	0.004054
943.601213	0.080132	0.032327	0.007566
944.219198	0.079324	0.028630	0.003581
944.868101	0.082262	0.021455	0.005220
945.457964	0.082739	0.025243	0.004789
946.050862	0.079357	0.008495	0.003523
946.690482	0.079655	0.010811	0.003581
947.302664	0.077223	-0.001203	0.004857
947.868910	0.079766	0.005695	0.004698
948.448668	0.077997	0.008053	0.004709
949.008879	0.080039	0.007747	0.004449
949.650393	0.081291	0.002034	0.005393
950.224963	0.079837	0.000284	0.004500
950.817515	0.079026	0.000489	0.004231
951.396624	0.077526	0.002438	0.004087
952.044385	0.080866	-0.002356	0.005726
952.651177	0.079186	0.003680	0.003665
953.273867	0.079656	-0.000598	0.006998
953.841258	0.080006	0.003866	0.005969
954.452503	0.077932	-0.003039	0.004549
955.048409	0.080552	0.003508	0.003595
955.686654	0.079539	-0.001917	0.003636
956.262303	0.080478	-0.003820	0.012332
956.813937	0.078863	-0.000337	0.005672
957.391438	0.076726	-0.004534	0.006543
957.961933	0.079161	-0.007187	0.003880
958.544698	0.078360	-0.003842	0.005123
959.108889	0.078124	0.000152	0.007746
959.750492	0.080569	0.001855	0.007410
960.348551	0.078182	-0.014710	0.007231
960.951582	0.082145	-0.002625	0.006565
961.586851	0.078812	0.003215	0.006881
962.155090	0.076405	-0.000518	0.005358
962.761092	0.073371	-0.004237	0.005403
963.400042	0.079383	-0.017252	0.005720
963.987563	0.079802	-0.017402	0.008196
964.568967	0.076611	-0.001897	0.006114
964.951145	0.079313	-0.005743	0.003681
964.281718	0.077956	-0.004553	0.005049
963.705491	0.078755	-0.000447	0.004338
963.079346	0.076928	-0.000680	0.005264
962.508313	0.077694	-0.010498	0.005526
961.950372	0.077833	-0.000346	0.003784
961.329297	0.079164	3.001053E-6	0.004381
960.698556	0.080912	0.000913	0.003430
960.117512	0.081512	0.002727	0.006164
959.516475	0.075553	-0.008823	0.005887
958.931497	0.079145	-0.001799	0.005060
958.317788	0.079459	0.004778	0.005774
957.727839	0.078396	-0.002768	0.005460
957.136024	0.079652	0.004388	0.005975
956.518067	0.078274	0.007087	0.005492
955.904979	0.077339	0.001989	0.003834
955.313797	0.080313	0.003633	0.003825
954.664640	0.078189	-0.002356	0.003907
954.067576	0.077710	0.004013	0.004137
953.422374	0.078214	0.005642	0.004377
952.762083	0.078329	-0.000366	0.004273
952.184013	0.077178	0.009078	0.006327
951.611897	0.078737	-0.009957	0.006218
951.013950	0.081519	-0.002812	0.007222
950.437390	0.078619	0.001144	0.005600
949.803629	0.076878	0.004372	0.005206
949.175539	0.079695	0.007889	0.006197
948.603950	0.075492	0.005250	0.004605
947.973863	0.078531	-0.001530	0.004582
947.337535	0.075830	0.008588	0.006605
946.746158	0.083038	0.011209	0.005184
946.168737	0.080140	0.007600	0.004264
945.526716	0.077904	0.020630	0.004514
944.900974	0.079333	0.010044	0.002957
944.325136	0.078487	0.022473	0.005489
943.686133	0.076773	0.028416	0.005827
943.096741	0.078821	0.038539	0.003171
942.481130	0.078035	0.044124	0.003795
941.826761	0.078885	0.053714	0.003462
941.199707	0.077379	0.059250	0.008915
940.629774	0.080655	0.070983	0.005107
940.002085	0.079594	0.079072	0.005842
939.422152	0.077661	0.097071	0.005929
938.830475	0.077582	0.089372	0.004450
938.166448	0.078737	0.088659	0.004958
937.616650	0.076116	0.104471	0.004094
937.038723	0.077846	0.101150	0.004708
936.431617	0.078471	0.103425	0.003803
935.822959	0.078324	0.100870	0.005408
935.178353	0.080010	0.091274	0.003782
934.600445	0.078615	0.095179	0.003201
934.032819	0.079643	0.088866	0.004190
933.411418	0.078693	0.082357	0.004019
932.822516	0.078097	0.091903	0.003494
932.242214	0.079691	0.087849	0.003049
931.600267	0.075655	0.068880	0.003260
930.972774	0.076574	0.081853	0.005123
930.367370	0.081739	0.085920	0.004882
929.719186	0.079038	0.078531	0.004220
929.094993	0.077676	0.084027	0.003788
928.525745	0.078729	0.079375	0.005089
927.920131	0.079473	0.086168	0.003236
927.305460	0.078910	0.096699	0.003059
926.728994	0.079985	0.095273	0.004262
926.089933	0.077929	0.095553	0.003344
925.447702	0.078355	0.112932	0.004870
924.850003	0.078908	0.115977	0.007217
924.227789	0.076864	0.128491	0.005658
923.664086	0.077419	0.140843	0.005627
923.031645	0.080772	0.143448	0.003861
922.389184	0.077728	0.146928	0.004190
921.792181	0.079889	0.138831	0.004467
921.211937	0.078960	0.135404	0.003788
920.585405	0.079539	0.109784	0.006167
919.971649	0.078942	0.095401	0.003219
919.397123	0.078751	0.075907	0.004059
918.771304	0.078021	0.048179	0.003377
918.198831	0.078264	0.015362	0.003819
917.588647	0.078992	-0.016101	0.003409
916.943728	0.081140	-0.036962	0.006465
916.339084	0.078345	-0.067350	0.009813
915.794655	0.081023	-0.084420	0.006133
915.189352	0.078565	-0.102994	0.007752
914.549597	0.078622	-0.116749	0.005128
913.947259	0.080280	-0.105815	0.005334
913.344954	0.078380	-0.108115	0.003105
912.782225	0.078340	-0.087695	0.005794
912.153108	0.079916	-0.074018	0.003764
911.543802	0.078531	-0.055567	0.004632
910.966651	0.078973	-0.034376	0.006160
910.328562	0.078885	0.002599	0.004094
909.756025	0.078881	0.012507	0.007404
909.139987	0.076770	0.033149	0.004593
908.571293	0.079699	0.053836	0.003373
907.991478	0.080318	0.069581	0.006403
907.397918	0.079365	0.067487	0.004325
906.770533	0.080469	0.074687	0.003099
906.171514	0.079131	0.054551	0.003748
905.534125	0.079083	0.033521	0.004598
904.923224	0.079893	0.011200	0.006661
904.357138	0.079153	-0.017183	0.003305
903.735136	0.079102	-0.051931	0.009581
903.139963	0.079196	-0.067774	0.005769
902.558846	0.080274	-0.093450	0.003428
901.988676	0.078333	-0.118322	0.003233
901.345515	0.079076	-0.139311	0.005255
900.710477	0.080663	-0.169656	0.004900
900.116909	0.080135	-0.188279	0.003363
899.496637	0.079819	-0.203824	0.003248
898.935282	0.076503	-0.224703	0.005413
898.341958	0.079678	-0.236433	0.004380
897.765779	0.080703	-0.255642	0.004414
897.125599	0.080135	-0.263547	0.004123
896.566575	0.078306	-0.257877	0.003898
895.971152	0.076770	-0.249044	0.004725
895.379731	0.077516	-0.235513	0.003171
894.752608	0.078556	-0.209043	0.008007
894.158163	0.078794	-0.186911	0.004369
893.576064	0.079130	-0.158906	0.005187
892.991588	0.078657	-0.136775	0.003868
892.389705	0.078947	-0.099798	0.005437
891.767018	0.079599	-0.072496	0.003936
891.172225	0.080577	-0.049930	0.005700
890.571904	0.080752	-0.026358	0.009079
889.967581	0.078819	-0.005391	0.011823
889.322184	0.077392	0.024766	0.004056
888.750621	0.076672	0.055298	0.006795
888.174455	0.078500	0.072897	0.003075
887.570499	0.079459	0.086860	0.003924
886.924246	0.079089	0.098826	0.004377
886.323716	0.078210	0.096045	0.004310
885.700177	0.080176	0.110587	0.004378
885.140190	0.079296	0.102074	0.005156
884.526681	0.079153	0.091464	0.004492
883.892485	0.080758	0.095986	0.005159
883.292442	0.078537	0.079313	0.006811
882.701263	0.078285	0.080184	0.006359
882.072444	0.080997	0.064017	0.003811
881.431040	0.080497	0.064691	0.004853
880.846509	0.080141	0.065801	0.005924
880.282505	0.078017	0.052890	0.005744
879.663273	0.080052	0.052402	0.003682
879.014647	0.077724	0.052106	0.004767
878.372009	0.079521	0.051755	0.003482
877.751426	0.076927	0.045525	0.005478
877.169324	0.077637	0.043053	0.004954
876.563567	0.078115	0.041408	0.005966
875.958792	0.078493	0.031824	0.003846
875.351469	0.079011	0.037287	0.006955
874.706808	0.078002	0.032203	0.003607
874.115035	0.076647	0.040880	0.002859
873.524748	0.078956	0.033246	0.003027
872.917623	0.077495	0.026961	0.004367
872.315523	0.076445	0.029103	0.004777
871.730926	0.079532	0.027429	0.005405
871.136113	0.079191	0.030136	0.004911
870.571954	0.079527	0.031693	0.005265
869.944986	0.078025	0.029721	0.005159
869.347173	0.079818	0.022353	0.003729
868.770086	0.080947	0.038989	0.003596
868.137366	0.078998	0.038701	0.003987
867.510196	0.078132	0.031442	0.003509
866.925041	0.077609	0.031459	0.006684
866.308949	0.079810	0.027618	0.003528
865.719675	0.078886	0.038262	0.002898
865.100848	0.078490	0.039119	0.005283
864.470096	0.079941	0.037822	0.004188
863.885307	0.078126	0.039888	0.003380
863.303322	0.077752	0.038461	0.003181
862.703630	0.077211	0.046124	0.004261
862.101348	0.080222	0.040030	0.005841
861.474581	0.078271	0.045927	0.004664
860.893427	0.077588	0.039841	0.003602
860.321345	0.078300	0.043055	0.005553
859.664001	0.079994	0.052553	0.007674
859.053649	0.079705	0.055124	0.004083
858.426875	0.079851	0.058450	0.003796
857.867473	0.077383	0.063066	0.003911
857.258325	0.079189	0.073675	0.004116
856.669756	0.079335	0.081609	0.003631
856.050075	0.077703	0.094875	0.004497
855.432538	0.080048	0.107626	0.005840
854.869914	0.078709	0.126816	0.003363
854.260767	0.079068	0.139425	0.004188
853.646924	0.078622	0.148350	0.008996
853.015411	0.080256	0.155969	0.003094
852.443466	0.079422	0.158994	0.006430
851.853396	0.078932	0.164592	0.004182
851.269020	0.080257	0.141153	0.003959
850.640193	0.078682	0.120822	0.003917
850.079854	0.078271	0.089681	0.007040
849.527173	0.079014	0.056021	0.005868
848.901758	0.079205	0.015298	0.007663
848.293803	0.078951	-0.030914	0.005304
847.688806	0.079239	-0.070622	0.006080
847.098165	0.079762	-0.105480	0.009682
846.509766	0.079568	-0.139256	0.004241
845.889746	0.078495	-0.163883	0.004932
845.307222	0.077157	-0.202821	0.004424
844.652755	0.079319	-0.211524	0.003971
844.089747	0.080420	-0.232506	0.007704
843.507200	0.077948	-0.210618	0.002930
842.923502	0.079510	-0.201434	0.006327
842.282916	0.081456	-0.170943	0.005540
841.675733	0.080722	-0.136713	0.002676
841.088794	0.076821	-0.100514	0.007175
840.468523	0.078328	-0.057639	0.008448
839.845677	0.078089	-0.005924	0.007492
839.243039	0.079504	0.026692	0.006380
838.670352	0.078605	0.066404	0.004373
838.032001	0.079674	0.106234	0.004892
837.427580	0.078696	0.127886	0.005358
836.839698	0.078959	0.151650	0.005121
836.204450	0.078526	0.155325	0.003148
835.587344	0.079469	0.152626	0.004861
834.982143	0.078546	0.146174	0.004931
834.352529	0.077228	0.124064	0.005707
833.763600	0.079084	0.103417	0.004771
833.202050	0.080338	0.083088	0.004891
832.588072	0.079131	0.067538	0.006946
831.945498	0.078722	0.047068	0.009586
831.341827	0.079415	0.034803	0.007414
830.718140	0.079387	0.021327	0.006881
830.134417	0.079073	0.011659	0.004227
829.514278	0.080393	-0.002247	0.002926
828.900754	0.078915	-0.011666	0.003450
828.274309	0.077907	-0.026137	0.004808
827.700235	0.080174	-0.021660	0.003562
827.106029	0.079503	-0.043600	0.007308
826.489777	0.078368	-0.047466	0.006152
825.834190	0.079919	-0.048052	0.005243
825.202626	0.080264	-0.043570	0.004513
824.656121	0.080113	-0.033305	0.004677
824.058036	0.077977	-0.040906	0.005664
823.429164	0.078545	-0.035195	0.004606
822.814283	0.079272	-0.029742	0.004067
822.219246	0.079383	-0.024113	0.005687
821.630128	0.078058	-0.017722	0.004670
821.013213	0.080444	-0.011568	0.005193
820.395665	0.080722	-0.009729	0.005643
819.793595	0.079833	-0.007817	0.004186
819.197951	0.078529	-0.007339	0.003264
818.577012	0.079161	-0.001038	0.005361
817.996234	0.078906	0.005985	0.004590
817.369413	0.077554	-0.001504	0.004243
816.778316	0.078551	0.010180	0.005026
816.208159	0.079402	0.007724	0.003383
815.586155	0.079915	0.003352	0.003438
814.959026	0.080176	0.008712	0.003479
814.354651	0.080234	0.006805	0.005232
813.757698	0.079835	0.014986	0.004777
813.129389	0.079554	0.021715	0.005571
812.476487	0.078247	0.033587	0.004389
811.898051	0.079024	0.030511	0.005081
811.340520	0.079370	0.043547	0.004557
810.752945	0.079332	0.058664	0.003362
810.124677	0.079301	0.078765	0.003465
809.547524	0.079608	0.088009	0.004752
808.920438	0.081413	0.101336	0.003311
808.324550	0.078463	0.097148	0.005193
807.750432	0.077892	0.115430	0.003079
807.134444	0.077785	0.118370	0.004520
806.512188	0.077742	0.114560	0.003041
805.899804	0.079159	0.109673	0.006485
805.336004	0.079633	0.106996	0.003266
804.706921	0.078551	0.089217	0.003832
804.108517	0.079726	0.078764	0.004778
803.503415	0.078790	0.077216	0.004574
802.863993	0.080181	0.070266	0.002791
802.270621	0.080411	0.063684	0.005375
801.662517	0.078084	0.056392	0.003894
801.022660	0.079086	0.051479	0.004053
800.389237	0.079035	0.049580	0.007398
799.788957	0.079424	0.043867	0.004431
799.146148	0.078320	0.039756	0.002999
798.548420	0.080355	0.040611	0.003836
797.917615	0.079008	0.045998	0.006560
797.283221	0.081108	0.051309	0.003085
796.713823	0.078214	0.051096	0.002967
796.074737	0.078387	0.059685	0.003761
795.488847	0.078674	0.056307	0.003969
794.875335	0.078855	0.070665	0.006529
794.292660	0.077634	0.066353	0.004504
793.671227	0.078996	0.072853	0.006095
793.037706	0.078776	0.080860	0.003613
792.386134	0.079577	0.078059	0.003400
791.778179	0.078523	0.067928	0.003772
791.214285	0.079104	0.079721	0.005959
790.631336	0.078450	0.066687	0.004684
789.991264	0.076140	0.051781	0.003565
789.389342	0.078429	0.035997	0.006148
788.799682	0.079780	0.028709	0.004844
788.224109	0.079339	0.010833	0.005087
787.599322	0.078468	0.002799	0.003336
786.980139	0.080449	-0.007686	0.003739
786.405422	0.078732	-0.005938	0.005576
785.841564	0.080143	0.001326	0.004229
785.220916	0.077872	0.003666	0.003657
784.600898	0.080366	0.007803	0.003646
783.973310	0.077643	0.020170	0.004096
783.382197	0.079163	0.033605	0.003677
782.793645	0.079679	0.039184	0.005540
782.168236	0.079164	0.037702	0.003618
781.541065	0.079651	0.038591	0.003654
780.919030	0.078926	0.021519	0.003626
780.332583	0.079449	0.012728	0.004688
779.698789	0.079556	-0.017164	0.003717
779.121000	0.078792	-0.036903	0.007096
778.473771	0.078678	-0.071400	0.007406
777.843632	0.079128	-0.094311	0.007467
777.256068	0.079798	-0.112386	0.003413
776.663446	0.079609	-0.134108	0.004479
776.030001	0.079529	-0.156187	0.003840
775.431914	0.080151	-0.160742	0.007383
774.842395	0.079987	-0.168338	0.003405
774.229778	0.078138	-0.171595	0.005823
773.613459	0.079650	-0.176340	0.003283
773.009029	0.079670	-0.161725	0.006491
772.379022	0.078262	-0.138366	0.003145
771.819494	0.080286	-0.120116	0.009471
771.209036	0.080476	-0.095386	0.004580
770.611482	0.078868	-0.062384	0.003206
770.001054	0.078508	-0.024149	0.004125
769.433020	0.081049	-0.002816	0.005005
768.846634	0.079091	0.029914	0.009854
768.253320	0.079376	0.065309	0.010222
767.617662	0.079532	0.089049	0.004420
767.035725	0.079656	0.099843	0.005864
766.470895	0.078201	0.103920	0.003278
765.867507	0.078301	0.132190	0.005685
765.218655	0.079723	0.140630	0.003851
764.648830	0.079380	0.136880	0.005385
764.045567	0.080135	0.138680	0.003260
763.455976	0.078942	0.127007	0.004974
762.871464	0.079224	0.119565	0.005200
762.242731	0.077930	0.125247	0.006362
761.628078	0.078239	0.115473	0.006969
761.044983	0.079638	0.117025	0.005876
760.404185	0.078831	0.107520	0.005236
759.801842	0.079991	0.113229	0.003722
759.160623	0.079084	0.115823	0.008775
758.556795	0.079303	0.111496	0.004506
757.983115	0.081436	0.119881	0.005180
757.345137	0.079539	0.127328	0.004000
756.752488	0.078691	0.124544	0.003243
756.153454	0.080884	0.127318	0.005036
755.581982	0.078881	0.133428	0.004604
754.985982	0.079815	0.138020	0.005215
754.354175	0.079938	0.146683	0.004896
753.748880	0.077598	0.154345	0.003221
753.138186	0.078791	0.152964	0.004546
752.557736	0.080364	0.172062	0.005219
751.936730	0.080068	0.173944	0.005064
751.356374	0.078219	0.189502	0.004276
750.748763	0.080607	0.195925	0.004212
750.136399	0.079392	0.213058	0.003955
749.568423	0.078966	0.222335	0.005059
748.957028	0.081053	0.233060	0.005122
748.308454	0.079832	0.232993	0.006900
747.711163	0.079391	0.221711	0.003362
747.134495	0.077738	0.206190	0.004532
746.500818	0.078191	0.178637	0.003417
745.878957	0.079362	0.138109	0.005483
745.236748	0.080382	0.083515	0.005807
744.622370	0.078087	0.032732	0.009987
744.046801	0.080858	-0.010423	0.007957
743.420637	0.075649	-0.066620	0.003712
742.797976	0.077695	-0.086961	0.003774
742.185832	0.079151	-0.116361	0.004275
741.585464	0.080356	-0.129268	0.003114
740.977787	0.078966	-0.124524	0.003694
740.374146	0.077709	-0.107973	0.004255
739.789350	0.079447	-0.086917	0.003928
739.213862	0.078331	-0.057526	0.006395
738.627346	0.078586	-0.030698	0.007773
738.003873	0.079954	-0.012804	0.004198
737.379307	0.079192	0.012433	0.005594
736.740037	0.079295	0.011502	0.005322
736.159145	0.079799	-0.002750	0.005389
735.516460	0.079328	-0.006158	0.004016
734.895866	0.077840	-0.028505	0.004855
734.293161	0.081358	-0.046391	0.005418
733.663062	0.077261	-0.064232	0.005644
733.094465	0.078693	-0.076259	0.006790
732.490979	0.079112	-0.089233	0.004618
731.877546	0.077340	-0.093924	0.006343
731.240420	0.077086	-0.097561	0.004527
730.652354	0.078787	-0.113576	0.004651
730.023288	0.080915	-0.112897	0.002985
729.401544	0.078285	-0.110664	0.005209
728.804664	0.079220	-0.102021	0.003763
728.175209	0.079097	-0.106747	0.004539
727.593767	0.077156	-0.103066	0.007938
726.980272	0.080333	-0.092126	0.004746
726.388466	0.078781	-0.081062	0.003227
725.773167	0.080090	-0.074407	0.006058
725.193523	0.071877	-0.068773	0.003137
724.620965	0.082369	-0.055953	0.004487
724.019608	0.077790	-0.049940	0.005239
723.442451	0.078548	-0.041066	0.007250
722.820123	0.078014	-0.048034	0.005650
722.209733	0.077484	-0.037838	0.003873
721.663877	0.080743	-0.028466	0.003831
721.057554	0.078949	-0.022219	0.002858
720.422897	0.079733	-0.028227	0.009878
719.830477	0.077639	-0.022632	0.005744
719.266888	0.078645	-0.017048	0.006804
718.674128	0.079481	-0.003696	0.007161
718.056390	0.078235	-0.007994	0.004926
717.437759	0.077555	0.003462	0.003983
716.871412	0.079316	0.010057	0.004648
716.329613	0.080402	0.007135	0.004094
715.783328	0.078484	0.003271	0.004005
715.227948	0.078388	0.014154	0.005001
714.660039	0.079084	0.018427	0.007364
714.088395	0.080544	0.026669	0.005755
713.546727	0.080165	0.023938	0.007820
713.023132	0.078280	0.027909	0.003109
712.483638	0.079267	0.035235	0.003900
711.915058	0.079684	0.036377	0.004491
711.312906	0.079518	0.042934	0.011264
710.677227	0.078399	0.049836	0.006252
710.088128	0.079602	0.055369	0.004169
709.531084	0.080110	0.066019	0.006945
708.951650	0.077983	0.079520	0.006260
708.348184	0.079044	0.087227	0.009905
707.742462	0.080518	0.087410	0.006714
707.169713	0.077697	0.090837	0.009849
706.564730	0.079204	0.113966	0.003555
705.986966	0.077654	0.122733	0.010754
705.395026	0.081214	0.137538	0.005635
704.793141	0.080452	0.135417	0.005622
704.192893	0.079207	0.137816	0.005940
703.651803	0.076805	0.125475	0.003592
703.044011	0.077997	0.116779	0.008140
702.439655	0.080512	0.097576	0.007945
701.818465	0.079776	0.066515	0.004781
701.200474	0.080342	0.038158	0.003295
700.616853	0.079765	-0.012169	0.003612
700.037010	0.079775	-0.050907	0.005125
699.397440	0.079511	-0.090433	0.007957
698.762599	0.078813	-0.129222	0.005965
698.165700	0.078671	-0.153541	0.007622
697.519214	0.079180	-0.168928	0.010973
696.910910	0.078316	-0.159631	0.004092
696.342045	0.078474	-0.152999	0.007209
695.783870	0.080795	-0.124079	0.005243
695.224771	0.079918	-0.109388	0.003364
694.589784	0.078547	-0.080635	0.005174
693.983447	0.079562	-0.053583	0.008938
693.376084	0.081267	-0.036943	0.006698
692.831637	0.081075	-0.025589	0.005817
692.247217	0.079381	-0.016391	0.005162
691.643562	0.078697	-0.016080	0.004655
691.017446	0.081947	-0.013217	0.004354
690.438464	0.079758	-0.016159	0.005850
689.899596	0.079924	-0.011229	0.003548
689.269628	0.078883	-0.012946	0.006745
688.652643	0.077376	-0.016388	0.004184
688.056956	0.076783	-0.015695	0.004949
687.439540	0.078713	-0.020790	0.005181
686.854077	0.080828	-0.018649	0.004613
686.254444	0.079373	-0.019173	0.008265
685.687580	0.080765	-0.006732	0.004642
685.068457	0.079410	-0.012950	0.005786
684.489218	0.079416	-0.024053	0.005894
683.870031	0.079618	-0.015868	0.004759
683.301769	0.077975	-0.022975	0.005648
682.678371	0.079498	-0.013714	0.005145
682.051634	0.077787	-0.022344	0.006558
681.501239	0.078390	-0.032762	0.004103
680.875841	0.079466	-0.029194	0.006047
680.253186	0.079480	-0.028953	0.007879
679.629499	0.078402	-0.024908	0.008148
679.034252	0.079111	-0.024539	0.006429
678.427930	0.078567	-0.036581	0.003236
677.825156	0.077948	-0.027389	0.003299
677.195039	0.077573	-0.021418	0.004215
676.576251	0.076900	-0.025905	0.004534
676.014534	0.077590	-0.024307	0.007135
675.397004	0.081837	-0.032169	0.006351
674.766717	0.077968	-0.031408	0.008347
674.166693	0.080364	-0.018206	0.006484
673.594008	0.079213	-0.026796	0.005730
672.982035	0.079996	-0.025962	0.007955
672.363907	0.080776	-0.009892	0.013721
671.752520	0.079033	-0.028343	0.009912
671.110067	0.081003	-0.026649	0.008113
670.546601	0.079111	-0.031017	0.005682
669.949360	0.079465	-0.014620	0.006760
669.370460	0.078918	-0.034800	0.004467
668.751596	0.077931	-0.016353	0.004612
668.113541	0.078148	-0.006010	0.009368
667.544324	0.078480	-0.017141	0.007980
666.927075	0.077560	-0.017214	0.005058
666.324992	0.077554	-0.022199	0.003894
665.701317	0.076968	-0.009712	0.012198
665.125799	0.078070	-0.007665	0.004915
664.493977	0.080187	-0.015936	0.008115
663.901041	0.081746	-0.017262	0.007870
663.333913	0.078811	-0.018640	0.007290
662.695433	0.077884	-0.025959	0.009881
662.132583	0.080869	-0.016407	0.006011
661.510176	0.080284	-0.021809	0.005671
660.949594	0.079235	-0.014817	0.006010
660.365358	0.072928	-0.014661	0.008655
659.814003	0.078951	-0.006705	0.006040
659.184404	0.077970	-0.013335	0.005228
658.607392	0.078735	-0.024765	0.007219
657.941001	0.077642	-0.011929	0.004939
657.281165	0.080174	-0.013985	0.005442
656.653061	0.080370	-0.011245	0.010447
656.000157	0.079465	-0.016123	0.004644
655.356383	0.078934	-0.018585	0.005308
654.680079	0.078181	-0.023480	0.007687
653.991654	0.080859	-0.012548	0.004814
653.339506	0.080540	-0.002515	0.011002
652.676941	0.079346	-0.009214	0.012291
652.120161	0.079211	-0.020334	0.004546
651.491908	0.078940	-0.018576	0.003815
650.922956	0.079581	-0.005458	0.003679
650.312844	0.080071	-0.003580	0.004978
649.694657	0.080242	-0.018723	0.007072
649.070109	0.077538	-0.018613	0.007443
648.454368	0.079156	-0.007536	0.008090
647.811657	0.078668	-0.014706	0.004205
647.219423	0.077427	-0.014093	0.005906
646.573161	0.078736	-0.003334	0.004337
645.955741	0.081636	0.000792	0.011586
645.375482	0.079563	-0.006041	0.010786
644.754077	0.078058	-0.009505	0.006863
644.142458	0.076480	-0.014280	0.005246
643.531328	0.079245	-0.016725	0.007873
642.866429	0.077817	-0.011886	0.006098
642.301463	0.079103	-0.022963	0.008571
641.683244	0.078432	-0.010710	0.009351
641.061080	0.079456	-0.018814	0.010958
640.452680	0.079439	-0.007612	0.009159
639.865738	0.080905	-0.010055	0.006886
639.242140	0.083012	-0.000891	0.005050
638.619864	0.078709	-0.006839	0.005607
638.037158	0.079033	-0.010917	0.007668
637.393397	0.079339	-0.013956	0.004457
636.822247	0.081440	-0.006683	0.006764
636.225814	0.078756	0.010244	0.011142
635.627418	0.078307	-0.012245	0.008938
635.024802	0.064093	-0.000954	0.010019
635.516094	0.077279	-0.019199	0.008022
636.125946	0.078093	-0.011024	0.007711
636.710874	0.081442	-0.008960	0.022055
637.338201	0.081009	-0.018846	0.014380
637.948284	0.080930	-0.023824	0.006730
638.535424	0.078405	-0.021740	0.004047
639.161239	0.079092	-0.013520	0.006401
639.742680	0.080611	-0.018833	0.008489
640.337019	0.082716	-0.008137	0.007968
640.901407	0.081766	-0.008878	0.007540
641.526977	0.080000	-0.010834	0.007038
642.129418	0.079839	0.005764	0.005375
642.732451	0.079141	-0.005542	0.006542
643.306988	0.075113	-0.013302	0.005027
643.859497	0.079438	-0.006576	0.004726
644.481329	0.079758	-0.006932	0.006537
645.096773	0.083250	-0.011507	0.006248
645.693615	0.081411	-0.025103	0.004558
646.336917	0.078868	-0.009585	0.012351
646.915190	0.083931	-0.009603	0.005574
647.522531	0.078669	-0.005601	0.004465
648.095591	0.079600	-0.016370	0.009896
648.724719	0.079042	-0.004673	0.004376
649.304556	0.078113	-0.010713	0.005219
649.894421	0.080687	-0.021583	0.006015
650.516733	0.078635	-0.015163	0.006646
651.104567	0.079842	-0.027264	0.008243
651.660366	0.078903	-0.022523	0.004878
652.236447	0.080349	-0.005471	0.009697
652.840038	0.077273	-0.017818	0.004493
653.468792	0.077733	-0.016386	0.008378
654.114115	0.076406	-0.013463	0.007290
654.690714	0.077589	-0.018830	0.007324
655.349792	0.078436	-0.012347	0.004565
655.925907	0.078053	-0.023553	0.006255
656.514329	0.080363	-0.030887	0.007155
657.085308	0.077940	-0.013903	0.008595
657.671786	0.080885	-0.017711	0.006764
658.296883	0.079766	-0.018544	0.003886
658.871502	0.080503	-0.024026	0.007733
659.519001	0.077463	-0.015606	0.008036
660.067423	0.079053	-0.007780	0.010832
660.673712	0.078856	-0.028712	0.003557
661.252062	0.079818	-0.012627	0.005853
661.860160	0.080943	-0.014249	0.005570
662.470539	0.081616	-0.008403	0.004788
663.041354	0.078196	-0.025576	0.004938
663.666846	0.078778	-0.011645	0.005291
664.272731	0.079998	-0.009674	0.012540
664.884566	0.078764	-0.015262	0.004281
665.492944	0.079286	-0.030418	0.009355
666.079770	0.076018	-0.008792	0.008790
666.708981	0.076519	-0.017841	0.010307
667.312390	0.077692	-0.014935	0.005423
667.942311	0.078148	-0.006986	0.007302
668.504398	0.077762	-0.016660	0.005491
669.123706	0.080930	-0.017728	0.003953
669.761132	0.075988	-0.030484	0.002978
670.348035	0.077860	-0.017511	0.005469
670.967515	0.079087	-0.042659	0.007297
671.552331	0.078878	-0.022621	0.009159
672.199667	0.076401	-0.019051	0.006311
672.813837	0.077380	-0.018803	0.005203
673.427346	0.079720	-0.006425	0.006449
673.987566	0.079909	-0.008187	0.006816
674.605956	0.078913	-0.011652	0.009732
675.191934	0.077408	-0.013233	0.003845
675.798199	0.079469	-0.020585	0.006835
676.409258	0.080550	-0.030833	0.004554
677.003547	0.079873	-0.019651	0.004633
677.620551	0.079135	-0.014374	0.010060
678.242734	0.079372	-0.021516	0.004705
678.838000	0.079350	-0.016632	0.003581
679.420400	0.079202	-0.013138	0.011653
680.060390	0.081205	-0.012324	0.005736
680.703718	0.078359	-0.026012	0.004631
681.359689	0.076752	-0.018867	0.006894
681.967633	0.073302	-0.015598	0.007000
682.541316	0.079591	-0.022195	0.006035
683.172345	0.080341	-0.015165	0.007627
683.805571	0.080192	-0.028399	0.012956
684.428880	0.080634	-0.019460	0.009808
685.060263	0.077666	-0.029914	0.004936
685.626020	0.077929	-0.023639	0.007469
686.247177	0.079569	-0.000219	0.007264
686.838057	0.080292	-0.009638	0.005602
687.463393	0.078129	-0.016810	0.008305
688.050588	0.076691	-0.010749	0.005078
688.690539	0.076845	-0.009109	0.004758
689.294685	0.077834	-0.020218	0.004834
689.899843	0.080344	-0.010436	0.005387
690.508680	0.081201	-0.009439	0.005941
691.075376	0.081154	-0.018169	0.003397
691.671568	0.079197	-0.009234	0.006998
692.277219	0.079807	-0.020060	0.005209
692.879106	0.079682	-0.027113	0.009260
693.450485	0.078100	-0.041832	0.007094
694.065880	0.080702	-0.046609	0.007633
694.653834	0.079262	-0.085121	0.007265
695.276528	0.080442	-0.103672	0.006541
695.883772	0.079439	-0.120885	0.007808
696.474085	0.078552	-0.150113	0.006227
697.116853	0.079759	-0.154766	0.007762
697.741118	0.077814	-0.158342	0.003832
698.347756	0.079105	-0.161899	0.004241
698.916800	0.078475	-0.131445	0.005836
699.549949	0.075781	-0.098879	0.007511
700.131779	0.079022	-0.056235	0.004675
700.753538	0.079025	-0.007246	0.008301
701.373327	0.079077	0.032598	0.007988
701.951653	0.078397	0.065511	0.005294
702.586540	0.078698	0.095552	0.003764
703.191244	0.077180	0.116316	0.003687
703.787336	0.077430	0.133103	0.005689
704.352867	0.079597	0.141790	0.004934
704.983987	0.079766	0.137675	0.005347
705.609165	0.080044	0.138862	0.004930
706.189911	0.082576	0.124161	0.004473
706.814638	0.081120	0.115205	0.005110
707.371472	0.079479	0.104904	0.005312
707.976372	0.079170	0.105948	0.006317
708.579776	0.078502	0.085377	0.008037
709.190126	0.078181	0.074280	0.005467
709.794386	0.080401	0.069996	0.003361
710.371451	0.077829	0.048314	0.008021
710.968208	0.077821	0.051479	0.004601
711.609506	0.080332	0.040173	0.006006
712.223713	0.078595	0.036825	0.004014
712.807344	0.078605	0.033541	0.003361
713.378527	0.080384	0.032778	0.004790
714.013763	0.081814	0.026695	0.008379
714.606688	0.078166	0.028181	0.004626
715.208883	0.078328	0.014567	0.004631
715.767845	0.079082	0.016829	0.006707
716.391717	0.078309	0.007560	0.004117
717.023943	0.079834	0.003108	0.004955
717.639778	0.079404	-0.003137	0.004505
718.213789	0.079686	-0.009755	0.005148
718.823988	0.078998	-0.015491	0.004559
719.432062	0.080513	-0.013925	0.006065
720.065326	0.078206	-0.027905	0.005174
720.647195	0.079064	-0.017547	0.003430
721.201096	0.079523	-0.028310	0.005904
721.790073	0.077412	-0.033399	0.004923
722.389680	0.079286	-0.034636	0.005472
723.001538	0.079389	-0.043918	0.004122
723.586965	0.080325	-0.059048	0.005376
724.177542	0.078038	-0.059570	0.004246
724.779288	0.079191	-0.059771	0.005944
725.368841	0.078026	-0.070013	0.004098
725.956862	0.080272	-0.073200	0.003716
726.572095	0.080518	-0.079699	0.005923
727.235473	0.080714	-0.086511	0.005786
727.826924	0.079572	-0.097458	0.004501
728.430421	0.080569	-0.106472	0.004925
729.063763	0.078714	-0.115165	0.008275
729.645536	0.078050	-0.106112	0.004368
730.253236	0.078180	-0.120055	0.006505
730.887296	0.079516	-0.111963	0.004058
731.505749	0.079103	-0.100902	0.005798
732.079210	0.079189	-0.099476	0.004752
732.696659	0.079610	-0.081981	0.004282
733.270062	0.078062	-0.075210	0.007932
733.887469	0.081539	-0.060283	0.007935
734.520127	0.079763	-0.039391	0.004429
735.082404	0.078334	-0.027229	0.004804
735.690355	0.077470	-0.007874	0.004878
736.266941	0.080751	0.001214	0.004723
736.885223	0.078697	0.009869	0.004787
737.462870	0.079068	0.010057	0.005694
738.063086	0.079738	-0.002341	0.007151
738.682886	0.079417	-0.031056	0.007074
739.348584	0.080452	-0.056227	0.005582
739.967542	0.077176	-0.083073	0.004523
740.532271	0.076688	-0.112331	0.006043
741.149667	0.078809	-0.121463	0.004814
741.776677	0.076754	-0.124632	0.005160
742.429064	0.078424	-0.122630	0.004974
743.018891	0.078934	-0.088182	0.006166
743.599702	0.079259	-0.062942	0.003600
744.245562	0.078663	-0.014864	0.008544
744.854743	0.080935	0.038905	0.009584
745.481300	0.078323	0.086426	0.010441
746.043611	0.079333	0.136755	0.003865
746.664983	0.078948	0.174471	0.004904
747.249816	0.078284	0.202813	0.004550
747.850195	0.078685	0.223962	0.005404
748.469179	0.078505	0.232203	0.005837
749.040285	0.079035	0.227034	0.005736
749.634266	0.078993	0.230267	0.003071
750.215300	0.079509	0.216250	0.003507
750.826249	0.076173	0.200511	0.007551
751.389088	0.077631	0.192407	0.004434
752.026719	0.078786	0.179016	0.006707
752.612433	0.079351	0.170245	0.008231
753.222691	0.079606	0.157643	0.003674
753.836322	0.079687	0.154979	0.004733
754.394553	0.080536	0.141744	0.004824
754.979216	0.078051	0.139275	0.003536
755.566098	0.079531	0.125314	0.004517
756.194021	0.082502	0.131478	0.004755
756.773565	0.078086	0.120668	0.005111
757.364829	0.079125	0.125520	0.006485
757.992423	0.080034	0.129245	0.005940
758.595936	0.079372	0.116010	0.003287
759.226042	0.080882	0.119842	0.005973
759.792943	0.079538	0.123229	0.006506
760.424047	0.079561	0.119042	0.004666
761.018710	0.079295	0.117122	0.006076
761.617621	0.078100	0.128230	0.004567
762.166703	0.078627	0.112159	0.002763
762.765325	0.078969	0.119168	0.004052
763.399353	0.079413	0.114167	0.004323
763.974237	0.078666	0.128927	0.003474
764.619464	0.080366	0.129817	0.004036
765.209743	0.078969	0.125907	0.007334
765.802520	0.078688	0.127638	0.007390
766.467691	0.079698	0.125333	0.003617
767.089511	0.078903	0.103206	0.009737
767.752211	0.078971	0.082954	0.003689
768.339386	0.077273	0.062456	0.003950
768.943346	0.078240	0.034381	0.005127
769.551106	0.079215	0.008598	0.004911
770.184367	0.079251	-0.034622	0.004248
770.772205	0.079871	-0.056752	0.006403
771.414350	0.078444	-0.088354	0.006652
772.018266	0.079197	-0.116142	0.003718
772.612438	0.079391	-0.139582	0.004797
773.230727	0.078062	-0.157039	0.003590
773.813442	0.077989	-0.173304	0.004800
774.399132	0.080175	-0.173880	0.007475
775.001957	0.078831	-0.170497	0.004753
775.525885	0.080366	-0.166761	0.003738
776.092544	0.079799	-0.147043	0.003728
776.715554	0.079267	-0.140828	0.003290
777.348586	0.080121	-0.124766	0.004385
777.941460	0.079880	-0.092306	0.007025
778.566889	0.078570	-0.064548	0.003494
779.146680	0.076301	-0.045372	0.003343
779.733853	0.080526	-0.019419	0.004926
780.373178	0.080612	0.003431	0.003980
780.974788	0.080179	0.024889	0.009671
781.560030	0.078942	0.028001	0.004642
782.142524	0.079004	0.040243	0.003101
782.769801	0.078623	0.034379	0.003958
783.380485	0.079168	0.030556	0.004271
783.991234	0.079029	0.020015	0.004167
784.580339	0.078969	0.012853	0.004287
785.200387	0.079313	0.006852	0.006911
785.829553	0.080974	-0.004780	0.006831
786.479784	0.080927	-0.003795	0.004619
787.058169	0.079031	-0.004141	0.004785
787.705444	0.079213	0.001751	0.004789
788.327868	0.079856	0.014506	0.004221
788.902861	0.079627	0.030061	0.005773
789.548646	0.079075	0.041078	0.005052
790.092719	0.078773	0.053495	0.004227
790.709472	0.079351	0.062918	0.003617
791.309199	0.080028	0.073215	0.003054
791.950990	0.080628	0.069790	0.005419
792.538659	0.078574	0.078288	0.003548
793.119995	0.077515	0.077844	0.005614
793.703024	0.077643	0.073811	0.003778
794.343160	0.079749	0.076391	0.004224
794.924156	0.077467	0.066028	0.004822
795.504612	0.078643	0.068882	0.004522
796.085462	0.077637	0.055116	0.003573
796.724839	0.077467	0.055753	0.006779
797.345506	0.078841	0.047091	0.006987
797.901525	0.079314	0.043673	0.004848
798.466975	0.078663	0.046294	0.005447
799.033815	0.078075	0.042020	0.007221
799.615113	0.079482	0.039198	0.005464
