800.402645	0.078234	0.086422	0.004641
800.992069	0.078909	0.084556	0.004245
801.574674	0.079765	0.081115	0.003793
802.132483	0.078516	0.077755	0.004837
802.695545	0.080368	0.074503	0.003934
803.234274	0.079222	0.081350	0.003399
803.776111	0.078562	0.078301	0.004169
804.323859	0.079434	0.082948	0.004108
804.882881	0.077970	0.074749	0.004952
805.452479	0.079229	0.072091	0.006818
806.001113	0.079999	0.082414	0.004125
806.595060	0.077719	0.069365	0.003776
807.152226	0.080058	0.071826	0.003600
807.757266	0.078959	0.069993	0.004311
808.351201	0.078709	0.072582	0.005972
808.911111	0.080559	0.059787	0.005227
809.469875	0.078974	0.049049	0.006432
810.026075	0.079716	0.056749	0.006522
810.590331	0.079370	0.058949	0.005406
811.142088	0.077856	0.059422	0.004589
811.740017	0.079594	0.057777	0.003396
812.303852	0.079185	0.047009	0.006791
812.909262	0.079357	0.038721	0.003754
813.500271	0.079162	0.042980	0.005405
814.152492	0.080265	0.046500	0.007333
814.722341	0.078829	0.037325	0.003974
815.315275	0.078421	0.043670	0.004191
815.940633	0.078319	0.034780	0.010212
816.512925	0.079941	0.034830	0.004930
817.109372	0.078976	0.031832	0.006929
817.722526	0.078680	0.028452	0.003685
818.340469	0.077809	0.026174	0.006552
818.912613	0.079435	0.031426	0.004618
819.512112	0.078165	0.031211	0.004072
820.099898	0.078438	0.027321	0.004636
820.707112	0.079164	0.029414	0.007662
821.268808	0.079497	0.022232	0.005033
821.882882	0.078681	0.029082	0.005749
822.469569	0.079093	0.011697	0.007042
823.075288	0.079916	0.035081	0.005088
823.629463	0.080377	0.025930	0.006017
824.224651	0.079561	0.024006	0.003734
824.835106	0.079458	0.035007	0.007047
825.429900	0.078871	0.017481	0.005910
825.998411	0.080541	0.031469	0.005091
826.598460	0.078428	0.023282	0.006171
827.194880	0.079373	0.031113	0.003220
827.810178	0.079082	0.027640	0.006495
828.372418	0.079005	0.022073	0.012145
828.925425	0.078473	0.023368	0.005581
829.530336	0.079541	0.022693	0.003991
830.152098	0.078389	0.029919	0.003531
830.758253	0.080305	0.021140	0.004040
831.310221	0.081038	0.016916	0.004953
831.943458	0.078641	0.029423	0.002676
832.545424	0.077520	0.031586	0.009221
833.140979	0.080554	0.018479	0.003981
833.705463	0.078236	0.020823	0.004150
834.350251	0.078088	0.026571	0.005209
834.963580	0.078731	0.017242	0.008453
835.530603	0.079669	0.017501	0.003657
836.101465	0.080160	0.020828	0.004828
836.707041	0.079628	0.029594	0.007559
837.323268	0.078909	0.024676	0.004911
837.899623	0.079447	0.015673	0.005592
838.465025	0.078800	0.015816	0.006181
839.074061	0.076866	0.014895	0.002796
839.684111	0.079991	0.021682	0.004354
840.280869	0.079137	0.019825	0.004665
840.846104	0.080124	0.018369	0.004545
841.418497	0.078981	0.010102	0.003595
842.041159	0.079627	0.025530	0.005127
842.615329	0.078881	0.016038	0.006490
843.172769	0.079740	0.023665	0.004970
843.737175	0.078691	0.019030	0.004107
844.321876	0.080361	0.017280	0.004030
844.968235	0.078165	0.023253	0.006041
845.550374	0.078939	0.020743	0.004609
846.127949	0.079234	0.018176	0.006126
846.728528	0.080644	0.007833	0.003197
847.351746	0.078161	0.018618	0.007276
847.992927	0.078279	0.013600	0.007498
848.565499	0.079032	0.008946	0.004085
849.183520	0.077805	0.024443	0.009891
849.784161	0.079698	-0.001611	0.002966
850.360698	0.079791	0.011493	0.005287
850.927973	0.079792	0.004767	0.008257
851.543491	0.079436	0.015552	0.003131
852.144874	0.079564	0.010524	0.006377
852.732557	0.078475	0.016655	0.004156
853.302346	0.079119	0.011904	0.006515
853.885586	0.078482	0.004029	0.005134
854.479782	0.079264	0.008793	0.005795
855.075850	0.079284	0.008093	0.004959
855.657347	0.078863	0.004540	0.003799
856.252381	0.079217	-0.004144	0.010887
856.840204	0.079988	0.011458	0.005045
857.464690	0.078273	0.007317	0.003267
858.030070	0.079663	0.003724	0.003069
858.646555	0.077882	-0.005235	0.004603
859.255335	0.078037	-0.006103	0.005009
859.856114	0.080222	-0.001128	0.004239
860.473254	0.078780	-0.009197	0.006308
861.034035	0.078785	-0.009728	0.004607
861.653002	0.078682	-0.015924	0.005242
862.274020	0.077165	-0.012212	0.006574
862.879407	0.079347	-0.011921	0.007087
863.470471	0.079849	-0.012045	0.007133
864.070753	0.077248	-0.006373	0.004637
864.674769	0.079594	-0.015909	0.005486
865.304189	0.079311	-0.027196	0.003908
865.853367	0.078546	-0.026362	0.007375
866.485180	0.080297	-0.021117	0.006965
867.073460	0.078967	-0.027611	0.003918
867.705141	0.079806	-0.015557	0.005778
868.297056	0.078787	-0.010848	0.005576
868.898652	0.079603	-0.015763	0.004487
869.549494	0.079340	-0.004682	0.004034
870.119713	0.080749	0.009225	0.003670
870.739392	0.079155	0.021972	0.004251
871.310119	0.078489	0.033194	0.004997
871.906794	0.080014	0.023492	0.002859
872.492066	0.077818	0.040633	0.004439
873.104810	0.080081	0.050704	0.008691
873.699472	0.079313	0.060870	0.012709
874.347401	0.079804	0.061898	0.005851
874.953288	0.079479	0.079923	0.010180
875.584542	0.079331	0.095919	0.008584
876.159783	0.079097	0.098018	0.006404
876.720761	0.077752	0.113730	0.004129
877.327640	0.079726	0.126539	0.004984
877.955647	0.078091	0.146594	0.007367
878.521445	0.079471	0.156759	0.006255
879.165126	0.079628	0.185829	0.002947
879.780635	0.077902	0.191549	0.006193
880.409408	0.079546	0.222619	0.006098
881.022424	0.079462	0.231658	0.005072
881.597981	0.079340	0.232413	0.004804
882.210972	0.079003	0.223504	0.007535
882.826498	0.078921	0.204491	0.008209
883.372085	0.079648	0.180999	0.008633
883.934768	0.079863	0.154491	0.004761
884.518791	0.079718	0.113742	0.003055
885.138291	0.078813	0.068825	0.004197
885.722863	0.079193	0.027816	0.004203
886.331644	0.078282	-0.012644	0.005807
886.960555	0.080134	-0.048558	0.007213
887.592964	0.078638	-0.086788	0.005343
888.236130	0.078583	-0.137480	0.003578
888.847598	0.078962	-0.168337	0.007288
889.424881	0.078469	-0.211406	0.004295
890.019927	0.079874	-0.244935	0.003639
890.624884	0.082028	-0.297627	0.003845
891.220956	0.077520	-0.322968	0.004669
891.787186	0.078367	-0.360099	0.005060
892.382521	0.079265	-0.405179	0.004894
892.938485	0.079042	-0.427776	0.004982
893.540996	0.079097	-0.456769	0.004603
894.098947	0.078672	-0.460351	0.003970
894.707924	0.081504	-0.469684	0.003026
895.321970	0.080231	-0.463954	0.006125
895.937760	0.079326	-0.448699	0.004929
896.495048	0.081012	-0.433917	0.008044
897.111487	0.079425	-0.402571	0.003835
897.702989	0.079413	-0.378044	0.004139
898.292066	0.077805	-0.352156	0.003131
898.902836	0.077891	-0.312626	0.003796
899.473566	0.079048	-0.284342	0.005118
900.068866	0.079316	-0.265772	0.005607
900.691172	0.079709	-0.229950	0.007276
901.298173	0.077941	-0.198688	0.006700
901.875830	0.079046	-0.181870	0.009746
902.513684	0.078983	-0.141428	0.005168
903.153021	0.080030	-0.111818	0.004153
903.767505	0.078528	-0.080308	0.004308
904.408613	0.078638	-0.052784	0.012885
904.970273	0.078868	-0.018969	0.004253
905.571522	0.078973	0.003276	0.003340
906.236290	0.079516	0.038670	0.004065
906.850689	0.079038	0.065747	0.010752
907.448913	0.078774	0.065183	0.004484
908.020211	0.079707	0.059489	0.006227
908.625915	0.077275	0.052345	0.003367
909.241815	0.080504	0.046267	0.005079
909.897607	0.079521	0.042934	0.003995
910.456997	0.078073	0.044674	0.005928
911.058475	0.079199	0.026109	0.005611
911.650885	0.079180	0.012250	0.006534
912.273245	0.079240	-0.010862	0.007753
912.858139	0.079254	-0.016890	0.005165
913.417760	0.078692	-0.032387	0.004898
914.022519	0.079724	-0.045070	0.003678
914.635322	0.077340	-0.051467	0.005918
915.213475	0.078078	-0.056885	0.006067
915.806344	0.079583	-0.064376	0.004736
916.383647	0.078303	-0.071929	0.004127
917.002730	0.079954	-0.064653	0.004112
917.620762	0.080271	-0.079233	0.003011
918.201961	0.079883	-0.084715	0.005716
918.795322	0.080733	-0.077740	0.005300
919.383621	0.078969	-0.073377	0.003968
919.994012	0.079251	-0.079921	0.006511
920.577250	0.079054	-0.081920	0.005909
921.167306	0.080176	-0.080493	0.005993
921.767743	0.078714	-0.061232	0.005972
922.388680	0.080197	-0.063392	0.005160
923.013587	0.079204	-0.067543	0.005495
923.643363	0.080341	-0.066008	0.003602
924.222398	0.079901	-0.057567	0.006682
924.793855	0.077060	-0.058004	0.007414
925.415802	0.079023	-0.054882	0.003633
925.976995	0.077740	-0.063981	0.004761
926.591460	0.079829	-0.059397	0.004462
927.206486	0.076979	-0.052056	0.004501
927.856142	0.077591	-0.057706	0.004152
928.484863	0.081108	-0.059756	0.005595
929.040458	0.078494	-0.053215	0.003961
929.637126	0.078986	-0.058851	0.013836
930.268014	0.080426	-0.053857	0.011725
930.865242	0.077662	-0.049619	0.005660
931.439549	0.078048	-0.054612	0.003237
932.039364	0.078393	-0.059230	0.004621
932.666084	0.079540	-0.063388	0.003890
933.287030	0.079373	-0.053135	0.006515
933.857239	0.079705	-0.049394	0.003459
934.457511	0.075925	-0.046176	0.005084
935.061301	0.081434	-0.050093	0.003974
935.670796	0.078494	-0.046726	0.005292
936.298379	0.078444	-0.048013	0.007302
936.874210	0.078699	-0.038524	0.003673
937.464952	0.079161	-0.045127	0.005048
938.033518	0.077947	-0.048153	0.005101
938.665464	0.082447	-0.039433	0.007873
939.224649	0.078908	-0.034342	0.005879
939.819620	0.080668	-0.035459	0.006064
940.441051	0.077977	-0.043469	0.004237
941.094353	0.076720	-0.040008	0.003874
941.699312	0.078265	-0.039102	0.004142
942.272768	0.078753	-0.045655	0.005027
942.899047	0.079422	-0.042845	0.005231
943.481989	0.076229	-0.043196	0.003693
944.054395	0.078049	-0.047303	0.008012
944.610333	0.077929	-0.034601	0.007741
945.247976	0.077284	-0.042761	0.007942
945.884721	0.077900	-0.044949	0.009759
946.483620	0.081018	-0.047892	0.004478
947.100305	0.079032	-0.040485	0.009039
947.678885	0.078449	-0.038758	0.005081
948.259405	0.079639	-0.034574	0.002853
948.873072	0.077873	-0.041030	0.005241
949.479139	0.078009	-0.044673	0.004209
950.058579	0.076900	-0.040997	0.003529
950.679710	0.077430	-0.034801	0.004368
951.251843	0.075922	-0.039008	0.003206
951.888476	0.077286	-0.040733	0.008362
952.453469	0.078459	-0.034056	0.003218
953.049997	0.081330	-0.040708	0.007342
953.675174	0.076206	-0.037742	0.003437
954.290637	0.081491	-0.033127	0.005993
954.912327	0.076490	-0.040949	0.004226
955.488509	0.079007	-0.040445	0.003248
956.127524	0.078845	-0.043365	0.004561
956.734137	0.077266	-0.035099	0.004174
957.315582	0.079692	-0.036163	0.004661
957.939493	0.077741	-0.026265	0.004616
958.504022	0.078465	-0.046463	0.006443
959.111094	0.081134	-0.033886	0.003040
959.733756	0.076378	-0.044817	0.007311
960.360884	0.080323	-0.034889	0.008989
960.934929	0.079153	-0.034819	0.005274
961.580221	0.079150	-0.036955	0.004739
962.190554	0.076029	-0.045907	0.007907
962.762767	0.074158	-0.039296	0.004424
963.341637	0.078414	-0.030749	0.002951
963.916629	0.078833	-0.033922	0.005118
964.541476	0.078873	-0.038477	0.005726
965.009514	0.069732	-0.028846	0.003416
964.431183	0.078648	-0.030381	0.003568
963.871658	0.079737	-0.027949	0.004581
963.246497	0.080371	-0.033209	0.002921
962.627932	0.079742	-0.032398	0.004284
962.035564	0.078279	-0.030140	0.002895
961.389081	0.076578	-0.030982	0.003712
960.794049	0.079348	-0.037413	0.004253
960.190508	0.076483	-0.036626	0.004387
959.536092	0.077503	-0.037267	0.005139
958.905105	0.077488	-0.037886	0.003562
958.330475	0.077830	-0.031313	0.006156
957.749816	0.078499	-0.031783	0.003838
957.128399	0.076913	-0.034848	0.007248
956.538408	0.078336	-0.037469	0.003754
955.889105	0.079058	-0.034676	0.004107
955.327021	0.080940	-0.043423	0.003368
954.751817	0.081053	-0.039894	0.003293
954.174558	0.080690	-0.033215	0.003741
953.547635	0.077195	-0.027008	0.003491
952.950233	0.080739	-0.036859	0.003995
952.359007	0.079347	-0.035468	0.004670
951.766746	0.078142	-0.036038	0.004258
951.109965	0.078885	-0.039111	0.004667
950.484845	0.080199	-0.047667	0.005379
949.914502	0.080131	-0.037495	0.003709
949.291875	0.079585	-0.046956	0.004593
948.706470	0.078988	-0.029732	0.005694
948.105820	0.077506	-0.040350	0.005911
947.462543	0.078733	-0.038954	0.003594
946.901715	0.078953	-0.042943	0.006336
946.288386	0.078373	-0.037019	0.004698
945.650457	0.076386	-0.031975	0.003755
945.019877	0.078102	-0.041256	0.004668
944.435140	0.077569	-0.042350	0.008428
943.781585	0.077997	-0.046717	0.003662
943.182074	0.079048	-0.047732	0.004393
942.542297	0.075900	-0.034162	0.003870
941.913462	0.079833	-0.046223	0.004972
941.335977	0.079622	-0.038623	0.004878
940.727574	0.079705	-0.042982	0.005770
940.106527	0.077589	-0.031701	0.005467
939.510428	0.078764	-0.034251	0.004464
938.866283	0.079053	-0.040565	0.008587
938.288553	0.079059	-0.039710	0.005892
937.694413	0.079567	-0.049879	0.004383
937.098125	0.074206	-0.050375	0.004889
936.470818	0.080112	-0.050300	0.006281
935.879455	0.079351	-0.049348	0.004486
935.296378	0.077559	-0.052280	0.004644
934.703107	0.078692	-0.046427	0.004709
934.083852	0.077008	-0.045468	0.003892
933.472281	0.078198	-0.047699	0.004184
932.898458	0.080023	-0.049501	0.005425
932.253389	0.079460	-0.048862	0.004695
931.624857	0.078185	-0.059617	0.004415
931.047390	0.078906	-0.049721	0.004755
930.478208	0.079572	-0.046263	0.005364
929.888219	0.079232	-0.047540	0.005863
929.250426	0.078704	-0.052740	0.006634
928.643449	0.081599	-0.060857	0.005699
928.031622	0.079875	-0.046772	0.003385
927.459960	0.080038	-0.066735	0.005024
926.829565	0.078514	-0.054680	0.004643
926.237942	0.078115	-0.066805	0.003108
925.594110	0.076840	-0.065117	0.005071
925.003622	0.079814	-0.064158	0.004633
924.398437	0.078312	-0.064788	0.009607
923.778979	0.078365	-0.076435	0.004567
923.158703	0.081518	-0.070023	0.005615
922.517764	0.080175	-0.071848	0.003973
921.929796	0.080453	-0.071593	0.006956
921.328105	0.079104	-0.075035	0.003644
920.671798	0.078909	-0.070836	0.005588
920.036696	0.077324	-0.086729	0.006312
919.503064	0.072025	-0.073896	0.005050
918.943182	0.079384	-0.082184	0.003904
918.324621	0.078873	-0.080704	0.005950
917.717788	0.078720	-0.073248	0.006578
917.129130	0.077235	-0.077738	0.006850
916.568835	0.080281	-0.072427	0.003475
915.941078	0.081524	-0.072817	0.004195
915.367730	0.078830	-0.067541	0.004951
914.778275	0.077175	-0.054805	0.003066
914.203878	0.076293	-0.049938	0.008081
913.642647	0.078873	-0.034646	0.008729
913.065264	0.078489	-0.032466	0.006728
912.446376	0.080204	-0.016511	0.004176
911.815957	0.077835	-0.008837	0.003516
911.248566	0.078943	0.016598	0.004392
910.636244	0.080124	0.028790	0.004028
910.028755	0.077177	0.023559	0.009179
909.388132	0.079449	0.042169	0.002875
908.757355	0.078565	0.053351	0.003051
908.182134	0.079055	0.072064	0.005157
907.599188	0.078022	0.066169	0.004218
906.956979	0.079384	0.067697	0.005833
906.347293	0.077742	0.050742	0.008052
905.767529	0.078512	0.023997	0.005292
905.176577	0.078833	0.005489	0.003452
904.552862	0.080375	-0.028479	0.006906
903.925522	0.081189	-0.062459	0.010368
903.285593	0.080097	-0.099229	0.004907
902.695827	0.079388	-0.128722	0.006856
902.087112	0.076845	-0.149862	0.005229
901.469229	0.077695	-0.183682	0.002872
900.856781	0.080136	-0.210182	0.003542
900.292544	0.078582	-0.234830	0.003684
899.676266	0.077735	-0.262248	0.005824
899.112533	0.078525	-0.287335	0.010377
898.484480	0.079508	-0.329423	0.006129
897.892019	0.080008	-0.347440	0.005188
897.319444	0.079243	-0.373804	0.007078
896.675851	0.079715	-0.415910	0.007201
896.062887	0.078624	-0.437805	0.005325
895.423212	0.077238	-0.457063	0.003988
894.783626	0.078049	-0.469451	0.005948
894.206685	0.078119	-0.468173	0.005739
893.565446	0.079301	-0.454616	0.004400
892.979195	0.078061	-0.430117	0.005016
892.385345	0.078039	-0.412388	0.005920
891.810256	0.078530	-0.376637	0.004342
891.194626	0.080262	-0.335743	0.008815
890.582950	0.079414	-0.289533	0.008058
889.986608	0.079510	-0.249491	0.003626
889.372180	0.077834	-0.213571	0.011773
888.787062	0.078378	-0.180284	0.005659
888.190382	0.077771	-0.135712	0.005394
887.568857	0.078827	-0.107682	0.009269
886.928547	0.078277	-0.065543	0.007857
886.328737	0.078649	-0.024639	0.004743
885.698874	0.081113	0.024152	0.011995
885.082194	0.078413	0.059534	0.008384
884.463816	0.079728	0.112031	0.006428
883.837935	0.077905	0.140566	0.010938
883.288413	0.077311	0.170204	0.008436
882.673658	0.078460	0.199213	0.005945
882.106938	0.080504	0.226554	0.007860
881.468833	0.079388	0.240916	0.004723
880.812331	0.077825	0.232468	0.007184
880.157966	0.078700	0.220461	0.006300
879.484803	0.077922	0.201437	0.003176
878.803835	0.078096	0.180364	0.004505
878.198842	0.079829	0.152253	0.005259
877.630378	0.077791	0.155616	0.004334
876.997481	0.080436	0.119531	0.008641
876.418018	0.072144	0.126089	0.008284
875.787996	0.077555	0.090847	0.004825
875.185815	0.078931	0.090414	0.004798
874.603733	0.079243	0.069680	0.005356
873.951554	0.079126	0.057612	0.004851
873.368702	0.079140	0.066912	0.006243
872.769439	0.080721	0.037768	0.005427
872.203901	0.077399	0.039779	0.003947
871.576138	0.079581	0.023802	0.009078
871.010025	0.079131	0.021143	0.004117
870.394493	0.078638	0.013636	0.005847
869.812678	0.080881	0.016255	0.008422
869.250164	0.079390	0.002004	0.004506
868.630532	0.078901	-0.019756	0.008634
868.037321	0.078841	-0.006217	0.005378
867.448702	0.079734	-0.026623	0.003948
866.862146	0.079444	-0.017129	0.003555
866.210516	0.079603	-0.016774	0.004872
865.597303	0.075981	-0.019726	0.004993
864.973306	0.077956	-0.017591	0.004442
864.333081	0.079008	-0.026936	0.006695
863.776619	0.078308	-0.014893	0.004256
863.178462	0.079769	-0.008430	0.007406
862.546790	0.079211	-0.009707	0.004091
861.949705	0.080111	-0.011521	0.008651
861.361542	0.078929	-0.006757	0.004199
860.735050	0.079546	-0.006896	0.004842
860.129364	0.077641	-0.001456	0.006344
859.545735	0.077180	-0.003052	0.006584
858.934605	0.079295	-0.002068	0.007455
858.366261	0.080077	0.004023	0.005096
857.756238	0.079330	0.002056	0.009094
857.176089	0.078726	-7.627702E-5	0.007292
856.544906	0.081393	0.001759	0.003441
855.921262	0.078237	0.012604	0.008003
855.345666	0.078452	0.012848	0.007814
854.718628	0.075862	0.007353	0.011578
854.094698	0.079157	0.009389	0.007184
853.512958	0.078783	0.005911	0.003463
852.957555	0.079228	0.011485	0.004076
852.333969	0.078464	0.006708	0.006941
851.717775	0.079546	0.006063	0.006037
851.124935	0.078485	0.009562	0.007033
850.485359	0.078975	0.024450	0.004707
849.909301	0.077692	0.010864	0.007002
849.329330	0.079073	0.018553	0.004543
848.733819	0.078554	0.015625	0.008155
848.130466	0.079485	0.005662	0.004108
847.573840	0.078529	0.013307	0.005372
846.973212	0.079625	0.019537	0.003764
846.368846	0.079653	0.017694	0.008281
845.741341	0.078551	0.008029	0.004552
845.113627	0.078856	0.005299	0.003926
844.537548	0.078211	0.018978	0.004761
843.906823	0.078985	0.020513	0.004418
843.316766	0.079223	0.030262	0.003408
842.690093	0.078666	0.018655	0.006378
842.110672	0.078595	0.018057	0.006737
841.484116	0.078295	0.017615	0.004929
840.863003	0.079064	0.019579	0.005488
840.285771	0.079588	0.024471	0.003891
839.662547	0.078882	0.017446	0.006097
839.091432	0.078330	0.019814	0.004181
838.488163	0.078353	0.023327	0.004259
837.885455	0.079990	0.016448	0.008727
837.254932	0.078256	0.024939	0.004026
836.624978	0.079502	0.022284	0.008081
836.046811	0.079548	0.009355	0.007844
835.424299	0.078519	0.018272	0.004219
834.810127	0.079265	0.028082	0.008860
834.223639	0.079490	0.013421	0.004673
833.658776	0.079895	0.028764	0.005873
833.039776	0.078589	0.026689	0.004252
832.437457	0.080019	0.022013	0.004632
831.832922	0.078555	0.021505	0.006222
831.211955	0.080440	0.032297	0.007162
830.639655	0.078923	0.020355	0.004251
830.019969	0.079567	0.027480	0.005704
829.452895	0.078785	0.019024	0.007153
828.842155	0.078596	0.010876	0.006099
828.263886	0.078935	0.027480	0.004038
827.658937	0.079316	0.029876	0.008241
827.073428	0.079812	0.021891	0.005158
826.451533	0.078187	0.025196	0.005045
825.836109	0.079714	0.026057	0.003644
825.250610	0.079180	0.023917	0.005984
824.649430	0.080423	0.022007	0.004909
824.030256	0.078552	0.024746	0.004281
823.450184	0.078084	0.025065	0.004892
822.880847	0.078691	0.024421	0.004639
822.262801	0.079571	0.026707	0.006841
821.673362	0.076513	0.017109	0.004857
821.070032	0.077438	0.023103	0.004152
820.471126	0.080344	0.023121	0.005211
819.859392	0.079143	0.027572	0.005895
819.258672	0.079382	0.026993	0.005386
818.651037	0.078612	0.026851	0.008381
818.031485	0.078435	0.038414	0.005760
817.443138	0.079869	0.037612	0.006263
816.870947	0.079173	0.028819	0.004893
816.251026	0.079965	0.036707	0.006271
815.606153	0.078831	0.040646	0.005486
815.032600	0.079740	0.041129	0.004570
814.455737	0.080033	0.028617	0.005193
813.853316	0.078944	0.038643	0.003720
813.219302	0.078948	0.034529	0.006862
812.596604	0.077570	0.045205	0.003537
812.005393	0.078817	0.055045	0.007058
811.483780	0.079016	0.050101	0.004530
810.866011	0.079260	0.050125	0.003843
810.276188	0.077085	0.054475	0.006946
809.703712	0.079213	0.066839	0.007359
809.139807	0.078690	0.065280	0.005478
808.541537	0.078324	0.062724	0.006664
807.927597	0.079817	0.065693	0.003714
807.334208	0.079249	0.066756	0.003579
806.698080	0.079620	0.073798	0.006110
806.115972	0.079903	0.077054	0.003455
805.492541	0.079241	0.074869	0.003407
804.902603	0.078310	0.073284	0.005145
804.295860	0.078841	0.069717	0.006298
803.718075	0.077764	0.073080	0.005833
803.128330	0.078069	0.071093	0.004737
802.496484	0.079968	0.075832	0.003316
801.868705	0.078156	0.081103	0.005078
801.266667	0.079848	0.077287	0.006850
800.644228	0.079701	0.080249	0.012820
800.029868	0.079172	0.082818	0.003512
799.408700	0.079137	0.089227	0.003682
798.826966	0.079959	0.087992	0.003298
798.267908	0.079178	0.081036	0.006511
797.656219	0.078770	0.088767	0.005070
797.045176	0.079470	0.099301	0.007107
796.456320	0.079582	0.101699	0.004804
795.823426	0.079203	0.108502	0.005077
795.218537	0.079031	0.113754	0.003777
794.628842	0.079492	0.124256	0.004277
793.991339	0.079084	0.120485	0.004414
793.406146	0.079357	0.137401	0.005030
792.820907	0.078642	0.142174	0.004771
792.205055	0.077532	0.147613	0.005796
791.580557	0.080424	0.164948	0.004037
790.963620	0.078274	0.174383	0.003377
790.374479	0.079396	0.174244	0.004022
789.820665	0.079507	0.183246	0.008170
789.237351	0.079299	0.186425	0.003224
788.643618	0.078010	0.181485	0.002884
788.040220	0.078338	0.166108	0.003603
787.479501	0.077938	0.154052	0.006932
786.895980	0.079576	0.125883	0.003249
786.294396	0.080175	0.102510	0.005974
785.707911	0.079959	0.066662	0.004807
785.082703	0.079057	0.030234	0.004661
784.501497	0.079758	0.002310	0.004441
783.861970	0.078731	-0.028066	0.003247
783.250882	0.077864	-0.062674	0.003618
782.679062	0.078620	-0.098359	0.006409
782.057686	0.079606	-0.127882	0.006333
781.465289	0.079401	-0.165395	0.005731
780.850477	0.080101	-0.190984	0.007679
780.242885	0.080227	-0.216934	0.003986
779.622676	0.079748	-0.236118	0.004269
779.065101	0.078976	-0.255579	0.003757
778.459764	0.078928	-0.254882	0.004146
777.875192	0.078655	-0.242282	0.006460
777.273998	0.078719	-0.223744	0.004628
776.651441	0.078781	-0.187908	0.009167
776.066407	0.078932	-0.154889	0.005336
775.515983	0.079523	-0.121687	0.004197
774.903249	0.079880	-0.078721	0.008237
774.306586	0.079855	-0.032599	0.004398
773.743091	0.078530	0.010827	0.006756
773.140614	0.079354	0.052807	0.008281
772.531833	0.077956	0.101113	0.006895
771.903070	0.079043	0.139535	0.005859
771.294994	0.079341	0.186299	0.006550
770.713480	0.079128	0.227321	0.005756
770.099082	0.080056	0.249286	0.006287
769.493139	0.078855	0.273298	0.003763
768.916591	0.079677	0.277296	0.003609
768.300196	0.079158	0.271698	0.003298
767.752608	0.078959	0.258984	0.004351
767.127193	0.079001	0.230676	0.005860
766.544937	0.079075	0.192675	0.005231
765.960210	0.080016	0.156331	0.006646
765.388878	0.080017	0.116331	0.005063
764.764332	0.079866	0.081516	0.005529
764.159024	0.078186	0.044002	0.006565
763.515696	0.078226	0.001468	0.003617
762.896143	0.078848	-0.027113	0.010482
762.329473	0.078840	-0.067301	0.006244
761.718458	0.078073	-0.096539	0.004428
761.145191	0.078848	-0.135775	0.002827
760.526157	0.079248	-0.164991	0.003278
759.961391	0.078927	-0.206376	0.009685
759.338003	0.078577	-0.231744	0.004738
758.729472	0.079193	-0.269966	0.005022
758.146082	0.077979	-0.298459	0.005290
757.543977	0.078337	-0.324896	0.003623
756.955962	0.078553	-0.344675	0.003694
756.320519	0.079950	-0.354874	0.002855
755.728894	0.079678	-0.357837	0.003568
755.083916	0.078630	-0.349902	0.003607
754.487171	0.078477	-0.333517	0.004197
753.895760	0.078447	-0.319707	0.003574
753.274518	0.079506	-0.296278	0.008665
752.670809	0.078730	-0.260921	0.006375
752.075236	0.077781	-0.239860	0.004125
751.483764	0.078687	-0.208254	0.006593
750.841160	0.077711	-0.182814	0.004206
750.243165	0.079340	-0.159109	0.004850
749.619698	0.079831	-0.131703	0.004693
749.016369	0.078968	-0.103181	0.005458
748.433459	0.079558	-0.089282	0.003821
747.830363	0.079622	-0.069612	0.003670
747.209047	0.077240	-0.042063	0.006185
746.579547	0.079101	-0.018383	0.010575
746.000332	0.079395	-0.000457	0.004922
745.361414	0.080700	0.023505	0.003380
744.747242	0.080673	0.038961	0.004732
744.161814	0.078642	0.045520	0.002901
743.539893	0.079175	0.062378	0.004818
742.982939	0.080229	0.060489	0.005441
742.365853	0.080546	0.059018	0.006506
741.755648	0.077989	0.058074	0.006338
741.114782	0.079198	0.057144	0.004501
740.542074	0.078588	0.053773	0.005446
739.926692	0.079714	0.040314	0.004229
739.265751	0.078977	0.035701	0.003268
738.687465	0.079182	0.032039	0.005254
738.065623	0.080028	0.024814	0.003870
737.513767	0.079564	0.015888	0.006557
736.876003	0.079209	0.011585	0.003959
736.268159	0.078528	0.009079	0.003972
735.638104	0.079922	0.001282	0.003546
734.988968	0.078592	0.007017	0.004229
734.394326	0.078286	0.008929	0.005711
733.749178	0.079263	0.003518	0.003911
733.168422	0.079305	-0.010176	0.005104
732.573476	0.076863	0.002746	0.003180
731.992716	0.078051	-0.011708	0.003436
731.374512	0.077424	-0.010420	0.004800
730.785006	0.079034	-0.010051	0.008225
730.213292	0.078383	-0.010288	0.004723
729.586892	0.078421	-0.008030	0.004591
729.021710	0.080485	-0.004645	0.005950
728.443887	0.080378	-0.010183	0.003766
727.846471	0.078192	-0.017633	0.007357
727.217651	0.080784	-0.020211	0.004358
726.658980	0.078908	-0.012435	0.005789
726.026607	0.078640	-0.013572	0.003441
725.418265	0.078134	-0.017649	0.004174
724.817675	0.079169	-0.018104	0.006060
724.192228	0.078433	-0.021964	0.007321
723.623841	0.079895	-0.018029	0.004832
722.992550	0.078592	-0.015231	0.007024
722.386966	0.079265	-0.020297	0.003737
721.814727	0.078496	-0.011173	0.004737
721.237080	0.080778	-0.019337	0.005576
720.625393	0.078616	-0.029226	0.006233
720.022438	0.079742	-0.028850	0.008952
719.426678	0.079501	-0.018180	0.004675
718.786162	0.077458	-0.024175	0.003113
718.204752	0.080338	-0.014408	0.004019
717.590009	0.080732	-0.018568	0.002871
716.956572	0.078453	-0.014814	0.003854
716.301351	0.080250	-0.020758	0.006103
715.647544	0.080523	-0.024526	0.004217
715.037143	0.081724	-0.027974	0.003296
714.461378	0.081544	-0.012666	0.005731
713.795680	0.078050	-0.029307	0.004995
713.177992	0.079397	-0.016661	0.006787
712.540889	0.079848	-0.020577	0.004948
711.877502	0.080410	-0.020925	0.004717
711.282800	0.080067	-0.020761	0.003418
710.700297	0.078613	-0.023566	0.004204
710.088304	0.079643	-0.022470	0.004552
709.422266	0.080779	-0.023625	0.006848
708.762663	0.078863	-0.024560	0.005569
708.183964	0.078813	-0.019642	0.004186
707.613327	0.079302	-0.026801	0.003748
706.983748	0.079532	-0.022812	0.006302
706.326249	0.078974	-0.027531	0.009236
705.688600	0.079797	-0.026999	0.006431
705.022616	0.079969	-0.023889	0.004734
704.450311	0.078454	-0.025888	0.003624
703.753195	0.077523	-0.028197	0.004654
703.121733	0.079787	-0.026157	0.004011
702.475165	0.078537	-0.025896	0.005377
701.807624	0.080263	-0.020586	0.003979
701.219211	0.080282	-0.022438	0.005971
700.633466	0.079457	-0.024380	0.004022
700.029331	0.079305	-0.025086	0.003774
699.402265	0.079041	-0.015458	0.008037
698.761732	0.079349	-0.036159	0.005575
698.130547	0.078944	-0.022321	0.004192
697.570300	0.078901	-0.029000	0.003418
696.977015	0.078357	-0.021519	0.004526
696.344990	0.077594	-0.014987	0.003457
695.717829	0.078369	-0.016735	0.006657
695.073694	0.079271	-0.004804	0.005917
694.489216	0.078091	-0.002337	0.005111
693.892876	0.079245	-0.004942	0.003422
693.324767	0.079504	0.023449	0.004442
692.670823	0.082062	0.029985	0.004899
691.996828	0.079091	0.044341	0.004748
691.443696	0.076891	0.062690	0.006521
690.819705	0.079246	0.075463	0.004234
690.248228	0.076805	0.096182	0.004097
689.665329	0.078242	0.106051	0.005227
689.063610	0.079076	0.126902	0.004728
688.450458	0.078682	0.122858	0.006327
687.870620	0.078442	0.115516	0.005215
687.318312	0.079398	0.097690	0.003108
686.712882	0.081307	0.080535	0.005866
686.058097	0.078966	0.041525	0.005237
685.452650	0.080050	0.011554	0.005196
684.819182	0.076999	-0.029501	0.006643
684.229054	0.079433	-0.069379	0.005674
683.609717	0.077412	-0.107210	0.005517
682.971384	0.077279	-0.137455	0.005606
682.345925	0.081729	-0.168300	0.008367
681.787637	0.079699	-0.202918	0.005653
681.217082	0.077780	-0.234851	0.003715
680.625473	0.078014	-0.272169	0.006433
680.011926	0.078406	-0.295128	0.004607
679.386001	0.079692	-0.330879	0.003687
678.813281	0.079612	-0.343893	0.006806
678.195167	0.080461	-0.356414	0.003770
677.605449	0.079831	-0.360005	0.004626
677.008149	0.081365	-0.353909	0.003792
676.434116	0.080188	-0.336070	0.005962
675.835137	0.077096	-0.308985	0.006407
675.191581	0.076674	-0.265632	0.004256
674.586559	0.077904	-0.225580	0.013071
673.949606	0.078015	-0.178532	0.007473
673.375674	0.078390	-0.141190	0.005010
672.739451	0.078418	-0.089783	0.007850
672.108821	0.080932	-0.048578	0.006766
671.501171	0.077216	-0.002082	0.004213
670.903673	0.079018	0.039453	0.004317
670.337418	0.079108	0.078870	0.006439
669.721487	0.079087	0.114277	0.002918
669.133367	0.076126	0.157302	0.004918
668.502284	0.078591	0.188295	0.006220
667.923953	0.077108	0.202496	0.003731
667.335404	0.079971	0.207663	0.003313
666.731265	0.077846	0.213009	0.003347
666.083011	0.081388	0.203204	0.004826
665.455445	0.079869	0.176866	0.006079
664.879760	0.081106	0.157600	0.006883
664.252019	0.079693	0.139747	0.004306
663.631767	0.079783	0.117233	0.005439
663.009854	0.078052	0.102931	0.004408
662.436799	0.078843	0.079654	0.003690
661.803255	0.077743	0.076667	0.005826
661.222600	0.079510	0.052551	0.005030
660.637785	0.077592	0.038465	0.004993
660.057799	0.078036	0.034085	0.003498
659.485473	0.078330	0.027351	0.005551
658.883459	0.078626	0.015011	0.004723
658.311203	0.082905	-0.006582	0.004906
657.670416	0.080624	-0.010674	0.003831
657.099974	0.077978	-0.022909	0.004668
656.527041	0.081243	-0.022916	0.003559
655.961068	0.082197	-0.030880	0.003830
655.390525	0.080395	-0.048393	0.003913
654.795466	0.079937	-0.043408	0.005391
654.196295	0.078752	-0.040412	0.004902
653.570516	0.081018	-0.044725	0.004572
652.990905	0.080605	-0.044040	0.004331
652.327720	0.079114	-0.041469	0.005983
651.734998	0.081979	-0.035893	0.003907
651.136937	0.078609	-0.026804	0.003028
650.525556	0.081134	-0.024939	0.003781
649.921247	0.079215	-0.023567	0.005401
649.353166	0.079699	-0.013585	0.004359
648.797667	0.079258	-0.016320	0.004659
648.186851	0.079591	-0.020384	0.003839
647.573719	0.079328	-0.020908	0.007539
646.950122	0.080321	-0.015673	0.006025
646.310534	0.080644	-0.006796	0.004501
645.742678	0.076790	-0.015606	0.003416
645.167627	0.081745	-0.009219	0.004642
644.597836	0.077078	-0.002696	0.004672
644.007921	0.078654	-0.010555	0.004118
643.451778	0.079118	-0.013101	0.003280
642.873699	0.079492	-0.010548	0.004803
642.294508	0.082379	-0.001542	0.005808
641.686933	0.080159	0.007199	0.007362
641.074737	0.081154	0.000384	0.006478
640.491208	0.078738	-0.008647	0.005364
639.860959	0.079146	-0.004731	0.005048
639.278532	0.078218	0.000850	0.008382
638.656657	0.078126	0.004489	0.006235
638.097609	0.080488	-0.003099	0.005633
637.523550	0.080354	0.000298	0.003555
636.919272	0.081411	0.003926	0.002818
636.328003	0.079495	-0.002071	0.004097
635.712795	0.081163	0.003108	0.003001
635.138780	0.076602	-0.008283	0.006650
635.414638	0.079289	0.008677	0.003814
636.026923	0.078624	0.009764	0.003815
636.682639	0.079237	0.010517	0.004169
637.260279	0.078121	0.001843	0.006993
637.847353	0.080214	0.003719	0.004169
638.451807	0.077669	1.626774E-5	0.004391
639.079237	0.081334	-0.002196	0.006799
639.677086	0.078744	-8.658126E-5	0.004539
640.243395	0.078850	-0.001883	0.004128
640.881415	0.080273	-0.008033	0.006242
641.512771	0.079777	-0.002000	0.004873
642.161792	0.079188	-0.005669	0.005848
642.790084	0.080154	-0.004371	0.004202
643.349846	0.080347	-0.004806	0.003721
643.923626	0.079762	-0.000467	0.004123
644.558431	0.078018	-0.003298	0.005880
645.167880	0.078252	-0.003929	0.003775
645.745513	0.079474	-0.002682	0.005661
646.346752	0.078800	-0.010664	0.003856
646.960020	0.081162	-0.008325	0.007086
647.564025	0.080325	-0.012805	0.004267
648.197610	0.077705	-0.018866	0.004428
648.774044	0.078358	-0.015860	0.004221
649.376659	0.077949	-0.020012	0.004545
649.982783	0.078508	-0.019876	0.003349
650.616009	0.080223	-0.019999	0.004081
651.205082	0.079858	-0.032435	0.004955
651.778728	0.081156	-0.029804	0.005330
652.387922	0.078667	-0.036962	0.003674
653.020769	0.080616	-0.034705	0.004335
653.604581	0.080685	-0.040096	0.004426
654.172128	0.077305	-0.047925	0.005661
654.804061	0.078727	-0.039703	0.009917
655.410236	0.079278	-0.047707	0.004843
655.989226	0.079804	-0.035501	0.004069
656.567663	0.076104	-0.020537	0.004026
657.164822	0.078377	-0.015874	0.004474
657.801094	0.077299	-0.004958	0.004302
658.387315	0.079848	0.004408	0.004939
659.024486	0.078402	0.016996	0.006054
659.601838	0.080504	0.027196	0.003168
660.176580	0.081293	0.035903	0.005417
660.729424	0.077851	0.042534	0.005261
661.304293	0.077428	0.055507	0.005089
661.920430	0.079778	0.078078	0.006046
662.490624	0.081160	0.073934	0.006260
663.114191	0.077575	0.100301	0.005901
663.699184	0.079048	0.115380	0.005723
664.304217	0.077925	0.136613	0.006927
664.879296	0.081007	0.150677	0.007849
665.465878	0.080024	0.165633	0.004086
666.054258	0.077693	0.190763	0.004661
666.657935	0.078696	0.202654	0.004777
667.238527	0.077378	0.213321	0.006156
667.810621	0.074578	0.209459	0.004991
668.407894	0.076725	0.198576	0.005968
668.987404	0.078057	0.178801	0.004238
669.626746	0.077520	0.136567	0.004355
670.207076	0.078702	0.101865	0.005358
670.812959	0.078729	0.059609	0.009025
671.401729	0.078286	0.021538	0.007399
672.020054	0.078914	-0.027272	0.008980
672.655112	0.078491	-0.073136	0.010649
673.220338	0.077331	-0.117950	0.007554
673.816773	0.077012	-0.159382	0.007203
674.429062	0.077847	-0.199671	0.006615
675.044998	0.079773	-0.236656	0.004721
675.632304	0.079227	-0.275640	0.006166
676.263465	0.077656	-0.325871	0.004338
676.847295	0.079984	-0.335313	0.004242
677.430092	0.080085	-0.352105	0.004331
678.032838	0.079714	-0.360947	0.004195
678.597192	0.077506	-0.358089	0.005170
679.213993	0.078905	-0.338944	0.008643
679.807971	0.078669	-0.320783	0.005764
680.380192	0.078388	-0.302768	0.003452
680.988869	0.079358	-0.272047	0.006355
681.554056	0.079939	-0.228970	0.006503
682.145211	0.079844	-0.202351	0.005744
682.742923	0.077462	-0.167354	0.004907
683.351865	0.079198	-0.132713	0.004577
683.937802	0.078835	-0.098487	0.006738
684.565333	0.079573	-0.063701	0.010224
685.167425	0.078379	-0.013935	0.005731
685.761479	0.078031	0.009083	0.008119
686.369801	0.079064	0.055449	0.004347
686.934478	0.081065	0.078618	0.005502
687.485541	0.077210	0.108935	0.006444
688.080252	0.080106	0.122886	0.005168
688.729324	0.077738	0.122650	0.004198
689.303060	0.078171	0.125650	0.006234
689.921672	0.078112	0.111176	0.004993
690.579885	0.079287	0.086351	0.004078
691.218022	0.078691	0.080046	0.004868
691.836022	0.079707	0.064297	0.007730
692.432450	0.078070	0.040095	0.004780
693.040931	0.079268	0.032613	0.004120
693.690234	0.081243	0.012047	0.006789
694.272682	0.080526	0.000372	0.004371
694.846180	0.079436	-0.008586	0.006369
695.474002	0.080058	-0.018191	0.005917
696.089418	0.080751	-0.022642	0.003748
696.716705	0.078995	-0.027658	0.007193
697.368668	0.080177	-0.019430	0.007220
697.950387	0.080128	-0.032085	0.006463
698.525194	0.080798	-0.028700	0.003686
699.092977	0.080721	-0.026829	0.003954
699.701968	0.078831	-0.021544	0.003793
700.289505	0.078330	-0.035920	0.004369
700.842679	0.081907	-0.025717	0.003752
701.454277	0.080290	-0.028484	0.003931
702.075378	0.077744	-0.019953	0.003365
702.690067	0.079874	-0.021555	0.003082
703.270114	0.079869	-0.021382	0.006876
703.908339	0.079291	-0.022453	0.006152
704.512355	0.080526	-0.027335	0.003272
705.130058	0.077829	-0.018037	0.004205
705.691135	0.082656	-0.023251	0.005044
706.250569	0.079726	-0.018524	0.006720
706.823806	0.080083	-0.025232	0.003780
707.444963	0.078751	-0.023131	0.003083
708.027898	0.078685	-0.021712	0.003202
708.618290	0.078000	-0.027205	0.004490
709.255672	0.078891	-0.014450	0.007575
709.849584	0.077764	-0.022453	0.005517
710.460786	0.081420	-0.021975	0.004539
711.088495	0.080092	-0.024638	0.004755
711.654359	0.078977	-0.019752	0.004846
712.275077	0.080345	-0.019538	0.005302
712.860510	0.079222	-0.020935	0.006474
713.490852	0.079671	-0.021857	0.004483
714.071959	0.079540	-0.023064	0.003743
714.692706	0.077148	-0.024392	0.005606
715.331373	0.079578	-0.022338	0.003207
715.926840	0.079372	-0.026733	0.003761
716.525580	0.079755	-0.025498	0.005347
717.087577	0.077620	-0.017804	0.005638
717.689671	0.080925	-0.019076	0.004340
718.322643	0.079324	-0.024234	0.006401
718.917783	0.080477	-0.015384	0.005863
719.579699	0.080039	-0.019631	0.007306
720.146603	0.079913	-0.026015	0.004768
720.753121	0.078853	-0.019511	0.004667
721.376474	0.079077	-0.018421	0.003684
721.985402	0.079083	-0.021403	0.007418
722.563047	0.080817	-0.013899	0.003081
723.202365	0.080000	-0.007504	0.004196
723.836975	0.079006	-0.015695	0.004415
724.444365	0.079636	-0.017888	0.005196
725.066723	0.081840	-0.014657	0.006275
725.614532	0.079353	-0.011378	0.005462
726.183313	0.079978	-0.015667	0.004946
726.803780	0.079594	-0.020492	0.006249
727.440116	0.079255	-0.015121	0.003079
727.991909	0.078347	-0.021134	0.006058
728.581269	0.079834	-0.015791	0.003766
729.170635	0.079682	-0.011812	0.007249
729.806036	0.078605	-0.006590	0.003171
730.411434	0.077548	-0.005538	0.003044
730.993567	0.079071	-0.005508	0.003920
731.627721	0.079513	0.000805	0.005873
732.204498	0.079138	-0.008729	0.003746
732.802339	0.078512	-0.005529	0.005284
733.404624	0.078023	0.001833	0.006370
734.021672	0.080370	-0.003944	0.003965
734.623484	0.078414	0.004477	0.002913
735.218908	0.078327	0.005732	0.003914
735.828178	0.079679	0.005016	0.004522
736.412238	0.079983	0.008506	0.006325
737.015867	0.078358	0.019908	0.008131
737.623567	0.079317	0.020819	0.005777
738.257616	0.078600	0.030873	0.005468
738.817620	0.078279	0.029409	0.003639
739.387275	0.079420	0.031253	0.003733
740.000404	0.079078	0.042306	0.003233
740.608901	0.076820	0.049636	0.003867
741.243184	0.078878	0.055095	0.004558
741.824577	0.078135	0.066051	0.006069
742.453841	0.078788	0.070035	0.002933
743.053713	0.079785	0.068008	0.006050
743.647836	0.079734	0.061959	0.004831
744.294144	0.079307	0.054662	0.003058
744.920786	0.077196	0.035202	0.003680
745.519066	0.080032	0.027657	0.003206
746.180621	0.077682	-0.000733	0.004938
746.794360	0.075844	-0.016024	0.006706
747.380300	0.078139	-0.040536	0.006394
748.019568	0.079901	-0.063855	0.003165
748.635836	0.076981	-0.092164	0.006736
749.275011	0.080310	-0.108812	0.005471
749.883648	0.080312	-0.133925	0.004672
750.460423	0.078668	-0.157759	0.003971
751.027105	0.079830	-0.172321	0.006678
751.655275	0.080101	-0.205594	0.004870
752.277799	0.079212	-0.233323	0.005081
752.842130	0.079074	-0.259782	0.006449
753.452880	0.078636	-0.288360	0.005092
754.046066	0.078864	-0.309795	0.004825
754.646580	0.079207	-0.332538	0.003819
755.219209	0.077764	-0.353559	0.004257
755.791839	0.078897	-0.360325	0.003403
756.397497	0.080114	-0.364649	0.004840
757.006447	0.080263	-0.344281	0.004370
757.606197	0.076801	-0.332059	0.003473
758.167805	0.078402	-0.311200	0.003866
758.785146	0.078831	-0.276881	0.004420
759.427580	0.080222	-0.244301	0.003814
760.020909	0.080441	-0.203217	0.009727
760.669673	0.078595	-0.171174	0.008298
761.242579	0.079126	-0.136043	0.005017
761.845993	0.079012	-0.092349	0.005971
762.458147	0.078400	-0.070299	0.007667
763.086147	0.079316	-0.031504	0.007842
763.669726	0.077524	-0.003825	0.005191
764.252067	0.078608	0.031261	0.005881
764.868314	0.078164	0.076270	0.005203
765.484881	0.079309	0.108699	0.006027
766.073983	0.079923	0.143860	0.004138
766.652542	0.079545	0.187528	0.004485
767.238920	0.080329	0.225315	0.005774
767.861469	0.079087	0.256522	0.005450
768.441617	0.078274	0.270949	0.003149
769.067383	0.078750	0.278697	0.004460
769.667672	0.078498	0.270225	0.003385
770.264707	0.079098	0.247528	0.007101
770.890012	0.080089	0.218307	0.008980
771.506275	0.080654	0.182083	0.004985
772.082330	0.078311	0.139070	0.007940
772.654121	0.078285	0.104243	0.005220
773.284966	0.078952	0.066024	0.007058
773.925044	0.078965	0.005043	0.003607
774.509756	0.078323	-0.035602	0.008831
775.069496	0.077841	-0.075630	0.004284
775.659534	0.078800	-0.115407	0.007503
776.255670	0.078902	-0.150658	0.005094
776.851185	0.079747	-0.201604	0.004376
777.431582	0.079118	-0.223624	0.003101
778.014977	0.080839	-0.254858	0.004603
778.623525	0.078871	-0.263138	0.004795
779.199149	0.075071	-0.254727	0.004553
779.841424	0.079648	-0.243589	0.004597
780.406619	0.080215	-0.233386	0.005319
780.992438	0.080119	-0.200978	0.003793
781.588757	0.078878	-0.170470	0.002871
782.164458	0.079459	-0.140010	0.004382
782.768010	0.079567	-0.109125	0.003725
783.332863	0.079315	-0.069420	0.006431
783.971782	0.078489	-0.030519	0.003446
784.580813	0.079372	-0.003219	0.011905
785.232826	0.078278	0.034823	0.003041
785.814998	0.079489	0.068385	0.005647
786.419738	0.079336	0.103369	0.004639
787.043624	0.079530	0.133280	0.006406
787.645189	0.079031	0.142748	0.008891
788.243435	0.079028	0.166982	0.002960
788.826903	0.079168	0.179835	0.003204
789.434977	0.078652	0.179356	0.005483
790.053941	0.078115	0.183836	0.005881
790.631939	0.078898	0.174897	0.007964
791.172563	0.079764	0.175207	0.008239
791.788904	0.079120	0.167777	0.005519
792.441908	0.079614	0.149205	0.003883
793.046401	0.078494	0.139532	0.007214
793.707623	0.078228	0.133763	0.004117
794.289681	0.079308	0.125586	0.004500
794.925301	0.078048	0.116317	0.006642
795.531176	0.077274	0.112847	0.004110
796.107961	0.079222	0.100719	0.004475
796.695871	0.079106	0.102769	0.005244
797.321749	0.079522	0.107864	0.003100
797.918429	0.079494	0.096450	0.003682
798.546231	0.079729	0.091446	0.003921
799.169178	0.080457	0.086749	0.003659
799.740455	0.079862	0.086416	0.004925
800.332903	0.077949	0.087426	0.003682
800.976908	0.078035	0.082901	0.005394
801.573065	0.079192	0.081718	0.006331
802.178632	0.078982	0.078970	0.004668
802.751584	0.079109	0.074890	0.005213
803.391947	0.078709	0.079953	0.004762
804.014084	0.078187	0.075314	0.005028
804.610435	0.079314	0.084306	0.005105
805.195099	0.079095	0.073149	0.004115
805.833159	0.078327	0.073918	0.005472
806.450145	0.078864	0.068337	0.004876
807.062260	0.078017	0.080302	0.004735
807.665651	0.078956	0.074380	0.007019
808.233902	0.077045	0.064933	0.005759
808.820015	0.079660	0.068654	0.004320
809.443173	0.079537	0.058923	0.004947
810.044299	0.079726	0.059776	0.004606
810.600860	0.080162	0.059013	0.003152
811.206946	0.077870	0.054983	0.004178
811.756328	0.079200	0.051459	0.005727
812.397785	0.079122	0.041348	0.003617
812.978353	0.080199	0.045618	0.008256
813.537517	0.079852	0.045753	0.004545
814.118248	0.079539	0.040542	0.006363
814.740811	0.079640	0.037396	0.004699
815.335994	0.078466	0.035642	0.003807
815.919929	0.079722	0.031100	0.005656
816.478584	0.079376	0.029894	0.004787
817.070222	0.079216	0.033443	0.004185
817.697847	0.078413	0.035436	0.004334
818.274898	0.078039	0.034249	0.004146
818.860533	0.078972	0.028494	0.004046
819.464405	0.078432	0.028784	0.005082
820.113304	0.079122	0.031759	0.002875
820.695763	0.078259	0.027481	0.003669
821.267013	0.080090	0.030891	0.007584
821.885442	0.078761	0.026191	0.004731
822.517708	0.079427	0.029252	0.005695
823.170985	0.080077	0.028946	0.002818
823.826546	0.079194	0.026778	0.003244
824.470501	0.079192	0.027543	0.005190
825.039260	0.077920	0.028494	0.003476
825.603984	0.077874	0.023647	0.003393
826.175808	0.078881	0.021324	0.004510
826.755345	0.079493	0.021652	0.003561
827.330341	0.080044	0.024804	0.004941
827.938348	0.080631	0.013900	0.004345
828.545856	0.079096	0.027043	0.006438
829.137063	0.077164	0.022754	0.004094
829.710895	0.077485	0.023876	0.004101
830.343110	0.078341	0.026435	0.006999
830.952955	0.078756	0.024406	0.005115
831.550761	0.078283	0.019372	0.004735
832.125434	0.079783	0.016316	0.007457
832.688369	0.079756	0.027670	0.005811
833.333102	0.079656	0.019298	0.003947
833.929110	0.079875	0.015716	0.004245
834.542205	0.078537	0.026235	0.007508
835.118215	0.078995	0.024726	0.005817
835.732835	0.079144	0.025608	0.005340
836.334905	0.079154	0.022076	0.004179
836.985718	0.079467	0.017970	0.005729
837.576528	0.080267	0.027089	0.005362
838.157730	0.079340	0.020825	0.006310
838.784677	0.079379	0.019273	0.006808
839.375101	0.078911	0.020707	0.003922
839.984050	0.077984	0.018153	0.003650
840.535621	0.077972	0.019051	0.009617
841.122407	0.077598	0.029598	0.004025
841.723070	0.079568	0.022628	0.006792
842.321180	0.079630	0.020654	0.004826
842.914704	0.079474	0.024455	0.007554
843.489599	0.077760	0.017888	0.005908
844.105675	0.079590	0.011878	0.008561
844.701907	0.079844	0.020341	0.005024
845.296602	0.077545	0.015648	0.005425
845.938664	0.081103	0.007282	0.002870
846.527656	0.078395	0.002029	0.004786
847.123596	0.078998	0.015846	0.006391
847.696617	0.079014	0.009606	0.003915
848.277940	0.079915	0.013219	0.009231
848.856617	0.080128	0.005735	0.006068
849.484615	0.078820	0.007442	0.005284
850.089380	0.078379	0.010907	0.003177
850.720895	0.076555	0.006640	0.006988
851.341997	0.077747	0.006983	0.005694
851.921367	0.079253	0.007156	0.004520
852.538704	0.079032	0.008676	0.003544
853.151478	0.079184	0.015902	0.004547
853.753928	0.080461	0.002199	0.008415
854.326267	0.080054	0.005016	0.008629
854.894910	0.078229	-0.000184	0.004993
855.523960	0.079730	0.005867	0.007385
856.119884	0.078696	-0.002465	0.005378
856.732174	0.079795	-0.000741	0.004374
857.303276	0.078311	0.006567	0.004049
857.898894	0.078143	0.006669	0.007661
858.506044	0.079178	-0.006434	0.005706
859.138762	0.079446	0.003514	0.007071
859.711226	0.080610	-0.000433	0.003709
860.332756	0.078881	0.005417	0.004862
860.976324	0.079899	0.003994	0.006434
861.591744	0.074133	-0.016443	0.003257
862.164640	0.076593	-0.016414	0.003756
862.712396	0.078959	-0.018864	0.003626
863.338020	0.080552	-0.010460	0.004177
863.929236	0.081002	-0.014097	0.003425
864.527676	0.078176	-0.020898	0.004476
865.097878	0.080097	-0.010221	0.004993
865.699329	0.080162	-0.022448	0.006220
866.350617	0.078072	-0.032269	0.004785
866.934892	0.079245	-0.015995	0.006546
867.571420	0.079840	-0.020032	0.007393
868.151556	0.079535	-0.009967	0.005680
868.785964	0.079684	-0.006616	0.003236
869.358150	0.080063	0.002101	0.004540
869.958473	0.078836	0.000492	0.004630
870.546857	0.079251	0.011991	0.007652
871.116355	0.078388	0.024315	0.009734
871.690830	0.077436	0.046271	0.006748
872.278578	0.079188	0.037195	0.004904
872.860007	0.079261	0.041608	0.006666
873.415406	0.079376	0.048272	0.004149
874.046988	0.079660	0.061044	0.004615
874.663797	0.078096	0.077654	0.004973
875.311811	0.078788	0.084450	0.003311
875.895381	0.079725	0.095367	0.004700
876.470872	0.078691	0.113832	0.006527
877.075964	0.077763	0.131644	0.004514
877.689488	0.079672	0.146498	0.004415
878.286510	0.079411	0.159136	0.005082
878.902120	0.079955	0.173066	0.006545
879.551216	0.079075	0.203671	0.004397
880.157222	0.078523	0.222727	0.006549
880.779416	0.077142	0.227743	0.011098
881.382806	0.078447	0.237601	0.003575
881.979084	0.078546	0.224290	0.006236
882.628970	0.076314	0.207766	0.004939
883.218767	0.078098	0.177016	0.007166
883.861573	0.077097	0.155255	0.003885
884.481666	0.080692	0.111829	0.005570
885.062685	0.080228	0.072751	0.010829
885.682811	0.078974	0.026627	0.004565
886.250107	0.080061	0.008714	0.010593
886.850570	0.078521	-0.049010	0.005411
887.433896	0.077584	-0.070539	0.006348
888.032967	0.076408	-0.119138	0.003600
888.660166	0.078049	-0.153391	0.009120
889.261561	0.080730	-0.196535	0.006544
889.868526	0.079177	-0.236694	0.012844
890.437785	0.079970	-0.276827	0.006685
891.087341	0.081232	-0.310168	0.007843
891.706280	0.077919	-0.358780	0.006203
892.279352	0.078501	-0.381516	0.003709
892.848008	0.077209	-0.423204	0.003977
893.461727	0.076999	-0.443742	0.003078
894.069922	0.077641	-0.461312	0.003543
894.641375	0.076177	-0.471073	0.008079
895.276322	0.079769	-0.465171	0.004550
895.901220	0.079351	-0.450458	0.003114
896.505505	0.081141	-0.424645	0.008202
897.113142	0.080089	-0.399747	0.005579
897.701888	0.079250	-0.377722	0.008581
898.266012	0.077891	-0.345179	0.003539
898.844355	0.079131	-0.318464	0.003660
899.470689	0.078029	-0.289476	0.003844
900.086159	0.079438	-0.260544	0.005739
900.691080	0.079164	-0.217717	0.004744
901.270902	0.078107	-0.213044	0.003744
901.890415	0.078594	-0.174189	0.008231
902.515860	0.079787	-0.142020	0.005315
903.098176	0.079649	-0.117190	0.005545
903.684056	0.078654	-0.093998	0.006151
904.292815	0.079957	-0.060127	0.003568
904.904594	0.079677	-0.020227	0.004022
905.521637	0.078202	0.000824	0.008617
906.141333	0.080592	0.038947	0.003391
906.741529	0.078748	0.052019	0.004399
907.378742	0.079375	0.068633	0.006632
907.963617	0.079688	0.065504	0.004515
908.585040	0.080118	0.066781	0.011890
909.209518	0.077004	0.041101	0.006210
909.780124	0.079152	0.044383	0.010385
910.386661	0.077696	0.033777	0.003620
911.025689	0.079861	0.021981	0.003806
911.633475	0.078624	0.001389	0.005755
912.213451	0.077423	-0.002804	0.003933
912.836220	0.078234	-0.017961	0.009750
913.461228	0.079473	-0.020117	0.004554
914.041737	0.080052	-0.042975	0.006803
914.661417	0.077506	-0.042234	0.006442
915.234633	0.076304	-0.063026	0.003705
915.836381	0.080234	-0.060348	0.007180
916.410829	0.081271	-0.068888	0.006373
917.016681	0.078946	-0.077539	0.004623
917.572801	0.081018	-0.078338	0.011413
918.178810	0.079422	-0.087838	0.006175
918.799003	0.079673	-0.084341	0.007408
919.392744	0.080229	-0.076678	0.004750
919.939455	0.078700	-0.083899	0.005892
920.502667	0.077138	-0.081460	0.007587
921.124499	0.081346	-0.079281	0.005471
921.735671	0.080367	-0.075859	0.005343
922.361107	0.079566	-0.071789	0.004460
922.925337	0.080339	-0.069322	0.003806
923.540734	0.077997	-0.065742	0.004178
924.145578	0.079420	-0.069870	0.005670
924.755908	0.077953	-0.060158	0.003449
925.378226	0.079764	-0.056804	0.004438
925.948336	0.078256	-0.055324	0.005768
926.563075	0.077566	-0.059055	0.003881
927.163803	0.077969	-0.068629	0.005361
927.797004	0.079673	-0.050140	0.006168
928.435530	0.077723	-0.052846	0.004467
929.006220	0.076699	-0.051920	0.008020
929.605277	0.080683	-0.049110	0.004461
930.209982	0.081049	-0.056220	0.004336
930.835968	0.078118	-0.048259	0.007166
931.383235	0.079061	-0.051857	0.004493
931.969910	0.080580	-0.060173	0.005154
932.555887	0.080873	-0.048285	0.006699
933.162131	0.078373	-0.044821	0.004361
933.754048	0.078268	-0.051216	0.003478
934.322775	0.080743	-0.044616	0.007894
934.952054	0.081016	-0.047988	0.006237
935.551311	0.078309	-0.044918	0.003899
936.179491	0.080236	-0.051994	0.004650
936.741837	0.079990	-0.046175	0.005410
937.320305	0.081153	-0.046832	0.006905
937.942967	0.079255	-0.036022	0.008523
938.592031	0.078132	-0.043278	0.007108
939.203813	0.078866	-0.040975	0.005821
939.788325	0.075672	-0.050524	0.005866
940.404223	0.079766	-0.041653	0.005102
941.010468	0.078361	-0.043275	0.008553
941.558738	0.078680	-0.042739	0.003676
942.095862	0.078535	-0.041423	0.006993
942.661908	0.079716	-0.043081	0.004393
943.326700	0.079558	-0.038484	0.005443
943.937175	0.079836	-0.041132	0.003212
944.501029	0.079767	-0.038072	0.005465
945.063395	0.077854	-0.032641	0.003572
945.675407	0.077638	-0.037136	0.007230
946.278162	0.082239	-0.037383	0.003653
946.895555	0.080217	-0.040950	0.005454
947.550955	0.079216	-0.043490	0.004491
948.111366	0.078462	-0.031748	0.003932
948.696302	0.076264	-0.034794	0.004800
949.350703	0.080743	-0.042851	0.004692
949.967979	0.079152	-0.030654	0.004478
950.563971	0.076573	-0.043928	0.007383
951.188145	0.077036	-0.034490	0.005780
951.818077	0.079363	-0.040040	0.007583
952.406386	0.078937	-0.033177	0.004858
953.044074	0.080496	-0.037250	0.006765
953.613039	0.080996	-0.032988	0.003576
954.196477	0.080667	-0.035370	0.004792
954.777251	0.078052	-0.042664	0.005977
955.401967	0.078599	-0.037760	0.006505
955.965938	0.078242	-0.039031	0.007282
956.565788	0.080289	-0.035959	0.004982
957.178611	0.077403	-0.040906	0.006949
957.804464	0.078223	-0.042200	0.004153
958.415801	0.077345	-0.034776	0.003200
958.989320	0.080842	-0.037723	0.005102
959.611045	0.077947	-0.037231	0.006434
960.240447	0.079410	-0.038247	0.005233
960.841298	0.078948	-0.039935	0.004041
961.425918	0.078527	-0.035670	0.004432
962.015188	0.075911	-0.029330	0.005383
962.626007	0.076794	-0.037279	0.004045
963.207695	0.081168	-0.037580	0.007900
963.832019	0.077795	-0.040089	0.004640
964.418529	0.079280	-0.037734	0.005998
965.000036	0.074006	-0.028945	0.006123
964.527324	0.081654	-0.033638	0.003604
963.898762	0.080582	-0.040034	0.004652
963.296913	0.081855	-0.029956	0.003244
962.725446	0.073093	-0.031796	0.006545
962.137691	0.078614	-0.028256	0.007821
961.524534	0.076730	-0.035715	0.003628
960.921941	0.077275	-0.039545	0.003913
960.347286	0.078965	-0.037558	0.006558
959.737275	0.077559	-0.029429	0.004597
959.133099	0.077970	-0.041457	0.007130
958.529519	0.078546	-0.033022	0.003996
957.906420	0.081527	-0.036493	0.002896
957.334444	0.080757	-0.038339	0.004601
956.695256	0.080094	-0.043238	0.007912
956.064046	0.079956	-0.037596	0.008066
955.429881	0.079608	-0.030004	0.004871
954.831221	0.078384	-0.049608	0.006196
954.242887	0.079482	-0.033456	0.003798
953.644780	0.078211	-0.035288	0.004677
953.033651	0.081566	-0.045754	0.005060
952.402701	0.079001	-0.053397	0.006336
951.841556	0.079254	-0.032440	0.003868
951.232680	0.076426	-0.036866	0.006221
950.630398	0.077322	-0.031836	0.005285
950.022808	0.079355	-0.039776	0.004565
949.446476	0.079154	-0.036626	0.007120
948.843864	0.080374	-0.044246	0.004083
948.251761	0.075775	-0.037367	0.005795
947.621631	0.077335	-0.041119	0.005855
947.018179	0.079976	-0.042552	0.006328
946.446700	0.077784	-0.032349	0.004428
945.815851	0.078303	-0.041575	0.006896
945.211336	0.075283	-0.039645	0.007886
944.602981	0.079714	-0.050914	0.005089
944.020801	0.080725	-0.044778	0.007568
943.414986	0.080421	-0.042876	0.004664
942.818446	0.078428	-0.051060	0.008353
942.224839	0.080580	-0.040001	0.005488
941.595526	0.079894	-0.044732	0.005735
941.025075	0.077301	-0.034569	0.004536
940.408097	0.079397	-0.048103	0.006266
939.800363	0.077129	-0.051198	0.004729
939.170402	0.081111	-0.041613	0.004060
938.541544	0.080319	-0.044884	0.004703
937.971988	0.080259	-0.037838	0.010699
937.333963	0.079999	-0.046363	0.004470
936.739132	0.080216	-0.041304	0.004899
936.173505	0.080393	-0.051155	0.003758
935.610466	0.079716	-0.048862	0.005223
934.995350	0.075625	-0.046319	0.007501
934.392521	0.077599	-0.051505	0.003694
933.792746	0.079633	-0.045818	0.005487
933.166171	0.077651	-0.044284	0.005212
932.597250	0.079297	-0.049948	0.003695
931.991861	0.080264	-0.053142	0.004976
931.397704	0.077220	-0.051134	0.004147
930.802045	0.079509	-0.049942	0.007950
930.224223	0.081905	-0.057502	0.004510
929.620980	0.077385	-0.057598	0.005341
928.993443	0.076996	-0.049755	0.004641
928.345973	0.081416	-0.053558	0.005737
927.750535	0.078115	-0.054488	0.008201
927.157229	0.075761	-0.055075	0.005521
926.552048	0.078465	-0.064111	0.004935
925.930945	0.081491	-0.059710	0.006501
925.360665	0.079194	-0.066022	0.005982
924.780449	0.081115	-0.062276	0.003663
924.153881	0.079543	-0.061245	0.004801
923.533061	0.079134	-0.061319	0.006123
922.936824	0.079072	-0.067651	0.004327
922.299107	0.079213	-0.072467	0.003563
921.726302	0.079361	-0.066991	0.008711
921.110761	0.078205	-0.083504	0.005594
920.467472	0.079853	-0.082480	0.007295
919.880281	0.078982	-0.076739	0.006510
919.295992	0.079086	-0.078596	0.003736
918.725396	0.078552	-0.075805	0.004305
918.123896	0.078836	-0.081283	0.003106
917.516541	0.079336	-0.085994	0.004549
916.918456	0.079001	-0.075024	0.005499
916.337633	0.079713	-0.070486	0.004572
915.699756	0.079850	-0.058711	0.004292
915.088875	0.078696	-0.059583	0.003825
914.476012	0.076951	-0.046267	0.008980
913.863996	0.079406	-0.042586	0.005956
913.288392	0.077896	-0.036069	0.002857
912.684710	0.079318	-0.021184	0.007748
912.048109	0.078133	-0.009136	0.004930
911.424404	0.079436	0.006735	0.006958
910.830991	0.078398	0.021211	0.010551
910.216387	0.079228	0.028872	0.007579
909.612728	0.077551	0.032432	0.004085
909.032226	0.079363	0.045123	0.004099
908.409169	0.078573	0.061067	0.008721
907.859095	0.078261	0.066676	0.007001
907.244476	0.078687	0.061902	0.005223
906.649257	0.081474	0.056434	0.004384
906.030791	0.080288	0.037079	0.006706
905.459258	0.079676	0.018969	0.005871
904.834638	0.078855	-0.027179	0.006784
904.232643	0.078846	-0.045908	0.006753
903.575489	0.079580	-0.072674	0.009689
902.979189	0.079253	-0.113967	0.004799
902.391577	0.078865	-0.135309	0.003789
901.783049	0.078392	-0.173396	0.007465
901.154267	0.077619	-0.202468	0.007435
900.524953	0.080835	-0.227082	0.007339
899.875643	0.080672	-0.251604	0.007921
899.292269	0.078574	-0.283576	0.009274
898.652080	0.080359	-0.310642	0.008760
898.050335	0.075614	-0.348399	0.003309
897.501602	0.079119	-0.371311	0.006752
896.930712	0.078505	-0.396442	0.006458
896.308500	0.079670	-0.425327	0.004596
895.692693	0.079555	-0.448817	0.006733
895.088669	0.078961	-0.470768	0.005264
894.438284	0.079183	-0.464822	0.004156
893.876906	0.078497	-0.459598	0.005660
893.283479	0.077861	-0.444689	0.007821
892.640300	0.077393	-0.432894	0.005513
892.050798	0.078005	-0.386444	0.004352
891.484237	0.077871	-0.352131	0.008786
890.845361	0.077854	-0.312207	0.005974
890.226086	0.078120	-0.274331	0.007107
889.618412	0.080480	-0.229352	0.004460
888.981644	0.077901	-0.182479	0.007986
888.426159	0.079424	-0.143950	0.007592
887.812464	0.080221	-0.117810	0.015830
887.206186	0.085433	-0.084080	0.003867
886.552480	0.080415	-0.035056	0.005790
885.966172	0.078002	0.008358	0.007152
885.363606	0.078748	0.044988	0.005063
884.721691	0.079654	0.085386	0.004898
884.105729	0.078177	0.132695	0.007765
883.531094	0.077782	0.155998	0.006914
882.970870	0.077673	0.187282	0.005775
882.339995	0.079414	0.214788	0.006442
881.719225	0.078666	0.217946	0.004256
881.115414	0.078835	0.232096	0.004654
880.514255	0.078138	0.234904	0.004237
879.928634	0.077196	0.216507	0.006442
879.312998	0.078174	0.202167	0.007918
878.742714	0.080055	0.180463	0.005126
878.140829	0.079705	0.155112	0.006665
877.557413	0.077965	0.136056	0.003630
876.940145	0.079638	0.124642	0.009112
876.379450	0.069535	0.113240	0.005773
875.767461	0.078943	0.101690	0.005679
875.157154	0.077866	0.086409	0.005193
874.585732	0.078350	0.076485	0.005298
874.006293	0.078395	0.070655	0.006406
873.401877	0.078238	0.053392	0.005066
872.750527	0.078663	0.041545	0.006022
872.175582	0.078908	0.041498	0.005415
871.521633	0.079970	0.023443	0.010754
870.895999	0.078892	0.021709	0.003201
870.290309	0.078750	0.011991	0.005821
869.701709	0.077295	0.013228	0.008791
869.145774	0.079025	0.005598	0.010620
868.526813	0.077736	0.000267	0.005858
867.924496	0.078846	-0.004626	0.006717
867.291498	0.079265	-0.018693	0.003575
866.714558	0.078595	-0.021044	0.004536
866.126135	0.079480	-0.027926	0.003260
865.492378	0.079386	-0.026570	0.007767
864.873799	0.079059	-0.024487	0.004768
864.257237	0.077252	-0.016529	0.004496
863.694163	0.079035	-0.016607	0.005585
863.073258	0.078229	-0.009996	0.004517
862.463298	0.079734	-0.014406	0.006232
861.911628	0.078437	-0.013478	0.004073
861.310256	0.079696	-0.012412	0.004415
860.743082	0.078823	-0.005822	0.008272
860.122173	0.079092	-0.000751	0.004645
859.512875	0.078652	-0.004594	0.005519
858.890897	0.077410	0.003860	0.004691
858.317368	0.079387	-0.010905	0.005559
857.697880	0.078399	-0.005205	0.003577
857.118180	0.079974	-0.003194	0.003053
856.488606	0.079228	0.001148	0.006073
855.865136	0.079182	0.006281	0.005295
855.283424	0.079515	0.011451	0.003609
854.686253	0.078378	0.018461	0.003090
854.054966	0.080350	0.004138	0.004197
853.450676	0.077250	0.002758	0.004279
852.862151	0.079401	0.015931	0.005607
852.222362	0.078712	0.003561	0.009029
851.612367	0.078569	0.009217	0.005922
850.993284	0.079607	0.006578	0.006392
850.390709	0.078976	0.010711	0.004566
849.814660	0.079202	0.011091	0.003524
849.195655	0.077986	0.016888	0.004542
848.568119	0.079097	0.009978	0.005227
847.967272	0.076970	0.014955	0.004197
847.397192	0.078875	0.017967	0.005173
846.780432	0.079511	0.018506	0.004420
846.143312	0.079903	0.009358	0.005022
845.564596	0.079073	0.012236	0.006635
844.954638	0.079382	0.024635	0.005127
844.391490	0.079732	0.015672	0.003817
843.759867	0.078550	0.009863	0.007067
843.169344	0.079528	0.021574	0.010619
842.574162	0.078885	0.014629	0.003206
842.013383	0.079736	0.024346	0.005753
841.407891	0.079632	0.018226	0.005002
840.792844	0.079090	0.027422	0.003414
840.156396	0.080144	0.020406	0.004427
839.558331	0.077733	0.023599	0.007365
838.972280	0.077289	0.025836	0.005300
838.361935	0.079470	0.023095	0.003836
837.754467	0.078508	0.020053	0.005084
837.148610	0.077995	0.026457	0.004483
836.569961	0.079462	0.016438	0.003554
836.008881	0.081118	0.023378	0.010039
835.410461	0.079062	0.022188	0.003880
834.795932	0.080192	0.017103	0.008207
834.192100	0.077716	0.019967	0.003545
833.627920	0.078205	0.027266	0.005055
833.016999	0.077837	0.021201	0.007734
832.403813	0.079819	0.029858	0.006550
831.819065	0.078173	0.019793	0.004315
831.183072	0.080346	0.023954	0.005165
830.594889	0.079007	0.023425	0.005446
830.008288	0.079197	0.026351	0.005497
829.439892	0.078520	0.018790	0.005404
828.816228	0.078727	0.026872	0.004280
828.247137	0.078798	0.018054	0.009589
827.658042	0.078636	0.026601	0.006138
827.052364	0.079056	0.031151	0.005372
826.471373	0.078809	0.019602	0.003882
825.840946	0.080279	0.020751	0.003641
825.256513	0.079470	0.022829	0.004678
824.654292	0.080033	0.024379	0.006173
824.029092	0.078475	0.020101	0.007268
823.442268	0.078068	0.028534	0.003404
822.879744	0.078532	0.023099	0.006320
822.290770	0.079303	0.032577	0.005913
821.706441	0.077267	0.024464	0.007285
821.091481	0.077652	0.023573	0.006539
820.471983	0.079631	0.024418	0.003631
819.891037	0.079689	0.037980	0.003653
819.253077	0.080338	0.022554	0.003681
818.660038	0.078550	0.028046	0.007737
818.067439	0.078231	0.031639	0.007228
817.477517	0.080172	0.043949	0.003694
816.904377	0.078859	0.041200	0.005397
816.308588	0.080151	0.036172	0.003592
815.703159	0.078312	0.041539	0.007796
815.095898	0.078017	0.031158	0.004010
814.527126	0.079611	0.038997	0.003593
813.962048	0.077979	0.041705	0.004489
813.387815	0.080197	0.044621	0.005412
812.808684	0.079948	0.041334	0.006732
812.222834	0.079237	0.036637	0.006008
811.642263	0.067851	0.048689	0.003302
811.030414	0.077895	0.054026	0.004906
810.427896	0.079113	0.045372	0.006706
809.837008	0.079088	0.060443	0.004512
809.256706	0.077488	0.062326	0.006538
808.629828	0.079691	0.067294	0.007320
808.043311	0.080112	0.069625	0.007510
807.462916	0.079214	0.072690	0.004550
806.875496	0.077654	0.072037	0.005178
806.256289	0.079081	0.068568	0.004515
805.632738	0.079266	0.074143	0.005777
805.035159	0.078734	0.078333	0.004931
804.394007	0.077838	0.078752	0.003719
803.820270	0.078608	0.072891	0.007490
803.170657	0.079629	0.084908	0.006319
802.541588	0.078875	0.080654	0.003243
801.954378	0.079832	0.087016	0.003558
801.326115	0.078910	0.084711	0.007159
800.734264	0.085120	0.091331	0.003457
800.117945	0.078464	0.088791	0.003132
799.497140	0.080416	0.094340	0.010694
798.890798	0.078438	0.087361	0.004662
798.255288	0.079239	0.083151	0.003756
797.687186	0.078354	0.091858	0.005785
797.081708	0.078962	0.096621	0.003364
796.448823	0.078241	0.101265	0.003320
795.867366	0.080238	0.106873	0.005892
795.294026	0.079114	0.106638	0.003807
794.674815	0.079750	0.120268	0.007043
794.063421	0.077469	0.125502	0.004824
793.480628	0.078290	0.136158	0.003539
792.844498	0.078472	0.139970	0.003782
792.276778	0.079164	0.149197	0.004566
791.674335	0.079399	0.151259	0.004879
791.090341	0.079884	0.169524	0.004092
790.505847	0.079694	0.171139	0.008158
789.923582	0.078328	0.179966	0.004457
789.271541	0.078740	0.184155	0.007074
788.674776	0.079397	0.177824	0.005926
788.073542	0.078113	0.164495	0.003147
787.450249	0.078683	0.145330	0.006982
786.851926	0.080220	0.124600	0.007653
786.179217	0.079099	0.094911	0.004979
785.555552	0.079813	0.062509	0.003686
784.948409	0.078685	0.029361	0.004193
784.366648	0.079732	-0.006572	0.004008
783.743517	0.078249	-0.042149	0.009052
783.132553	0.079949	-0.064532	0.009128
782.473588	0.079906	-0.114772	0.006394
781.884095	0.079351	-0.140088	0.007545
781.290511	0.078651	-0.171354	0.004666
780.649734	0.080174	-0.212685	0.003306
780.059099	0.080550	-0.235526	0.005036
779.422644	0.079397	-0.248369	0.003495
778.822294	0.079652	-0.253770	0.003605
778.250888	0.080790	-0.249228	0.004111
777.623858	0.077705	-0.231432	0.003601
777.015662	0.080355	-0.206516	0.004634
776.423874	0.079236	-0.178408	0.005055
775.841133	0.075381	-0.145459	0.006653
775.212001	0.078741	-0.093103	0.004591
774.598226	0.079855	-0.052615	0.007639
774.020462	0.079407	-0.013394	0.005763
773.415168	0.080104	0.030596	0.004838
772.833938	0.081164	0.077882	0.005062
772.205303	0.080466	0.127584	0.004897
771.590215	0.079906	0.174298	0.010664
770.960364	0.078756	0.202720	0.008370
770.391226	0.078673	0.232463	0.004676
769.741528	0.078220	0.264395	0.004866
769.115499	0.078344	0.285086	0.010287
768.514686	0.078441	0.274402	0.003529
767.909423	0.079535	0.258745	0.003210
767.328544	0.079513	0.241910	0.004916
766.721233	0.080032	0.201418	0.004354
766.106867	0.080122	0.169417	0.003514
765.500654	0.079706	0.124402	0.006296
764.940207	0.076440	0.088422	0.005035
764.324946	0.077159	0.050343	0.005003
763.740672	0.079424	0.015856	0.004195
763.107160	0.080495	-0.016535	0.006559
762.530334	0.081177	-0.055854	0.009953
761.944208	0.080206	-0.089406	0.008419
761.346194	0.079793	-0.120336	0.003073
760.737091	0.079339	-0.158216	0.004239
760.129183	0.080152	-0.187474	0.003687
759.562442	0.079070	-0.218662	0.002974
758.966752	0.079467	-0.251691	0.004501
758.372377	0.078079	-0.283809	0.005183
757.743324	0.078752	-0.321613	0.004390
757.178686	0.080887	-0.338885	0.003759
756.584171	0.079355	-0.349611	0.004684
755.964062	0.078825	-0.353299	0.004214
755.333780	0.078789	-0.354812	0.002985
754.726329	0.079408	-0.356103	0.002885
754.111835	0.078797	-0.325480	0.003726
753.524499	0.078234	-0.298893	0.003707
752.932795	0.077420	-0.276001	0.009127
752.310059	0.079821	-0.250688	0.004209
751.697459	0.079175	-0.213489	0.003954
751.111784	0.078554	-0.191099	0.004702
750.516845	0.079769	-0.171523	0.003643
749.909916	0.078559	-0.140157	0.004195
749.285606	0.078834	-0.116843	0.002901
748.672678	0.077941	-0.092224	0.004442
748.088034	0.078161	-0.067935	0.003489
747.486439	0.079485	-0.053977	0.005351
746.867154	0.079144	-0.031311	0.005317
746.220670	0.079746	-0.011019	0.004182
745.663526	0.080228	0.016467	0.003913
745.083901	0.079733	0.030370	0.003455
744.488088	0.077458	0.037627	0.012458
743.868886	0.078530	0.057923	0.012665
743.242799	0.077006	0.065505	0.005023
742.679954	0.079608	0.068489	0.003857
742.094137	0.079880	0.062550	0.004420
741.524996	0.079568	0.055923	0.011173
740.893255	0.080910	0.050211	0.007554
740.314116	0.078748	0.051659	0.005374
739.691216	0.077737	0.032763	0.003581
739.028336	0.078588	0.026091	0.004046
738.424769	0.079193	0.036181	0.005366
737.802619	0.076577	0.020300	0.004701
737.232475	0.079908	0.024574	0.005937
736.607406	0.081236	0.016113	0.004467
736.027621	0.078621	0.005956	0.003831
735.415219	0.078780	0.013524	0.005717
734.795062	0.077529	0.008249	0.003922
734.199156	0.080661	0.001181	0.003365
733.568636	0.079400	0.001889	0.003998
732.938021	0.077320	-0.006945	0.004468
732.376154	0.078407	0.000587	0.004283
731.780657	0.079130	-0.005406	0.005226
731.118450	0.079574	-0.004815	0.009002
730.527766	0.078730	-0.013513	0.003707
729.872038	0.080413	-0.014188	0.002770
729.284578	0.079595	-0.012022	0.003951
728.740353	0.079507	-0.017650	0.003045
728.117867	0.080433	-0.011499	0.004596
727.494353	0.077745	-0.015990	0.004285
726.882662	0.079771	-0.018145	0.003387
726.299597	0.080884	-0.016924	0.003032
725.682179	0.077898	-0.015541	0.005609
725.079407	0.078699	-0.015147	0.004461
724.465423	0.079091	-0.013940	0.004847
723.834733	0.081110	-0.009691	0.004072
723.270709	0.079905	-0.016703	0.003619
722.642029	0.077695	-0.017156	0.004282
722.007903	0.079234	-0.018729	0.003462
721.412745	0.078742	-0.015421	0.003466
720.829375	0.078584	-0.014626	0.004482
720.221333	0.077374	-0.022394	0.003906
719.616690	0.080923	-0.021530	0.003195
719.012413	0.078687	-0.022704	0.004476
718.451381	0.078696	-0.020627	0.004925
717.896622	0.079321	-0.018831	0.003945
717.305757	0.077787	-0.021500	0.003089
716.659030	0.079696	-0.018787	0.005112
716.064764	0.077187	-0.023295	0.005097
715.440406	0.079858	-0.014757	0.003326
714.850109	0.079516	-0.016596	0.007446
714.238267	0.079768	-0.022643	0.004426
713.666415	0.080004	-0.019647	0.005585
713.079273	0.078371	-0.018523	0.008038
712.508736	0.079971	-0.018210	0.005214
711.897372	0.079368	-0.013713	0.004787
711.276174	0.077154	-0.023691	0.003294
710.647237	0.078316	-0.019702	0.005951
710.081885	0.081012	-0.024947	0.005838
709.491288	0.079764	-0.018514	0.004307
708.904567	0.078982	-0.028633	0.003113
708.329495	0.079687	-0.019601	0.005536
707.721825	0.079480	-0.015648	0.005114
707.131058	0.077606	-0.021966	0.003944
706.495127	0.078748	-0.026851	0.004127
705.859297	0.078916	-0.021423	0.003568
705.249388	0.080832	-0.029153	0.003878
704.644493	0.080714	-0.016801	0.003534
704.075570	0.079012	-0.019069	0.003591
703.476926	0.078148	-0.024874	0.004598
702.874908	0.080774	-0.022179	0.004780
702.308805	0.078519	-0.016550	0.006647
701.744953	0.078166	-0.021181	0.004340
701.129078	0.078422	-0.021381	0.005213
700.527779	0.078580	-0.019896	0.005246
699.934596	0.081142	-0.018983	0.004588
699.367176	0.079157	-0.026321	0.003266
698.766515	0.078236	-0.029321	0.004123
698.154212	0.079365	-0.021528	0.005458
697.561250	0.082333	-0.029624	0.003989
696.995277	0.077242	-0.020891	0.003029
696.408539	0.079576	-0.027485	0.004276
695.833313	0.078412	-0.016878	0.003476
695.225273	0.079527	-0.014669	0.005518
694.616006	0.078379	-0.005061	0.006186
694.031029	0.080773	-0.000449	0.003910
693.458821	0.079190	0.017366	0.002927
692.856037	0.077921	0.029660	0.007345
692.252954	0.079116	0.039830	0.004147
691.640039	0.079266	0.059565	0.005103
690.997272	0.081270	0.074488	0.004002
690.410062	0.079120	0.091453	0.004595
689.790004	0.078943	0.111112	0.003031
689.227543	0.077971	0.114992	0.004329
688.627001	0.079249	0.114112	0.003105
688.068554	0.078245	0.127563	0.003058
687.431376	0.078743	0.110110	0.003389
686.840889	0.078925	0.089018	0.003664
686.213186	0.077071	0.057458	0.007265
685.590457	0.079082	0.025284	0.006583
685.016432	0.080358	-0.008682	0.004316
684.416007	0.079934	-0.055598	0.007217
683.796028	0.080606	-0.085345	0.008947
683.219731	0.079362	-0.131818	0.004431
682.619795	0.078881	-0.163226	0.009320
682.034885	0.075385	-0.191742	0.003266
681.430763	0.077968	-0.229034	0.003538
680.829882	0.078868	-0.262343	0.005341
680.196924	0.080656	-0.291103	0.004632
679.633936	0.078564	-0.316950	0.004865
678.992671	0.081935	-0.342608	0.004802
678.425586	0.077836	-0.355351	0.003848
677.839289	0.080133	-0.365288	0.004013
677.264835	0.078151	-0.363638	0.008545
676.677441	0.076802	-0.340509	0.005970
676.053061	0.078790	-0.317884	0.003333
675.488845	0.080182	-0.283045	0.005668
674.885916	0.079122	-0.250324	0.005830
674.317152	0.077688	-0.204802	0.007580
673.690130	0.078343	-0.166231	0.006685
673.108508	0.079353	-0.119299	0.006561
672.466665	0.075263	-0.084893	0.005486
671.849186	0.079828	-0.032321	0.007124
671.265433	0.079311	0.022645	0.006922
670.627568	0.078892	0.058674	0.007684
670.061713	0.080886	0.095838	0.004772
669.450044	0.077146	0.130711	0.004339
668.877930	0.079826	0.176302	0.007212
668.264538	0.077478	0.195229	0.005464
667.649327	0.080049	0.206646	0.006513
667.078034	0.077056	0.213413	0.006548
666.428662	0.078425	0.211017	0.010896
665.875282	0.078468	0.189389	0.004289
665.284059	0.077138	0.168891	0.006242
664.696495	0.076736	0.150094	0.003858
664.077903	0.078528	0.132396	0.004759
663.518650	0.081353	0.127051	0.004706
662.879399	0.078132	0.090191	0.005123
662.267978	0.077275	0.081724	0.008500
661.623965	0.074805	0.066312	0.007469
661.012529	0.079228	0.045708	0.004020
660.431019	0.074321	0.046161	0.003791
659.806615	0.078537	0.035939	0.003878
659.188630	0.078715	0.017053	0.003381
658.567009	0.080531	0.004309	0.003136
658.007070	0.080373	-0.007394	0.004740
657.405547	0.079387	-0.013387	0.003266
656.797071	0.080324	-0.022604	0.005204
656.212526	0.079687	-0.028586	0.005467
655.600685	0.079256	-0.032922	0.003421
655.004755	0.079781	-0.039781	0.004101
654.427467	0.076595	-0.046594	0.007498
653.796779	0.078728	-0.041434	0.004421
653.212652	0.080790	-0.032982	0.003793
652.587215	0.077433	-0.038373	0.007948
652.022830	0.079750	-0.036991	0.005305
651.425527	0.077290	-0.034721	0.002970
650.792854	0.079027	-0.033894	0.005318
650.191923	0.079289	-0.025646	0.005402
649.643847	0.077910	-0.022857	0.005191
649.035337	0.080073	-0.024534	0.003384
648.418499	0.077773	-0.024708	0.005126
647.834049	0.078084	-0.009873	0.003920
647.185018	0.076098	-0.011997	0.007914
646.592056	0.079570	-0.013121	0.004288
645.979067	0.081286	-0.004973	0.003625
645.364653	0.078360	-0.005247	0.003518
644.749764	0.080134	-0.008308	0.006008
644.181440	0.080178	0.002572	0.003847
643.592407	0.081147	-0.012073	0.004803
642.984111	0.077121	-0.000761	0.004244
642.350012	0.079843	-0.001061	0.003872
641.733541	0.080841	0.001373	0.004780
641.163841	0.078749	-0.006197	0.005297
640.532030	0.080465	-0.004766	0.003841
639.873468	0.077248	3.958104E-5	0.004839
639.200873	0.079649	-0.006840	0.004319
638.575907	0.076998	-0.003305	0.005751
637.963352	0.081101	0.004954	0.004012
637.310092	0.081398	0.002158	0.003513
636.644828	0.078808	0.005331	0.004362
635.958756	0.077207	0.004374	0.004826
635.290300	0.078891	0.003770	0.006895
635.231054	0.081132	-0.002614	0.003777
635.794248	0.075604	0.002686	0.004209
636.449326	0.079684	0.000561	0.004732
637.104885	0.078956	0.004422	0.003754
637.742954	0.080718	0.008052	0.006432
638.394353	0.078945	-0.004806	0.006256
638.952695	0.080743	-0.002567	0.005154
639.594489	0.080279	0.002486	0.003046
640.269909	0.078948	0.008402	0.005313
640.933868	0.080323	-0.002352	0.003712
641.558724	0.081410	-0.004750	0.005153
642.118560	0.082708	0.010821	0.003758
642.712032	0.081081	-0.002901	0.005261
643.359366	0.080571	-0.005397	0.004757
644.033679	0.078300	-0.006624	0.003188
644.698287	0.079069	-0.013906	0.004196
645.264842	0.078444	-0.013734	0.004268
645.884317	0.079097	-0.011873	0.003308
646.412848	0.080213	-0.013211	0.005939
647.063894	0.078841	-0.011733	0.003338
647.743201	0.080434	-0.008088	0.005120
648.376990	0.079448	-0.009317	0.003103
648.939659	0.078787	-0.018483	0.007781
649.588284	0.077564	-0.020181	0.004375
650.230965	0.079674	-0.024058	0.004205
650.880863	0.077744	-0.026816	0.004544
651.540138	0.080946	-0.031629	0.007418
652.142248	0.078524	-0.040390	0.006500
652.794893	0.081333	-0.038518	0.004646
653.462226	0.078785	-0.044211	0.004973
654.097313	0.078555	-0.040475	0.005597
654.743853	0.079563	-0.037884	0.005537
655.311328	0.079848	-0.052316	0.003028
655.960972	0.079805	-0.036285	0.003858
656.574370	0.077867	-0.027009	0.003574
657.182731	0.079807	-0.031795	0.005677
657.745767	0.081154	-0.006600	0.005067
658.385390	0.079300	0.004263	0.006496
658.961944	0.080122	0.012142	0.003579
659.557184	0.078301	0.017102	0.007651
660.121235	0.081303	0.034461	0.004033
660.743368	0.078271	0.041317	0.003262
661.313212	0.079142	0.067312	0.006844
661.910079	0.077948	0.072075	0.005720
662.549341	0.077274	0.086328	0.005251
663.124848	0.080005	0.098249	0.004523
663.723833	0.079617	0.113435	0.005451
664.364170	0.078330	0.138746	0.008698
664.993338	0.079696	0.155523	0.004415
665.566559	0.077919	0.173180	0.005420
666.191881	0.077281	0.204986	0.003121
666.805192	0.077754	0.212844	0.005376
667.400648	0.078898	0.217238	0.005168
668.016418	0.077787	0.214380	0.009039
668.605803	0.077201	0.191403	0.004197
669.231405	0.081676	0.162707	0.004221
669.808886	0.078249	0.129862	0.007670
670.442170	0.077672	0.088241	0.005900
671.034959	0.077534	0.042825	0.007020
671.609184	0.080699	0.004694	0.006119
672.243035	0.077394	-0.035135	0.009836
672.888049	0.079287	-0.085279	0.009517
673.474257	0.077138	-0.132793	0.006249
674.049682	0.079683	-0.172614	0.004978
674.656357	0.076415	-0.209646	0.005723
675.279645	0.077885	-0.260876	0.003987
675.925511	0.078979	-0.299911	0.006887
676.536421	0.077748	-0.328754	0.003141
677.118158	0.079659	-0.351866	0.003864
677.732275	0.079128	-0.366696	0.004135
678.348006	0.080010	-0.355488	0.003484
678.961045	0.077738	-0.349842	0.005104
679.530408	0.080217	-0.335002	0.004060
680.160373	0.079287	-0.305744	0.004577
680.778599	0.078386	-0.268784	0.006394
681.415780	0.079736	-0.241183	0.004555
681.999562	0.071291	-0.209573	0.004991
682.566263	0.077383	-0.173381	0.003832
683.150566	0.081143	-0.139000	0.010295
683.736890	0.077692	-0.103488	0.008450
684.352524	0.078536	-0.069973	0.006033
684.912473	0.080276	-0.031850	0.003575
685.516974	0.078923	-0.003670	0.006696
686.097767	0.076868	0.036803	0.003611
686.693902	0.078898	0.073928	0.005133
687.305254	0.079761	0.105948	0.004078
687.871448	0.078939	0.112644	0.007962
688.467320	0.077859	0.112146	0.005007
689.082943	0.082069	0.114282	0.002698
689.706770	0.080710	0.103902	0.004999
690.285096	0.077752	0.093687	0.003502
690.914798	0.077974	0.085398	0.006091
691.522761	0.077820	0.064235	0.006200
692.129803	0.079007	0.049991	0.007569
692.681936	0.079969	0.036058	0.004041
693.260111	0.081314	0.026930	0.005183
693.854780	0.078921	0.011459	0.004525
694.460666	0.077513	-0.004795	0.004289
695.051939	0.080020	-0.004627	0.006185
695.651756	0.078637	-0.013049	0.004786
696.271582	0.078164	-0.020816	0.003585
696.900109	0.079142	-0.025432	0.004411
697.491754	0.079908	-0.020565	0.006110
698.113668	0.081578	-0.025933	0.004250
698.674322	0.081685	-0.031458	0.006352
699.297210	0.079988	-0.034146	0.004935
699.866808	0.079002	-0.024890	0.004103
700.498383	0.080904	-0.026309	0.002670
701.091294	0.080441	-0.024680	0.005483
701.687018	0.079648	-0.028652	0.002915
702.333612	0.078965	-0.027342	0.006024
702.966631	0.079664	-0.026038	0.003765
703.557035	0.076229	-0.017425	0.004009
704.120315	0.079661	-0.027051	0.007184
704.752986	0.081367	-0.020127	0.003804
705.379080	0.081030	-0.016158	0.004332
705.992223	0.080585	-0.031133	0.005467
706.595450	0.078646	-0.020954	0.003830
707.183882	0.078282	-0.018146	0.005124
707.825309	0.078037	-0.020720	0.003356
708.468511	0.077494	-0.021465	0.005192
709.077183	0.079459	-0.022744	0.005523
709.668300	0.080493	-0.018290	0.003605
710.264496	0.078789	-0.022308	0.008361
710.870854	0.079873	-0.026082	0.004123
711.505847	0.080700	-0.017130	0.006466
712.139946	0.079134	-0.021364	0.008697
712.721492	0.079707	-0.023331	0.004839
713.366035	0.077558	-0.021169	0.003455
713.989891	0.078308	-0.018217	0.006683
714.626714	0.078126	-0.029105	0.004437
715.181953	0.079268	-0.023648	0.003964
715.767945	0.080170	-0.021464	0.004336
716.376498	0.082483	-0.024475	0.004939
716.945694	0.079734	-0.015166	0.004544
717.527676	0.079796	-0.018238	0.006195
718.104813	0.079072	-0.012577	0.004925
718.742110	0.079016	-0.017796	0.005102
719.349657	0.078803	-0.022477	0.003414
719.969850	0.078815	-0.019485	0.006141
720.597563	0.077918	-0.018945	0.005846
721.160310	0.078699	-0.014154	0.003510
721.751495	0.077920	-0.015369	0.004753
722.344244	0.078589	-0.019333	0.003273
722.956290	0.078284	-0.025584	0.003795
723.531293	0.079598	-0.013099	0.003701
724.124053	0.081188	-0.012905	0.005112
724.738729	0.078985	-0.017077	0.004213
725.330509	0.079484	-0.021320	0.004229
725.904950	0.079929	-0.020955	0.004731
726.471966	0.079623	-0.016181	0.008832
727.073349	0.079232	-0.016732	0.005719
727.673949	0.079443	-0.018388	0.003534
728.291781	0.077160	-0.016936	0.003918
728.869379	0.078037	-0.010322	0.003390
729.502651	0.080591	-0.014054	0.004396
730.108985	0.080004	-0.016566	0.005164
730.689515	0.079136	-0.006394	0.004697
731.306469	0.077948	-0.004612	0.006057
731.859114	0.079602	-0.005070	0.002878
732.426440	0.079601	-0.003801	0.005221
733.026486	0.077961	0.000801	0.005511
733.639282	0.077000	-0.001853	0.002941
734.203172	0.079927	-0.007323	0.004401
734.790426	0.080481	0.009977	0.004578
735.425172	0.078516	0.002828	0.002970
736.055513	0.078651	0.010728	0.004192
736.657036	0.078458	0.021027	0.003949
737.260622	0.079153	0.012894	0.003484
737.899070	0.078699	0.016506	0.004988
738.517472	0.079237	0.023879	0.003646
739.101243	0.079302	0.028816	0.003689
739.667619	0.080816	0.038290	0.005841
740.229596	0.079232	0.044573	0.004696
740.870858	0.079361	0.040577	0.007121
741.492336	0.079648	0.064086	0.002987
742.064925	0.078420	0.055436	0.005095
742.626333	0.078933	0.062632	0.006916
743.226545	0.076180	0.063880	0.003548
743.811935	0.078254	0.050688	0.005284
744.430145	0.078469	0.049894	0.005043
745.055871	0.078483	0.038405	0.005010
745.620811	0.080554	0.017474	0.004705
746.243863	0.079168	-0.000487	0.005228
746.825344	0.076919	-0.022468	0.003628
747.479148	0.077493	-0.041389	0.003855
748.047958	0.078583	-0.068761	0.003700
748.628783	0.077742	-0.093340	0.005545
749.237831	0.078200	-0.105470	0.004142
749.892623	0.077915	-0.139051	0.005141
750.491626	0.079089	-0.159229	0.006034
751.072016	0.080227	-0.180144	0.004868
751.651074	0.080499	-0.204079	0.006061
752.268383	0.079572	-0.240858	0.003662
752.880052	0.078069	-0.261055	0.005140
753.453313	0.079125	-0.290225	0.004846
754.082768	0.077019	-0.309457	0.003780
754.733594	0.079051	-0.341125	0.005242
755.371844	0.078442	-0.346737	0.006417
755.985043	0.078923	-0.363808	0.005016
756.563893	0.080309	-0.358514	0.004000
757.207334	0.080512	-0.344634	0.005098
757.814510	0.079600	-0.330961	0.008317
758.427197	0.079834	-0.293608	0.004158
759.051422	0.078521	-0.267542	0.007956
759.618895	0.079147	-0.230314	0.004606
760.212489	0.077786	-0.186550	0.003242
760.834563	0.079462	-0.162178	0.007819
761.477539	0.078710	-0.118118	0.006681
762.035553	0.079024	-0.088301	0.002716
762.660342	0.077832	-0.056731	0.005470
763.321076	0.079278	-0.022554	0.009582
763.908967	0.079888	0.006840	0.009407
764.546776	0.079680	0.046332	0.005897
765.099533	0.080354	0.083178	0.004916
765.707494	0.079554	0.123087	0.004821
766.356894	0.079730	0.166745	0.009006
766.972714	0.079365	0.208301	0.003947
767.567381	0.079513	0.248203	0.004337
768.170100	0.080058	0.265906	0.003598
768.783300	0.079970	0.270624	0.005935
769.415048	0.079538	0.281807	0.003241
770.039545	0.078540	0.266516	0.007474
770.612592	0.078608	0.232241	0.005599
771.211059	0.079466	0.204486	0.007243
771.863364	0.079214	0.161618	0.004600
772.470265	0.077771	0.119493	0.004378
773.067072	0.078952	0.079283	0.005700
773.701438	0.080343	0.035268	0.004735
774.322838	0.079724	-0.028022	0.003582
774.911970	0.079864	-0.064883	0.006872
775.531886	0.080598	-0.108151	0.006558
776.080974	0.078609	-0.152635	0.010300
776.685875	0.080238	-0.181762	0.007949
777.256618	0.079091	-0.220815	0.005119
777.851966	0.078870	-0.239856	0.003819
778.410450	0.080120	-0.250656	0.008872
779.021287	0.079807	-0.251392	0.005768
779.625425	0.079768	-0.252052	0.005269
780.218844	0.079222	-0.232857	0.003966
780.810787	0.079341	-0.204553	0.007355
781.371875	0.077360	-0.174490	0.005245
781.992082	0.078470	-0.151548	0.004300
782.614474	0.078055	-0.117121	0.003158
783.193381	0.079251	-0.082230	0.004939
783.823143	0.079164	-0.045404	0.005604
784.422067	0.079242	-0.012929	0.005184
785.073757	0.079171	0.032070	0.005106
785.695476	0.079031	0.056568	0.007545
786.282173	0.080164	0.088579	0.004347
786.855366	0.079020	0.117012	0.006346
787.489618	0.079009	0.139782	0.004233
788.080416	0.078257	0.158655	0.003558
788.665058	0.078373	0.169680	0.003317
789.302372	0.077486	0.191660	0.003030
789.856564	0.079848	0.183776	0.004769
790.470044	0.079382	0.185700	0.007083
791.053851	0.080038	0.170951	0.003782
791.700081	0.079525	0.167405	0.004247
792.308529	0.080207	0.156189	0.004833
792.890426	0.078276	0.147866	0.005462
793.494312	0.077998	0.132100	0.008583
794.097140	0.079757	0.130463	0.003867
794.687040	0.079543	0.114177	0.006716
795.279944	0.079754	0.119057	0.005621
795.913839	0.080407	0.103694	0.008101
796.531237	0.078868	0.107737	0.004112
797.124651	0.079357	0.098917	0.004565
797.681410	0.076906	0.091609	0.003616
798.306988	0.077706	0.088422	0.005517
798.933405	0.078027	0.093438	0.004327
799.525614	0.078458	0.083157	0.004750
800.159135	0.078725	0.081746	0.006464
