800.414116	0.073954	0.023760	0.002606
801.053452	0.074808	0.023566	0.002599
801.637279	0.075516	0.023830	0.002622
802.267470	0.075444	0.022771	0.002742
802.889535	0.076123	0.023042	0.002591
803.472438	0.075355	0.022158	0.002690
804.046407	0.075115	0.022089	0.002596
804.584898	0.075347	0.022147	0.002700
805.113977	0.075086	0.021897	0.002619
805.701240	0.074936	0.021271	0.002618
806.305488	0.074074	0.020752	0.002603
806.874616	0.073855	0.020596	0.002661
807.490734	0.074909	0.020607	0.002716
808.076099	0.075036	0.020386	0.002466
808.669305	0.074556	0.020233	0.002528
809.356375	0.075127	0.020118	0.002648
809.935223	0.073620	0.020208	0.002620
810.550988	0.075939	0.020034	0.002703
811.146791	0.074170	0.020141	0.002666
811.685935	0.074550	0.019367	0.002549
812.264959	0.074293	0.019291	0.002700
812.832836	0.075503	0.019156	0.002586
813.470450	0.075499	0.019069	0.002583
814.094375	0.075576	0.018919	0.002605
814.662222	0.073938	0.018845	0.002641
815.262222	0.075602	0.018404	0.002637
815.886140	0.074923	0.018701	0.002525
816.443644	0.074961	0.018354	0.002614
817.006444	0.074128	0.018674	0.002612
817.567439	0.075430	0.018712	0.002779
818.136893	0.074208	0.018268	0.002552
818.699528	0.076174	0.018061	0.002616
819.300416	0.075417	0.018737	0.002720
819.912282	0.076239	0.018610	0.002547
820.494994	0.075691	0.018243	0.002712
821.085899	0.074194	0.017867	0.002513
821.691345	0.072717	0.018146	0.002581
822.271061	0.076060	0.018845	0.002566
822.813513	0.074553	0.018380	0.002531
823.406221	0.075065	0.019046	0.002646
824.011608	0.074571	0.019023	0.002642
824.639409	0.074264	0.018698	0.002728
825.235629	0.074658	0.018772	0.002660
825.837478	0.075016	0.019123	0.002570
826.407918	0.073885	0.019123	0.002598
826.996862	0.075427	0.019164	0.002450
827.608894	0.074459	0.019806	0.002634
828.237184	0.073249	0.019127	0.002533
828.885997	0.074213	0.019431	0.002406
829.518983	0.075047	0.019973	0.002617
830.157938	0.074343	0.020406	0.002501
830.725006	0.075358	0.020699	0.002654
831.302178	0.075203	0.021669	0.002670
831.872567	0.074306	0.022534	0.002739
832.482421	0.073475	0.024009	0.002627
833.094479	0.073882	0.025795	0.002638
833.688209	0.073376	0.028120	0.002556
834.303418	0.073488	0.031431	0.002660
834.884077	0.074642	0.034534	0.002584
835.516198	0.073703	0.038430	0.002593
836.114204	0.075603	0.041826	0.002639
836.747029	0.076756	0.046034	0.002681
837.343289	0.075755	0.049306	0.002671
837.954193	0.074856	0.051937	0.002740
838.530335	0.074786	0.053217	0.002553
839.170039	0.074886	0.051969	0.002584
839.781353	0.074195	0.048189	0.002617
840.332707	0.073834	0.043001	0.002698
840.963371	0.074824	0.034796	0.002852
841.581691	0.074465	0.025616	0.002759
842.148970	0.074750	0.017033	0.002795
842.727817	0.074287	0.009387	0.002786
843.360083	0.074646	0.009031	0.002654
843.958888	0.075294	0.014522	0.002801
844.536328	0.074386	0.019970	0.002577
845.164130	0.075125	0.024173	0.002617
845.774274	0.073795	0.026768	0.002718
846.390405	0.074411	0.027915	0.002623
846.940132	0.074536	0.027863	0.002653
847.540941	0.075301	0.027666	0.002617
848.171926	0.076238	0.026201	0.002720
848.771783	0.074184	0.024916	0.002688
849.355165	0.074293	0.023035	0.002618
849.958583	0.075197	0.022037	0.002591
850.575142	0.073978	0.020341	0.002575
851.139714	0.075875	0.019013	0.002548
851.738793	0.074571	0.017979	0.002505
852.328671	0.074703	0.017204	0.002561
852.938996	0.074829	0.016028	0.002695
853.566484	0.074700	0.014969	0.002679
854.209481	0.075309	0.014245	0.002609
854.779568	0.064927	0.013390	0.002711
855.361737	0.073604	0.012829	0.002560
855.988402	0.076090	0.012152	0.002485
856.625890	0.073161	0.011718	0.002763
857.218629	0.076863	0.011197	0.002810
857.879253	0.074774	0.010725	0.002662
858.475868	0.074704	0.010458	0.002787
859.082346	0.074312	0.010107	0.002607
859.691927	0.074810	0.009702	0.002590
860.241194	0.076009	0.009358	0.002720
860.841245	0.073292	0.008928	0.002585
861.464606	0.073873	0.008784	0.002667
862.104561	0.077016	0.008474	0.002592
862.687884	0.075674	0.008160	0.002686
863.316869	0.075080	0.008184	0.002714
863.913084	0.074816	0.008499	0.002557
864.502497	0.074533	0.008074	0.002682
865.070621	0.074407	0.007576	0.002754
865.691520	0.074788	0.007795	0.002482
866.307342	0.074553	0.007544	0.002545
866.890704	0.072748	0.007630	0.002694
867.471743	0.072748	0.007279	0.002563
868.117308	0.076150	0.007485	0.002754
868.695460	0.075085	0.007470	0.002565
869.268588	0.072869	0.007507	0.002734
869.846894	0.075327	0.007195	0.002612
870.471612	0.073374	0.007291	0.002602
871.092596	0.073348	0.007211	0.002575
871.683890	0.072856	0.007137	0.002634
872.303398	0.073134	0.007186	0.002595
872.915085	0.074430	0.006942	0.002640
873.462034	0.073347	0.007411	0.002815
874.053900	0.074878	0.007068	0.002573
874.671440	0.074576	0.007310	0.002536
875.322777	0.073033	0.007640	0.002840
875.930742	0.076815	0.007045	0.002570
876.540284	0.072303	0.007343	0.002527
877.152157	0.072606	0.007844	0.002467
877.719065	0.073675	0.007746	0.002743
878.349249	0.075019	0.007900	0.002598
878.999668	0.074625	0.007823	0.002568
879.593821	0.073685	0.007658	0.002640
880.234035	0.075641	0.008041	0.002721
880.847497	0.074851	0.007947	0.002658
881.419838	0.074980	0.008553	0.002677
882.018472	0.074517	0.008350	0.002586
882.640292	0.074493	0.008173	0.002489
883.234917	0.074674	0.008245	0.002716
883.875679	0.075051	0.008329	0.002546
884.482705	0.077087	0.007987	0.002561
885.120760	0.073373	0.008501	0.002750
885.731343	0.075664	0.008060	0.002604
886.370673	0.074631	0.008373	0.002623
886.934964	0.074763	0.008355	0.002627
887.581906	0.076154	0.008372	0.002545
888.198395	0.074788	0.008501	0.002659
888.798636	0.073839	0.008530	0.002655
889.426498	0.074628	0.008431	0.002591
890.035947	0.075039	0.008402	0.002590
890.651898	0.075424	0.008543	0.002569
891.193141	0.076463	0.008528	0.002664
891.799128	0.075724	0.008488	0.002627
892.383269	0.074181	0.008835	0.002684
892.983991	0.073109	0.008731	0.002412
893.583748	0.076009	0.008736	0.002675
894.209309	0.073563	0.009093	0.002495
894.793949	0.074450	0.008826	0.002742
895.419701	0.074868	0.009175	0.002567
895.989926	0.077315	0.009257	0.002702
896.587731	0.073642	0.009248	0.002540
897.179124	0.077776	0.009677	0.002502
897.766895	0.076491	0.010182	0.002616
898.357143	0.074163	0.010692	0.002576
898.967502	0.072790	0.011654	0.002643
899.565866	0.075117	0.012487	0.002632
900.222728	0.073686	0.014335	0.002629
900.786829	0.075811	0.015358	0.002716
901.416625	0.075349	0.017129	0.002714
902.051345	0.075554	0.017944	0.002587
902.669775	0.074310	0.017821	0.002708
903.286016	0.077315	0.016989	0.002776
903.910071	0.074337	0.014566	0.002537
904.536219	0.074366	0.011695	0.002570
905.087492	0.073793	0.010470	0.002692
905.701766	0.072384	0.013891	0.002629
906.321675	0.075625	0.021758	0.002861
906.919831	0.077230	0.030915	0.002831
907.523403	0.074144	0.040858	0.002733
908.131285	0.076955	0.050712	0.002610
908.744926	0.072734	0.060489	0.002751
909.370080	0.076046	0.069465	0.002605
909.941899	0.073971	0.075167	0.002585
910.557533	0.073966	0.078954	0.002724
911.174753	0.077018	0.080084	0.002775
911.821588	0.072681	0.078633	0.002698
912.418988	0.074753	0.075603	0.002817
913.069610	0.073310	0.072025	0.002615
913.656232	0.076436	0.067741	0.002617
914.245317	0.075504	0.063405	0.002760
914.911982	0.074818	0.058092	0.002603
915.515437	0.074816	0.055217	0.002766
916.173413	0.072817	0.051838	0.002439
916.792295	0.077439	0.049018	0.002554
917.403801	0.074951	0.046424	0.002646
918.015910	0.072748	0.044430	0.002544
918.578750	0.073373	0.041875	0.002665
919.152393	0.074713	0.040271	0.002712
919.713933	0.074136	0.039259	0.002632
920.309057	0.076918	0.037597	0.002741
920.893137	0.074749	0.036550	0.002650
921.489479	0.073153	0.035797	0.002689
922.090628	0.072892	0.034941	0.002679
922.674459	0.075876	0.033767	0.002640
923.269193	0.077130	0.032802	0.002586
923.903515	0.074677	0.031885	0.002593
924.504296	0.076861	0.031308	0.002633
925.132512	0.074696	0.030906	0.002573
925.715773	0.075086	0.030452	0.002530
926.303017	0.072543	0.029918	0.002766
926.882181	0.073624	0.029262	0.002598
927.492011	0.070346	0.028867	0.002725
928.119330	0.077188	0.028833	0.002804
928.739751	0.075612	0.028474	0.002784
929.368878	0.074947	0.027830	0.002663
929.961449	0.076157	0.027728	0.002729
930.553090	0.077792	0.027332	0.002730
931.171739	0.074542	0.027385	0.002567
931.724714	0.075416	0.027686	0.002636
932.343681	0.073163	0.027025	0.002643
932.951041	0.076175	0.027116	0.002750
933.567786	0.075829	0.026958	0.002523
934.148269	0.075054	0.026864	0.002780
934.765675	0.073646	0.027048	0.002692
935.331597	0.074748	0.026918	0.002575
935.899617	0.072617	0.027132	0.002429
936.519185	0.075762	0.027691	0.002620
937.143588	0.072880	0.027627	0.002621
937.738109	0.070371	0.027652	0.002572
938.346217	0.077755	0.027856	0.002695
938.981839	0.074332	0.027822	0.002668
939.570431	0.073311	0.028068	0.002698
940.137267	0.075002	0.028702	0.002689
940.753410	0.072287	0.029163	0.002674
941.370923	0.074497	0.029505	0.002590
941.942783	0.073319	0.030554	0.002669
942.550440	0.072301	0.030756	0.002810
943.176974	0.075735	0.031436	0.002678
943.767556	0.074304	0.032369	0.002681
944.320567	0.074590	0.032688	0.002604
944.932526	0.075094	0.034020	0.002647
945.506531	0.072854	0.035071	0.002609
946.142051	0.075162	0.036332	0.002716
946.765164	0.074901	0.038188	0.002713
947.381254	0.075692	0.040069	0.002685
947.969471	0.077399	0.041782	0.002710
948.529587	0.071547	0.044382	0.002667
949.172562	0.073840	0.046745	0.002674
949.775428	0.076531	0.049052	0.002631
950.402666	0.074826	0.051844	0.002528
951.014160	0.074794	0.053831	0.002708
951.618708	0.073135	0.055082	0.002479
952.253445	0.075094	0.054439	0.002612
952.834224	0.072020	0.052114	0.002548
953.413096	0.074598	0.048594	0.002778
954.025908	0.074161	0.042187	0.002765
954.672555	0.074378	0.035156	0.002791
955.293750	0.074273	0.026776	0.002690
955.885576	0.076892	0.019833	0.002710
956.496140	0.075699	0.013724	0.002742
957.122107	0.074592	0.012317	0.002798
957.702059	0.073259	0.015046	0.002828
958.312062	0.074120	0.019296	0.002779
958.926013	0.074796	0.023608	0.002700
959.516543	0.075208	0.026532	0.002793
960.140738	0.077556	0.028346	0.002734
960.780972	0.072638	0.028786	0.002725
961.368454	0.076950	0.028646	0.002719
961.994903	0.075687	0.027326	0.002643
962.549625	0.076106	0.025819	0.002659
963.146849	0.074717	0.024318	0.002754
963.743764	0.075188	0.022862	0.002740
964.397585	0.073537	0.021734	0.002689
964.998659	0.066291	0.019920	0.002697
964.507735	0.074618	0.020600	0.002540
963.894134	0.073882	0.022241	0.002822
963.317839	0.074837	0.023399	0.002649
962.727335	0.067259	0.024955	0.002843
962.136086	0.073147	0.026630	0.002752
961.531445	0.076372	0.027725	0.002622
960.929996	0.072825	0.028294	0.002745
960.293461	0.072875	0.028398	0.002680
959.688147	0.075278	0.027551	0.002667
959.082086	0.074651	0.025255	0.002779
958.448534	0.077166	0.022029	0.002614
957.880117	0.072718	0.017512	0.002538
957.237906	0.077999	0.013320	0.002727
956.596866	0.074030	0.012274	0.002619
955.988338	0.072865	0.016384	0.002828
955.357421	0.072442	0.023450	0.002732
954.763502	0.073452	0.030582	0.002736
954.169435	0.074971	0.038077	0.002799
953.584392	0.077961	0.044879	0.002671
952.966853	0.075842	0.050256	0.002670
952.323563	0.076900	0.053367	0.002571
951.731006	0.076088	0.055013	0.002706
951.086067	0.074133	0.054587	0.002848
950.456838	0.075716	0.052908	0.002659
949.801852	0.072666	0.050227	0.002813
949.213895	0.076888	0.047863	0.002629
948.649121	0.071662	0.045601	0.002736
948.010124	0.075618	0.042966	0.002590
947.377667	0.073361	0.040516	0.002691
946.792207	0.076070	0.038661	0.002758
946.159589	0.072966	0.037375	0.002784
945.552562	0.074428	0.035413	0.002668
944.949517	0.075391	0.034707	0.002766
944.318827	0.074796	0.033266	0.002696
943.734170	0.074040	0.032437	0.002734
943.144496	0.074343	0.031822	0.002844
942.527163	0.074356	0.031096	0.002459
941.906775	0.073850	0.030156	0.002560
941.300911	0.072146	0.029562	0.002796
940.680633	0.074834	0.028939	0.002800
940.041163	0.076730	0.028796	0.002650
939.462344	0.075901	0.028537	0.002655
938.850020	0.072648	0.028111	0.002727
938.232786	0.075821	0.027682	0.002431
937.631380	0.073666	0.027549	0.002565
936.978975	0.073890	0.027497	0.002638
936.383599	0.072870	0.027090	0.002734
935.761152	0.074901	0.027086	0.002551
935.111816	0.073292	0.026896	0.002668
934.549123	0.076371	0.027302	0.002631
933.948876	0.075335	0.026963	0.002649
933.350552	0.073349	0.026910	0.002546
932.724767	0.072279	0.027165	0.002722
932.129225	0.076747	0.027025	0.002691
931.469483	0.076237	0.027293	0.002528
930.862945	0.072807	0.027609	0.002666
930.232496	0.074079	0.027373	0.002583
929.661486	0.072898	0.027660	0.002693
929.037434	0.075283	0.027719	0.002717
928.460464	0.074397	0.028459	0.002852
927.820440	0.076697	0.028431	0.002686
927.190950	0.074703	0.028959	0.002695
926.614648	0.075399	0.029067	0.002570
926.000359	0.073483	0.029438	0.002712
925.430711	0.075055	0.030355	0.002496
924.808084	0.073989	0.030944	0.002620
924.231395	0.075232	0.031540	0.002536
923.647900	0.072982	0.031999	0.002545
923.021489	0.077894	0.032726	0.002648
922.399343	0.073501	0.033603	0.002641
921.832621	0.074964	0.034660	0.002600
921.261330	0.075332	0.035381	0.002712
920.704660	0.073757	0.036356	0.002710
920.126875	0.074067	0.037535	0.002652
919.544507	0.063919	0.038940	0.002614
918.960428	0.075886	0.040248	0.002598
918.374492	0.074985	0.041862	0.002557
917.754537	0.076983	0.044263	0.002666
917.141076	0.075680	0.046112	0.002523
916.529534	0.074193	0.048999	0.002678
915.963286	0.073628	0.051643	0.002613
915.336729	0.073503	0.055000	0.002595
914.732170	0.075281	0.058484	0.002703
914.095020	0.075006	0.062493	0.002686
913.454435	0.075690	0.066975	0.002620
912.843471	0.071316	0.071146	0.002501
912.228064	0.076617	0.075123	0.002718
911.644219	0.074068	0.077757	0.002605
911.037606	0.074098	0.079179	0.002653
910.386901	0.076175	0.078532	0.002713
909.770179	0.074654	0.074577	0.002800
909.191292	0.075157	0.068892	0.002688
908.571457	0.075525	0.060639	0.002816
907.972786	0.075708	0.051527	0.002747
907.372274	0.073012	0.041612	0.002834
906.796923	0.075982	0.032177	0.002826
906.185913	0.074923	0.022719	0.002663
905.543241	0.073604	0.014813	0.002754
904.916071	0.074975	0.010286	0.002767
904.287592	0.075357	0.011612	0.002755
903.699385	0.073510	0.014534	0.002586
903.064070	0.076998	0.017130	0.002576
902.442659	0.075908	0.017960	0.002682
901.882266	0.076904	0.017639	0.002791
901.260132	0.076587	0.016817	0.002642
900.627174	0.076031	0.015714	0.002619
900.010196	0.075541	0.014171	0.002575
899.377850	0.075407	0.012899	0.002381
898.749535	0.075265	0.011853	0.002681
898.175164	0.074758	0.010681	0.002691
897.659746	0.074638	0.009954	0.002649
897.049387	0.076525	0.009510	0.002598
896.420520	0.075281	0.009353	0.002571
895.843860	0.073996	0.009198	0.002501
895.199866	0.074496	0.008560	0.002590
894.610725	0.071999	0.008913	0.002673
893.997865	0.074916	0.008785	0.002614
893.385400	0.073620	0.008732	0.002624
892.841013	0.073913	0.008534	0.002735
892.231585	0.074896	0.008470	0.002576
891.628307	0.075190	0.008455	0.002595
891.005762	0.075958	0.008501	0.002547
890.378680	0.074740	0.007956	0.002652
889.791156	0.073915	0.008257	0.002602
889.158294	0.076773	0.008089	0.002659
888.550717	0.074620	0.008267	0.002768
887.988704	0.073645	0.008309	0.002754
887.363407	0.075444	0.008508	0.002746
886.711045	0.076729	0.008283	0.002629
886.120736	0.073506	0.008541	0.002642
885.493038	0.074691	0.008134	0.002519
884.856770	0.074824	0.008147	0.002657
884.280560	0.075171	0.008340	0.002561
883.703387	0.075180	0.008395	0.002579
883.053728	0.075026	0.008513	0.002510
882.458466	0.073347	0.008341	0.002737
881.868501	0.072994	0.008273	0.002832
881.262100	0.073529	0.008095	0.002703
880.653166	0.073654	0.008138	0.002554
880.070224	0.074566	0.008159	0.002667
879.426653	0.073368	0.007619	0.002556
878.857428	0.075184	0.007781	0.002546
878.242589	0.075847	0.007454	0.002573
877.640312	0.075196	0.007785	0.002740
877.003051	0.075259	0.007454	0.002592
876.400373	0.067179	0.007312	0.002594
875.819943	0.075258	0.007614	0.002613
875.204730	0.075922	0.007241	0.002752
874.578864	0.074818	0.007116	0.002706
874.028373	0.076801	0.007026	0.002545
873.429847	0.076125	0.007236	0.002844
872.861636	0.075985	0.007146	0.002507
872.280297	0.073614	0.007146	0.002509
871.663251	0.072898	0.007232	0.002621
871.071053	0.073609	0.007203	0.002624
870.448237	0.074522	0.007222	0.002525
869.873932	0.075618	0.007210	0.002581
869.266492	0.074659	0.007224	0.002620
868.687285	0.075419	0.007279	0.002635
868.091186	0.072764	0.007358	0.002670
867.468258	0.075602	0.007082	0.002634
866.858917	0.075213	0.007155	0.002524
866.217590	0.075193	0.007210	0.002686
865.590697	0.069137	0.007499	0.002625
865.007151	0.075734	0.007694	0.002677
864.395183	0.072646	0.008013	0.002707
863.766022	0.073625	0.007793	0.002584
863.176231	0.073446	0.008256	0.002699
862.561435	0.074173	0.008483	0.002613
861.967893	0.074797	0.008525	0.002715
861.371624	0.073911	0.008679	0.002646
860.734920	0.074404	0.008732	0.002526
860.155286	0.074901	0.009097	0.002586
859.549267	0.073137	0.009510	0.002535
858.968906	0.075161	0.010275	0.002601
858.353868	0.073907	0.010330	0.002432
857.730683	0.075147	0.010380	0.002492
857.119226	0.075959	0.011458	0.002565
856.476978	0.074891	0.011882	0.002468
855.920425	0.074818	0.012149	0.002644
855.312302	0.075049	0.012863	0.002733
854.738420	0.069227	0.013058	0.002622
854.138355	0.074674	0.014164	0.002601
853.531341	0.075410	0.014901	0.002502
852.944997	0.074893	0.016012	0.002837
852.295601	0.074514	0.016643	0.002746
851.650068	0.075043	0.017568	0.002516
851.093885	0.074160	0.019032	0.002635
850.516332	0.073804	0.020362	0.002560
849.876688	0.073123	0.021770	0.002623
849.255957	0.073860	0.023146	0.002664
848.604462	0.074570	0.024955	0.002554
847.989312	0.073214	0.026312	0.002600
847.369428	0.075610	0.027692	0.002715
846.720531	0.074890	0.028263	0.002636
846.135915	0.073987	0.027884	0.002646
845.515308	0.073128	0.026938	0.002667
844.905494	0.076268	0.023966	0.002617
844.312255	0.074792	0.020077	0.002694
843.668042	0.075750	0.014003	0.002771
843.043642	0.073856	0.008089	0.002622
842.463586	0.074548	0.009734	0.002688
841.907988	0.075999	0.017468	0.002669
841.306412	0.075662	0.026335	0.002849
840.656896	0.073146	0.036370	0.002704
840.058895	0.075918	0.043868	0.002802
839.411036	0.074549	0.049438	0.002537
838.802342	0.075948	0.052119	0.002742
838.160885	0.074466	0.053127	0.002615
837.522064	0.075103	0.051322	0.002632
836.953912	0.075405	0.048403	0.002509
836.315447	0.074380	0.044883	0.002756
835.701530	0.073745	0.041157	0.002695
835.124893	0.075656	0.037499	0.002731
834.519992	0.075450	0.033656	0.002602
833.898768	0.076022	0.030712	0.002755
833.292496	0.075440	0.027793	0.002753
832.647411	0.076061	0.024866	0.002550
832.061520	0.075849	0.023955	0.002592
831.487947	0.074551	0.022370	0.002707
830.913544	0.074417	0.021887	0.002581
830.282494	0.073260	0.020743	0.002795
829.669860	0.075648	0.020419	0.002642
829.096099	0.072910	0.019919	0.002697
828.476360	0.074132	0.019730	0.002683
827.909534	0.075566	0.019146	0.002643
827.318703	0.073574	0.019065	0.002448
826.678503	0.075978	0.019209	0.002666
826.109104	0.075014	0.019094	0.002761
825.526694	0.075347	0.019099	0.002724
824.920446	0.074101	0.019150	0.002565
824.288763	0.076217	0.018741	0.002704
823.677194	0.074332	0.018511	0.002675
823.120878	0.076036	0.018848	0.002649
822.482055	0.075600	0.018604	0.002505
821.909539	0.074833	0.018493	0.002580
821.287750	0.075427	0.018342	0.002619
820.681213	0.074288	0.018368	0.002724
820.076330	0.074429	0.018468	0.002506
819.434579	0.074574	0.018525	0.002597
818.808410	0.075364	0.018128	0.002551
818.244383	0.076232	0.018493	0.002570
817.627798	0.075748	0.018165	0.002734
817.027802	0.074433	0.018249	0.002601
816.420184	0.075795	0.018663	0.002588
815.794812	0.073983	0.018743	0.002545
815.185057	0.074691	0.018645	0.002630
814.592160	0.075338	0.019038	0.002690
814.021922	0.073311	0.019227	0.002678
813.394734	0.075409	0.019146	0.002635
812.724987	0.074953	0.019214	0.002691
812.086357	0.075738	0.019540	0.002594
811.549031	0.071635	0.019259	0.002487
810.905746	0.074953	0.019502	0.002727
810.298041	0.074034	0.019361	0.002682
809.645270	0.077036	0.019928	0.002560
808.990525	0.075487	0.020226	0.002489
808.396845	0.074776	0.020289	0.002516
807.838505	0.074281	0.020608	0.002614
807.203029	0.072735	0.020587	0.002527
806.578197	0.074994	0.021406	0.002718
805.921716	0.074538	0.020911	0.002579
805.278372	0.074965	0.021227	0.002816
804.675204	0.074658	0.021991	0.002649
804.015748	0.074973	0.022136	0.002548
803.363190	0.074139	0.022188	0.002684
802.700691	0.074955	0.022523	0.002547
802.017776	0.074882	0.022884	0.002486
801.442097	0.075055	0.023398	0.002817
800.782622	0.085296	0.023508	0.002691
800.147138	0.073834	0.024186	0.002598
799.508258	0.074582	0.024669	0.002442
798.854909	0.075445	0.024624	0.002613
798.217275	0.074485	0.024909	0.002593
797.620476	0.075174	0.026118	0.002687
796.963751	0.074666	0.026362	0.002535
796.321231	0.074876	0.026524	0.002540
795.647889	0.074523	0.027847	0.002590
795.002046	0.074584	0.028579	0.002559
794.450612	0.075763	0.029005	0.002659
793.812975	0.074665	0.029807	0.002516
793.146537	0.074155	0.030937	0.002656
792.464883	0.073088	0.031788	0.002586
791.775723	0.074967	0.033005	0.002657
791.185043	0.074642	0.034163	0.002592
790.628934	0.074867	0.035026	0.002772
789.981878	0.072360	0.036505	0.002510
789.332404	0.074322	0.038293	0.002484
788.657160	0.074222	0.040085	0.002534
788.009681	0.076612	0.041499	0.002771
787.418249	0.075140	0.044206	0.002723
786.748254	0.075086	0.046125	0.002583
786.141242	0.074802	0.049055	0.002476
785.499605	0.074845	0.051885	0.002600
784.910054	0.073765	0.054886	0.002569
784.338306	0.076376	0.058100	0.002698
783.697257	0.075791	0.062368	0.002557
783.132132	0.074820	0.066840	0.002615
782.568424	0.075540	0.070505	0.002580
781.964596	0.072825	0.075082	0.002664
781.376097	0.073002	0.078093	0.002659
780.744087	0.076343	0.081254	0.002585
780.068493	0.075694	0.082115	0.002622
779.416837	0.075065	0.079280	0.002749
778.806410	0.074486	0.073845	0.002697
778.237499	0.074389	0.065111	0.002653
777.614671	0.073980	0.053490	0.002941
777.008240	0.074734	0.040399	0.002748
776.365402	0.075415	0.026005	0.002882
775.808467	0.069731	0.014331	0.002839
775.197144	0.073656	0.007303	0.002523
774.613205	0.073947	0.014085	0.002839
773.992373	0.075014	0.021430	0.002853
773.359673	0.074869	0.026440	0.002805
772.763955	0.074618	0.028409	0.002572
772.132598	0.075930	0.028243	0.002669
771.574097	0.075557	0.026195	0.002604
770.971059	0.074814	0.023835	0.002609
770.383939	0.075087	0.020444	0.002555
769.753908	0.074078	0.017207	0.002667
769.128845	0.075223	0.014453	0.002575
768.553984	0.075320	0.011848	0.002703
768.001805	0.075120	0.010121	0.002541
767.417362	0.073567	0.008482	0.002615
766.839671	0.075364	0.008197	0.002471
766.217379	0.074173	0.007168	0.002632
765.619069	0.074911	0.007276	0.002396
765.013830	0.070666	0.007366	0.002598
764.358312	0.072572	0.007349	0.002530
763.762986	0.074040	0.007200	0.002603
763.139544	0.074981	0.007316	0.002588
762.526143	0.074882	0.007512	0.002573
761.950060	0.076339	0.007731	0.002650
761.321013	0.073869	0.007308	0.002603
760.697680	0.075069	0.007375	0.002635
760.091000	0.074226	0.007324	0.002664
759.431347	0.073735	0.007217	0.002542
758.821965	0.074005	0.007124	0.002651
758.169146	0.074918	0.006574	0.002678
757.577028	0.072030	0.007115	0.002602
756.996759	0.074561	0.006784	0.002588
756.382984	0.074923	0.006605	0.002532
755.750135	0.075416	0.006505	0.002569
755.134335	0.074017	0.006627	0.002515
754.517893	0.076349	0.006413	0.002547
753.925036	0.074955	0.007049	0.002703
753.316516	0.074048	0.006668	0.002651
752.730363	0.073305	0.006294	0.002528
752.103685	0.073794	0.006274	0.002722
751.484899	0.074462	0.006037	0.002558
750.902288	0.074255	0.006253	0.002532
750.283479	0.075490	0.006075	0.002550
749.664271	0.074005	0.006424	0.002538
749.047799	0.073840	0.006293	0.002658
748.409317	0.075122	0.006008	0.002615
747.843865	0.074044	0.006102	0.002613
747.266267	0.075289	0.005909	0.002609
746.639740	0.074002	0.005865	0.002577
746.014055	0.074972	0.006021	0.002719
745.419117	0.073718	0.006080	0.002599
744.770818	0.075356	0.006083	0.002584
744.141091	0.074716	0.005942	0.002588
743.561602	0.076037	0.005839	0.002599
742.971139	0.075810	0.005879	0.002746
742.341391	0.074953	0.005695	0.002759
741.761649	0.074164	0.006009	0.002525
741.125498	0.074314	0.006127	0.002762
740.505180	0.075075	0.006017	0.002660
739.949223	0.074882	0.005704	0.002734
739.359559	0.075389	0.006126	0.002633
738.793784	0.075777	0.005485	0.002569
738.172279	0.074517	0.005991	0.002579
737.539770	0.076349	0.006035	0.002656
736.904586	0.074534	0.005929	0.002568
736.309446	0.075048	0.006046	0.002708
735.713344	0.075238	0.006147	0.002575
735.108866	0.074692	0.005977	0.002491
734.541053	0.074964	0.005796	0.002601
733.928470	0.076334	0.005845	0.002650
733.330961	0.075431	0.006244	0.002674
732.710949	0.074831	0.006272	0.002590
732.113840	0.076070	0.006054	0.002579
731.512600	0.075187	0.006261	0.002552
730.948862	0.074026	0.006048	0.002680
730.359881	0.075281	0.006348	0.002586
729.801053	0.074612	0.006090	0.002512
729.214224	0.074274	0.006274	0.002609
728.580121	0.077083	0.006468	0.002623
728.018496	0.076158	0.006576	0.002610
727.372964	0.074972	0.006754	0.002668
726.741774	0.075456	0.006814	0.002608
726.133018	0.074658	0.006730	0.002549
725.493463	0.073426	0.006446	0.002722
724.926923	0.075477	0.007195	0.002755
724.347504	0.074898	0.007042	0.002567
723.749217	0.075309	0.007287	0.002766
723.097830	0.074598	0.007473	0.002488
722.473132	0.076838	0.007214	0.002607
721.851882	0.072502	0.007280	0.002546
721.250512	0.075510	0.007990	0.002574
720.650646	0.075406	0.008117	0.002625
720.071239	0.074908	0.008168	0.002626
719.494946	0.073489	0.008493	0.002578
718.947212	0.074437	0.008736	0.002711
718.396470	0.074793	0.009102	0.002660
717.816656	0.074923	0.009433	0.002696
717.206522	0.075463	0.009994	0.002476
716.597161	0.074648	0.010347	0.002578
715.940472	0.076595	0.011012	0.002496
715.315098	0.076525	0.011356	0.002495
714.671888	0.076089	0.012099	0.002735
714.062146	0.075431	0.012602	0.002778
713.470977	0.075892	0.013249	0.002549
712.842503	0.076754	0.014189	0.002610
712.276004	0.076691	0.014833	0.002566
711.729266	0.077781	0.015648	0.002621
711.148648	0.073500	0.016017	0.002576
710.585658	0.075100	0.016392	0.002651
710.013317	0.075183	0.016621	0.002580
709.457867	0.077989	0.016137	0.002587
708.913231	0.076247	0.015279	0.002745
708.369608	0.074755	0.013458	0.002663
707.803225	0.073860	0.010945	0.002756
707.249687	0.072984	0.008503	0.002641
706.663327	0.075846	0.009109	0.002592
706.054890	0.075514	0.014121	0.002687
705.479320	0.075196	0.020318	0.002664
704.900462	0.074728	0.025840	0.002688
704.359193	0.077323	0.030799	0.002598
703.785073	0.077731	0.034308	0.002619
703.244432	0.073846	0.036578	0.002694
702.691219	0.074250	0.036994	0.002474
702.133746	0.075653	0.036097	0.002691
701.557456	0.074722	0.033573	0.002703
700.977263	0.075569	0.030480	0.002649
700.396192	0.075276	0.027289	0.002688
699.829616	0.075498	0.024129	0.002588
699.276156	0.075047	0.021215	0.002802
698.680111	0.077159	0.018851	0.002636
698.142355	0.075469	0.017266	0.002541
697.570196	0.074808	0.015662	0.002577
697.005428	0.076130	0.014858	0.002577
696.456805	0.075017	0.014140	0.002649
695.892895	0.076310	0.014036	0.002552
695.267672	0.075742	0.014023	0.002672
694.643876	0.073937	0.014208	0.002785
694.054087	0.076929	0.014436	0.002620
693.486280	0.074708	0.014268	0.002539
692.914603	0.076164	0.014761	0.002672
692.336503	0.075151	0.014677	0.002738
691.764216	0.074082	0.014742	0.002563
691.155525	0.077335	0.014779	0.002843
690.558360	0.076239	0.014661	0.002655
689.949450	0.075427	0.014081	0.002626
689.322756	0.077021	0.014785	0.002572
688.737199	0.072692	0.014703	0.002732
688.133603	0.075306	0.014170	0.002519
687.513992	0.074999	0.014285	0.002577
686.945358	0.075137	0.014715	0.002583
686.394506	0.074927	0.014965	0.002746
685.860842	0.075904	0.014622	0.002636
685.306696	0.076744	0.014952	0.002648
684.725737	0.074308	0.014821	0.002611
684.161589	0.073056	0.015054	0.002651
683.599026	0.075386	0.014890	0.002647
683.039166	0.076219	0.015246	0.002754
682.432508	0.074612	0.015017	0.002522
681.809875	0.075502	0.015307	0.002739
681.226829	0.074083	0.014954	0.002534
680.668316	0.074058	0.015236	0.002621
680.099977	0.075516	0.015567	0.002584
679.520056	0.077101	0.015706	0.002576
678.965302	0.074806	0.015411	0.002736
678.408680	0.072705	0.015726	0.002656
677.852812	0.074125	0.015673	0.002676
677.267973	0.072942	0.016225	0.002697
676.703684	0.075463	0.016186	0.002656
676.139179	0.077304	0.016223	0.002507
675.581662	0.075519	0.016262	0.002622
674.994909	0.074169	0.016230	0.002637
674.369859	0.079147	0.016222	0.002609
673.750266	0.073192	0.016451	0.002578
673.159853	0.073695	0.016715	0.002655
672.533934	0.075071	0.016798	0.002690
671.898889	0.076838	0.016945	0.002637
671.303470	0.075311	0.017604	0.002970
670.674104	0.074683	0.017162	0.002570
670.073729	0.075885	0.017596	0.002648
669.490545	0.076952	0.017696	0.002515
668.935850	0.075589	0.017796	0.002507
668.369198	0.072612	0.017984	0.002596
667.831409	0.071662	0.017997	0.002646
667.278650	0.074737	0.017973	0.002716
666.672704	0.074752	0.018366	0.002555
666.071791	0.075317	0.018546	0.002680
665.466554	0.077514	0.018504	0.002629
664.816175	0.073631	0.019216	0.002622
664.281563	0.072500	0.019154	0.002664
663.724048	0.072847	0.019325	0.002742
663.149905	0.074457	0.019401	0.002561
662.569211	0.072956	0.019449	0.002601
662.007788	0.072232	0.019606	0.002632
661.457160	0.076306	0.019752	0.002604
660.916265	0.076450	0.019576	0.002578
660.378456	0.071778	0.020317	0.002577
659.776298	0.072680	0.020581	0.002550
659.242621	0.074943	0.020595	0.002722
658.680822	0.074429	0.020634	0.002602
658.104798	0.073305	0.020850	0.002629
657.521614	0.074197	0.021246	0.002598
656.957717	0.072175	0.021740	0.002689
656.401741	0.073952	0.021890	0.002662
655.796862	0.076384	0.022078	0.002510
655.249035	0.074315	0.021981	0.002669
654.698982	0.077023	0.022301	0.002490
654.139633	0.073628	0.022577	0.002601
653.602020	0.073994	0.023110	0.002636
653.058502	0.075372	0.023100	0.002651
652.511482	0.076612	0.023720	0.002632
651.926010	0.075516	0.023936	0.002606
651.371804	0.074031	0.024294	0.002723
650.745100	0.073624	0.024699	0.002632
650.103417	0.076254	0.024811	0.002531
649.524427	0.077223	0.025275	0.002664
648.946975	0.073807	0.026091	0.002668
648.324493	0.073700	0.026643	0.002627
647.737217	0.073973	0.027476	0.002522
647.163410	0.076480	0.027850	0.002508
646.557566	0.075089	0.028589	0.002461
645.942364	0.074213	0.029130	0.002702
645.359230	0.073805	0.030027	0.002668
644.741576	0.077352	0.030884	0.002613
644.111296	0.077582	0.032143	0.002660
643.486368	0.076124	0.033413	0.002669
642.898722	0.074897	0.034451	0.002764
642.270979	0.075256	0.036128	0.002551
641.629941	0.074674	0.037842	0.002699
640.991290	0.073795	0.039253	0.002783
640.419911	0.073879	0.040760	0.002644
639.887429	0.073761	0.042506	0.002576
639.336509	0.073855	0.044456	0.002744
638.767542	0.078025	0.046052	0.002762
638.213370	0.075608	0.046957	0.002597
637.664637	0.076477	0.046967	0.002749
637.109700	0.071990	0.046705	0.002695
636.543533	0.076177	0.044840	0.002582
635.972277	0.075524	0.041616	0.002664
635.358719	0.073916	0.037328	0.002814
635.238536	0.075355	0.034138	0.002760
635.835226	0.075522	0.039154	0.002730
636.454321	0.078154	0.043254	0.002669
637.087941	0.079014	0.045847	0.002699
637.632378	0.075522	0.046652	0.002703
638.216209	0.074874	0.046795	0.002668
638.812884	0.071971	0.046273	0.002465
639.424744	0.078078	0.044826	0.002761
640.057662	0.076528	0.042771	0.002701
640.642318	0.073577	0.040950	0.002624
641.266308	0.074599	0.038996	0.002547
641.872637	0.072901	0.037793	0.002557
642.447220	0.075112	0.036303	0.002629
643.072716	0.076933	0.034894	0.002625
643.702843	0.075755	0.033177	0.002539
644.302210	0.073841	0.032162	0.002703
644.854787	0.075219	0.031704	0.002522
645.390503	0.077465	0.030699	0.002639
645.924489	0.075832	0.029837	0.002574
646.475660	0.075626	0.029096	0.002584
647.041567	0.077393	0.028447	0.002706
647.606305	0.077762	0.027662	0.002601
648.152661	0.073786	0.026882	0.002684
648.763855	0.073448	0.026386	0.002606
649.386715	0.071851	0.025840	0.002588
649.998595	0.076560	0.025179	0.002620
650.605962	0.078140	0.024830	0.002578
651.180647	0.074422	0.024496	0.002703
651.785719	0.075113	0.023847	0.002624
652.346392	0.076670	0.023664	0.002555
652.986468	0.074991	0.023404	0.002640
653.630862	0.074581	0.022647	0.002655
654.243246	0.074269	0.022355	0.002674
654.871552	0.075304	0.022379	0.002577
655.434086	0.072565	0.022204	0.002691
656.027517	0.074251	0.021929	0.002547
656.605031	0.073217	0.021920	0.002581
657.232467	0.075518	0.021345	0.002602
657.823984	0.075091	0.021111	0.002631
658.419338	0.073007	0.020701	0.002630
659.030461	0.077278	0.020562	0.002616
659.608442	0.074085	0.020600	0.002671
660.193624	0.074896	0.020227	0.002743
660.779258	0.074202	0.020008	0.002725
661.409245	0.075383	0.019680	0.002622
662.033349	0.078883	0.019635	0.002669
662.627694	0.078390	0.019310	0.002595
663.248607	0.076226	0.019079	0.002751
663.866103	0.076100	0.019250	0.002600
664.478335	0.074184	0.018892	0.002578
665.109569	0.076006	0.018708	0.002605
665.704804	0.076274	0.019035	0.002620
666.277212	0.071720	0.018540	0.002595
666.898172	0.073531	0.017878	0.002585
667.522964	0.073748	0.018054	0.002488
668.125392	0.074234	0.018052	0.002609
668.806539	0.073923	0.017601	0.002473
669.389795	0.074509	0.017594	0.002472
670.006103	0.073523	0.017637	0.002647
670.623719	0.075402	0.017317	0.002621
671.240590	0.074741	0.017339	0.002665
671.885967	0.076951	0.017126	0.002526
672.508985	0.073565	0.017258	0.002611
673.098242	0.072605	0.016792	0.002569
673.729180	0.075714	0.016682	0.002679
674.282830	0.076708	0.016444	0.002476
674.885701	0.076217	0.016626	0.002512
675.464170	0.074573	0.016349	0.002543
676.117976	0.074272	0.016230	0.002523
676.736207	0.075271	0.016187	0.002692
677.315657	0.074530	0.016260	0.002593
677.961565	0.070867	0.016252	0.002755
678.548861	0.073151	0.015932	0.002594
679.112393	0.075303	0.015391	0.002631
679.757077	0.074392	0.015482	0.002632
680.388395	0.075664	0.015153	0.002446
680.985301	0.072481	0.015277	0.002713
681.630676	0.073415	0.015306	0.002551
682.237425	0.077687	0.015031	0.002676
682.810596	0.076467	0.015210	0.002609
683.378775	0.073042	0.015003	0.002560
684.007090	0.074492	0.014931	0.002623
684.618032	0.073509	0.014681	0.002746
685.229601	0.074742	0.014611	0.002756
685.862068	0.074199	0.014680	0.002583
686.432245	0.074749	0.014463	0.002825
687.083201	0.074500	0.014644	0.002704
687.668025	0.074343	0.014672	0.002548
688.267660	0.074281	0.014618	0.002529
688.851498	0.072705	0.014640	0.002500
689.462647	0.070897	0.014362	0.002727
690.098831	0.076210	0.014734	0.002582
690.685474	0.072774	0.014705	0.002682
691.336243	0.078225	0.014707	0.002635
691.952969	0.076343	0.014537	0.002525
692.533099	0.076424	0.014722	0.002657
693.178179	0.076570	0.014062	0.002749
693.793124	0.075895	0.014114	0.002467
694.415836	0.076823	0.014322	0.002765
695.070192	0.072570	0.013993	0.002525
695.666647	0.076184	0.014024	0.002653
696.272993	0.074657	0.014257	0.002772
696.870938	0.073946	0.014292	0.002548
697.455383	0.075364	0.015255	0.002457
698.051981	0.078660	0.015937	0.002650
698.673094	0.074736	0.017919	0.002530
699.247455	0.075173	0.020332	0.002621
699.873744	0.073054	0.023404	0.002597
700.429911	0.075367	0.026258	0.002741
701.038852	0.076123	0.029519	0.002625
701.638623	0.075117	0.032816	0.002514
702.209116	0.073662	0.035244	0.002609
702.790996	0.074263	0.036715	0.002610
703.424402	0.076563	0.036872	0.002638
704.021854	0.075595	0.034673	0.002667
704.625328	0.074749	0.030479	0.002694
705.263343	0.075807	0.024707	0.002766
705.875058	0.073355	0.018391	0.002687
706.496455	0.073374	0.012167	0.002762
707.059315	0.076012	0.008730	0.002685
707.666954	0.075918	0.009041	0.002616
708.274676	0.074394	0.011863	0.002611
708.864557	0.075209	0.014075	0.002471
709.493946	0.075370	0.016011	0.002655
710.092552	0.077430	0.016891	0.002604
710.674056	0.074933	0.016825	0.002588
711.259814	0.073691	0.016444	0.002665
711.841731	0.076590	0.015813	0.002737
712.463993	0.074982	0.014709	0.002561
713.091643	0.074150	0.013482	0.002676
713.716823	0.073289	0.013285	0.002561
714.336950	0.076674	0.013093	0.002705
714.938785	0.074277	0.011954	0.002626
715.550296	0.074544	0.011178	0.002615
716.106043	0.075055	0.011002	0.002609
716.725507	0.075157	0.010383	0.002531
717.346437	0.074421	0.009773	0.002733
717.959575	0.075994	0.009448	0.002743
718.567824	0.074841	0.009213	0.002558
719.139347	0.075431	0.008694	0.002555
719.789748	0.075865	0.008486	0.002521
720.352616	0.075056	0.007974	0.002582
720.965248	0.074869	0.007682	0.002519
721.585575	0.075822	0.008004	0.002510
722.183781	0.075322	0.007404	0.002587
722.782388	0.073228	0.007402	0.002590
723.438095	0.076781	0.007341	0.002601
724.045479	0.075061	0.007240	0.002596
724.649316	0.073833	0.007160	0.002641
725.263161	0.072312	0.007030	0.002537
725.823116	0.073933	0.006802	0.002445
726.412391	0.077235	0.006713	0.002582
727.006205	0.075341	0.006662	0.002574
727.648902	0.074630	0.006596	0.002614
728.254951	0.074049	0.006648	0.002624
728.848727	0.076374	0.006457	0.002533
729.497693	0.075934	0.006161	0.002496
730.121864	0.074108	0.006083	0.002726
730.691474	0.074650	0.006144	0.002617
731.302838	0.074543	0.006185	0.002770
731.936354	0.072369	0.006149	0.002623
732.535928	0.074566	0.006243	0.002517
733.186140	0.075248	0.006082	0.002590
733.782667	0.073424	0.006131	0.002542
734.418890	0.075110	0.005720	0.002591
735.023749	0.074462	0.006213	0.002768
735.596900	0.077195	0.005709	0.002676
736.172904	0.074773	0.005900	0.002665
736.741930	0.075150	0.006293	0.002644
737.368499	0.073081	0.006207	0.002607
737.986548	0.074824	0.005850	0.002579
738.568980	0.074810	0.005672	0.002631
739.205384	0.073490	0.006035	0.002595
739.849786	0.072809	0.005989	0.002659
740.404233	0.073287	0.005759	0.002665
740.989200	0.075263	0.005968	0.002602
741.599412	0.075470	0.005775	0.002735
742.176627	0.074941	0.006135	0.002663
742.786711	0.072657	0.006235	0.002612
743.454579	0.072386	0.005891	0.002682
744.056472	0.075123	0.006019	0.002645
744.629261	0.073515	0.006069	0.002455
745.249751	0.075382	0.006346	0.002593
745.857578	0.075636	0.006052	0.002567
746.459609	0.075031	0.006093	0.002574
747.097039	0.074516	0.006203	0.002669
747.716133	0.075341	0.006128	0.002616
748.299128	0.074248	0.006181	0.002570
748.931067	0.075118	0.006092	0.002574
749.501073	0.073288	0.006097	0.002592
750.105014	0.075565	0.006009	0.002532
750.713659	0.074068	0.006121	0.002567
751.352016	0.074874	0.006242	0.002492
751.970005	0.075391	0.006226	0.002619
752.621045	0.075348	0.006245	0.002685
753.242153	0.073767	0.006437	0.002647
753.844082	0.074849	0.006396	0.002499
754.395471	0.075414	0.006686	0.002668
755.016717	0.074783	0.006864	0.002344
755.645633	0.076163	0.006791	0.002452
756.258583	0.073475	0.006318	0.002592
756.874638	0.074718	0.006616	0.002615
757.469115	0.074129	0.007236	0.002631
758.109537	0.074873	0.007058	0.002595
758.672198	0.075053	0.007165	0.002670
759.258566	0.074564	0.007246	0.002464
759.877488	0.076017	0.007316	0.002575
760.515883	0.075137	0.007409	0.002668
761.123672	0.074344	0.007286	0.002654
761.755607	0.074437	0.007489	0.002692
762.387907	0.074652	0.007356	0.002636
762.988291	0.075839	0.007426	0.002536
763.540715	0.075414	0.007375	0.002722
764.167514	0.075020	0.007412	0.002487
764.766418	0.075002	0.007331	0.002508
765.365395	0.076057	0.007054	0.002523
766.033129	0.074585	0.007359	0.002659
766.614323	0.076738	0.007466	0.002616
767.229498	0.075227	0.008447	0.002677
767.858054	0.075704	0.009169	0.002586
768.436524	0.073334	0.010554	0.002436
769.063546	0.074031	0.013116	0.002510
769.665474	0.074936	0.015371	0.002638
770.272956	0.075635	0.019112	0.002512
770.841484	0.074974	0.021998	0.002831
771.457412	0.074561	0.025347	0.002660
772.092738	0.074605	0.027604	0.002578
772.674108	0.075367	0.028623	0.002676
773.308746	0.074929	0.027678	0.002694
773.936025	0.074962	0.023953	0.002750
774.523789	0.073334	0.017828	0.002737
775.171474	0.072145	0.009256	0.002764
775.772421	0.073597	0.010256	0.002973
776.343011	0.074957	0.020904	0.002804
776.966223	0.074678	0.034839	0.002785
777.527708	0.074197	0.047076	0.002970
778.135281	0.076195	0.059327	0.002862
778.721047	0.075565	0.069993	0.002830
779.305798	0.074253	0.076998	0.002608
779.926949	0.074275	0.080996	0.002660
780.544134	0.074483	0.081802	0.002562
781.127313	0.075458	0.080135	0.002727
781.711368	0.075410	0.077306	0.002601
782.262847	0.074934	0.073894	0.002834
782.851476	0.074893	0.070020	0.002611
783.455293	0.074704	0.064722	0.002636
784.075101	0.073609	0.061313	0.002705
784.724238	0.075009	0.056835	0.002635
785.339375	0.073577	0.053513	0.002609
785.911808	0.072788	0.051154	0.002497
786.470086	0.074733	0.048716	0.002587
787.090619	0.074896	0.046100	0.002619
787.687339	0.074666	0.043939	0.002537
788.283960	0.074595	0.041588	0.002589
788.927302	0.075887	0.039948	0.002636
789.560665	0.074914	0.038020	0.002583
790.183952	0.073778	0.036559	0.002587
790.791002	0.074662	0.035270	0.002544
791.380245	0.074460	0.034292	0.002574
792.003198	0.075919	0.033058	0.002639
792.651959	0.075004	0.032099	0.002783
793.226123	0.075545	0.031324	0.002492
793.877382	0.075096	0.030509	0.002598
794.505440	0.074950	0.029020	0.002745
795.138586	0.075293	0.028738	0.002576
795.794733	0.075705	0.027819	0.002697
796.382506	0.075537	0.027492	0.002586
796.989698	0.074362	0.026310	0.002742
797.589031	0.074404	0.026473	0.002503
798.193410	0.076239	0.025155	0.002534
798.809425	0.076054	0.024831	0.002537
799.424401	0.074081	0.024695	0.002832
800.048217	0.075317	0.024306	0.002586
