800.446147	0.081417	0.024107	0.002617
801.084651	0.081445	0.023716	0.002731
801.702840	0.079964	0.023211	0.002688
802.304671	0.080504	0.023102	0.002498
802.922582	0.082358	0.023039	0.002696
803.576670	0.080024	0.022068	0.002723
804.245374	0.080549	0.021850	0.002520
804.890461	0.080624	0.021978	0.002678
805.558219	0.080323	0.021510	0.002553
806.188662	0.081371	0.021546	0.002612
806.834669	0.080491	0.021502	0.002509
807.444656	0.080452	0.020511	0.002771
808.035593	0.081485	0.020278	0.002656
808.645317	0.080308	0.020194	0.002753
809.249883	0.079734	0.020240	0.002619
810.160121	0.079871	0.019975	0.002546
810.770648	0.082126	0.019510	0.002700
811.392968	0.080027	0.019684	0.002668
811.939857	0.080505	0.019495	0.002673
812.531665	0.081015	0.019416	0.002532
813.126238	0.080784	0.019151	0.002592
813.779587	0.082111	0.019056	0.002595
814.391570	0.079354	0.019023	0.002592
815.069857	0.081072	0.019014	0.002646
815.670388	0.080001	0.018771	0.002464
816.258699	0.080611	0.018695	0.002528
816.849496	0.081296	0.019039	0.002503
817.430057	0.081391	0.018936	0.002590
818.013588	0.079496	0.019084	0.002579
818.652770	0.082054	0.018746	0.002661
819.255365	0.080846	0.018316	0.002641
819.870773	0.080420	0.018675	0.002421
820.536035	0.081197	0.018495	0.002516
821.156630	0.081094	0.019033	0.002670
821.817676	0.079805	0.018514	0.002604
822.413821	0.074391	0.018455	0.002519
823.012481	0.080981	0.019015	0.002593
823.672815	0.079616	0.018942	0.002663
824.279525	0.081916	0.019193	0.002639
824.931527	0.081143	0.019240	0.002412
825.539231	0.081558	0.019259	0.002410
826.157769	0.080360	0.019389	0.002612
826.772638	0.080737	0.019246	0.002697
827.336584	0.080807	0.020062	0.002628
827.969984	0.081275	0.019619	0.002767
828.625739	0.081207	0.020258	0.002457
829.203347	0.080040	0.020039	0.002704
829.848254	0.079656	0.020303	0.002575
830.490101	0.081213	0.020814	0.002591
831.077524	0.081764	0.021925	0.002621
831.729324	0.081009	0.022572	0.002390
832.366327	0.082287	0.024512	0.002692
833.041070	0.081479	0.026260	0.002592
833.643595	0.080313	0.028224	0.002599
834.292984	0.080076	0.031555	0.002632
834.911285	0.081224	0.034966	0.002806
835.521458	0.081956	0.038754	0.002764
836.164644	0.080402	0.042629	0.002592
836.779989	0.081733	0.046572	0.002614
837.424052	0.081853	0.050359	0.002512
838.022349	0.081728	0.052650	0.002598
838.674301	0.081581	0.053651	0.002764
839.287036	0.079713	0.052125	0.002648
839.878926	0.080582	0.047938	0.002791
840.517969	0.080702	0.041020	0.002710
841.155690	0.079642	0.032421	0.002655
841.820555	0.079573	0.021958	0.002835
842.443116	0.080382	0.013126	0.002603
843.104390	0.082438	0.008039	0.002554
843.709123	0.080556	0.012673	0.002761
844.350742	0.080924	0.018657	0.002717
844.992670	0.080784	0.023216	0.002647
845.569837	0.081183	0.026477	0.002608
846.217594	0.081085	0.028193	0.002527
846.820489	0.082487	0.028619	0.002461
847.426075	0.081790	0.028111	0.002755
848.047039	0.078842	0.026753	0.002641
848.644730	0.080825	0.025423	0.002535
849.248745	0.081204	0.023903	0.002551
849.918594	0.080344	0.022233	0.002559
850.542161	0.080841	0.020911	0.002597
851.226353	0.079634	0.019512	0.002500
851.838432	0.080274	0.018358	0.002421
852.482065	0.082297	0.017429	0.002670
853.083552	0.081795	0.016295	0.002597
853.762927	0.080829	0.015130	0.002655
854.359471	0.080365	0.014589	0.002673
855.012673	0.080344	0.013573	0.002520
855.650473	0.080563	0.013317	0.002654
856.281255	0.080158	0.012499	0.002620
856.924661	0.080856	0.012012	0.002577
857.524590	0.080205	0.011520	0.002512
858.108236	0.079195	0.010932	0.002504
858.736593	0.080802	0.010842	0.002464
859.325957	0.080517	0.010323	0.002494
859.956365	0.082690	0.009979	0.002467
860.587808	0.082263	0.009201	0.002518
861.244712	0.080349	0.009545	0.002614
861.850831	0.081369	0.009465	0.002573
862.537142	0.082629	0.008619	0.002553
863.172000	0.080945	0.009187	0.002673
863.852635	0.081234	0.008881	0.002574
864.462198	0.080412	0.008756	0.002635
865.122310	0.082036	0.008449	0.002766
865.715413	0.080759	0.008403	0.002586
866.349750	0.079619	0.008351	0.002674
866.951108	0.079757	0.007986	0.002537
867.552262	0.080048	0.008090	0.002561
868.212523	0.082639	0.008026	0.002647
868.846117	0.080721	0.007917	0.002550
869.498980	0.079788	0.007935	0.002588
870.119097	0.081389	0.008089	0.002630
870.779484	0.081672	0.008264	0.002576
871.405532	0.081414	0.007962	0.002548
872.007404	0.081215	0.007970	0.002612
872.642458	0.080604	0.008036	0.002602
873.236901	0.082262	0.008199	0.002363
873.883324	0.080684	0.008124	0.002564
874.519593	0.079832	0.008403	0.002548
875.164672	0.080251	0.008178	0.002681
875.803241	0.082981	0.008089	0.002658
876.390466	0.071187	0.008256	0.002556
877.027426	0.081696	0.008624	0.002443
877.649356	0.081168	0.008792	0.002560
878.316340	0.081318	0.008650	0.002681
878.936714	0.080621	0.008201	0.002566
879.625139	0.081729	0.008986	0.002701
880.233718	0.081392	0.008728	0.002764
880.828169	0.080105	0.009316	0.002651
881.478488	0.080812	0.009120	0.002556
882.144559	0.081117	0.008880	0.002527
882.757084	0.078389	0.009549	0.002580
883.408522	0.080447	0.009198	0.002515
884.050155	0.081127	0.009390	0.002733
884.717220	0.080936	0.009502	0.002571
885.336488	0.081379	0.009637	0.002616
885.934273	0.081292	0.009542	0.002487
886.554136	0.082567	0.009488	0.002547
887.168493	0.089151	0.009582	0.002609
887.815384	0.082962	0.009595	0.002573
888.472948	0.080240	0.009566	0.002509
889.119886	0.080668	0.009670	0.002670
889.722788	0.083249	0.009577	0.002605
890.336780	0.080426	0.009301	0.002608
890.952104	0.080357	0.009625	0.002658
891.561921	0.080077	0.009599	0.002543
892.169502	0.080757	0.009719	0.002595
892.804177	0.081310	0.009720	0.002657
893.436386	0.082966	0.009808	0.002566
894.079920	0.080397	0.009915	0.002634
894.708624	0.081702	0.010159	0.002576
895.294911	0.080311	0.010419	0.002495
895.917223	0.081013	0.010070	0.002647
896.544092	0.081930	0.010656	0.002544
897.199705	0.079544	0.011009	0.002622
897.844613	0.081132	0.011302	0.002501
898.446779	0.081414	0.012251	0.002514
899.081258	0.080646	0.012828	0.002558
899.729686	0.082843	0.014177	0.002618
900.342416	0.081191	0.016031	0.002632
900.948141	0.079836	0.017179	0.002701
901.610934	0.079121	0.018314	0.002564
902.217090	0.078445	0.019308	0.002714
902.867074	0.080930	0.018755	0.002551
903.511660	0.080652	0.017463	0.002595
904.166554	0.079324	0.014652	0.002744
904.763618	0.078509	0.011902	0.002771
905.422707	0.078162	0.013163	0.002547
906.065111	0.082015	0.019536	0.002718
906.742976	0.081273	0.029357	0.002872
907.375693	0.080533	0.039849	0.002947
908.025745	0.081336	0.049967	0.002692
908.665875	0.081083	0.059876	0.002789
909.251879	0.082863	0.068664	0.002621
909.901179	0.078514	0.075583	0.002728
910.599929	0.078855	0.079769	0.002355
911.217197	0.076895	0.081117	0.002705
911.882362	0.080567	0.079733	0.002742
912.522376	0.078967	0.076471	0.002544
913.169317	0.079402	0.071904	0.002649
913.779006	0.080765	0.067627	0.002713
914.378021	0.079968	0.063681	0.002633
915.003490	0.079862	0.059310	0.002633
915.625423	0.080133	0.055780	0.002697
916.271166	0.078563	0.052335	0.002642
916.894123	0.082278	0.050021	0.002393
917.554643	0.083830	0.047433	0.002582
918.183351	0.082585	0.044968	0.002758
918.766669	0.077052	0.043140	0.002566
919.375353	0.080950	0.041710	0.002863
919.980659	0.081133	0.040079	0.002474
920.648117	0.078726	0.038300	0.002607
921.279088	0.080641	0.037625	0.002729
921.925140	0.079704	0.036430	0.002424
922.545596	0.081939	0.035296	0.002572
923.217932	0.081294	0.034162	0.002608
923.810858	0.080658	0.033517	0.002768
924.470344	0.081503	0.032619	0.002736
925.097545	0.081442	0.032432	0.002572
925.776356	0.079298	0.031656	0.002696
926.414136	0.082214	0.031202	0.002523
927.027019	0.079486	0.030651	0.002631
927.655923	0.083546	0.030540	0.002596
928.306646	0.083354	0.030230	0.002653
928.936935	0.081603	0.029760	0.002528
929.536657	0.078975	0.029599	0.002684
930.178825	0.084746	0.029335	0.002726
930.807989	0.080534	0.029294	0.002615
931.468527	0.080979	0.028766	0.002467
932.083415	0.082848	0.028993	0.002630
932.673949	0.080949	0.028541	0.002659
933.318478	0.081815	0.028694	0.002630
933.918162	0.076960	0.029038	0.002720
934.562838	0.080310	0.028902	0.002538
935.225965	0.082185	0.028530	0.002766
935.894071	0.079328	0.028695	0.002638
936.513428	0.081689	0.028850	0.002754
937.167839	0.079889	0.029327	0.002560
937.760228	0.077936	0.029337	0.002735
938.387645	0.081326	0.029346	0.002744
939.007253	0.079858	0.029710	0.002548
939.627539	0.081583	0.030034	0.002387
940.255556	0.078533	0.030482	0.002614
940.871367	0.081936	0.030799	0.002645
941.534038	0.080472	0.031338	0.002662
942.141759	0.082472	0.031860	0.002710
942.762999	0.080173	0.032548	0.002720
943.414544	0.082119	0.033287	0.002588
944.036541	0.079845	0.034042	0.002707
944.691305	0.081278	0.035273	0.002571
945.280497	0.078956	0.036769	0.002562
945.947661	0.081365	0.038016	0.002611
946.548194	0.082592	0.039463	0.002848
947.149217	0.082076	0.040774	0.002699
947.800429	0.078047	0.042987	0.002749
948.406540	0.080035	0.045188	0.002774
949.061428	0.082565	0.047801	0.002709
949.690678	0.081910	0.050730	0.002600
950.363643	0.081982	0.052995	0.002668
950.972574	0.079512	0.055369	0.002797
951.633255	0.080813	0.056923	0.002607
952.227327	0.081747	0.056031	0.002611
952.891501	0.079915	0.053165	0.002649
953.512696	0.081180	0.049186	0.002719
954.191700	0.080408	0.042001	0.002861
954.802729	0.079277	0.034531	0.002785
955.473088	0.078460	0.026252	0.002691
956.101871	0.081586	0.019318	0.002759
956.768099	0.078454	0.014500	0.002898
957.362493	0.081344	0.014982	0.002687
958.023919	0.079173	0.019491	0.002695
958.638002	0.079704	0.023996	0.002639
959.251929	0.079887	0.027169	0.003024
959.921441	0.082066	0.029794	0.002602
960.534510	0.080308	0.030677	0.002583
961.208371	0.079581	0.030580	0.002650
961.811840	0.078130	0.029366	0.002667
962.400069	0.082109	0.028251	0.002821
963.002190	0.079694	0.026639	0.002744
963.622683	0.078534	0.025096	0.002795
964.312513	0.080624	0.023263	0.002728
964.923095	0.080839	0.022258	0.002608
964.549727	0.082339	0.022532	0.002655
963.935359	0.079033	0.024034	0.002684
963.338926	0.077373	0.025583	0.002576
962.703123	0.072176	0.027086	0.002666
962.069286	0.080757	0.028507	0.002646
961.416413	0.078886	0.029848	0.002861
960.825050	0.076880	0.030704	0.002584
960.160503	0.081058	0.030445	0.002697
959.560749	0.080311	0.029601	0.002555
958.924077	0.081188	0.026691	0.002692
958.345536	0.081387	0.023367	0.002636
957.724246	0.081832	0.018565	0.002796
957.067434	0.077329	0.014657	0.002702
956.432248	0.080273	0.014828	0.002810
955.791560	0.082999	0.020333	0.002771
955.164681	0.079118	0.027242	0.002698
954.498760	0.082665	0.035910	0.002788
953.888838	0.081668	0.043098	0.002790
953.275300	0.082126	0.049563	0.002721
952.639128	0.081037	0.053736	0.002618
952.005428	0.079130	0.056083	0.002499
951.353360	0.079958	0.056724	0.002745
950.753500	0.079858	0.055658	0.002629
950.107749	0.083854	0.053063	0.002683
949.473862	0.079344	0.050643	0.002677
948.863975	0.082279	0.047922	0.002622
948.232192	0.081832	0.045400	0.002669
947.612131	0.080416	0.042833	0.002773
946.943639	0.082057	0.041082	0.002610
946.314720	0.080835	0.039608	0.002578
945.665366	0.081085	0.037768	0.002709
945.056215	0.082492	0.036791	0.002740
944.365279	0.079837	0.035118	0.002576
943.751907	0.081044	0.034161	0.002837
943.103879	0.078516	0.033656	0.002641
942.484114	0.079729	0.032741	0.002717
941.852378	0.080595	0.032318	0.002796
941.222043	0.077215	0.031287	0.002733
940.632760	0.081502	0.030761	0.002821
939.977983	0.080675	0.030696	0.002551
939.353753	0.081552	0.030252	0.002587
938.763848	0.080268	0.029651	0.002704
938.137719	0.081671	0.029348	0.002745
937.528529	0.079312	0.029194	0.002771
936.889971	0.081193	0.029284	0.002499
936.278835	0.079997	0.028742	0.002681
935.622272	0.079057	0.028500	0.002618
934.983338	0.083804	0.029214	0.002618
934.397698	0.080466	0.029144	0.002696
933.752019	0.081710	0.028747	0.002533
933.130970	0.081354	0.029221	0.002695
932.473895	0.081534	0.029168	0.002335
931.873243	0.081937	0.028978	0.002560
931.193758	0.080735	0.029116	0.002635
930.586288	0.079644	0.028891	0.002559
929.918907	0.077290	0.029286	0.002684
929.337176	0.081242	0.029470	0.002701
928.730905	0.080044	0.029767	0.002616
928.085073	0.078168	0.030274	0.002664
927.445895	0.079708	0.030452	0.002646
926.835863	0.080027	0.030921	0.002631
926.202023	0.079901	0.031305	0.002686
925.592521	0.081318	0.032115	0.002756
924.956560	0.083085	0.032341	0.002524
924.356218	0.077433	0.032940	0.002657
923.674758	0.081824	0.033727	0.002715
923.085071	0.078371	0.034518	0.002776
922.459172	0.082505	0.035380	0.002564
921.794112	0.082314	0.036714	0.002567
921.199508	0.080325	0.037733	0.002743
920.545039	0.082611	0.038815	0.002762
919.948204	0.080097	0.039717	0.002646
919.361526	0.081759	0.041230	0.002553
918.710749	0.079855	0.042916	0.002605
918.100195	0.079818	0.044730	0.002762
917.428310	0.081804	0.046943	0.002583
916.803765	0.081104	0.049576	0.002699
916.147282	0.079262	0.052507	0.002693
915.497729	0.078626	0.055658	0.002744
914.903483	0.080684	0.058835	0.002671
914.247525	0.080504	0.063013	0.002607
913.653149	0.081698	0.067294	0.002805
912.997238	0.080952	0.071813	0.002656
912.387292	0.081049	0.076229	0.002658
911.741247	0.079746	0.079292	0.002865
911.083158	0.083842	0.080998	0.002815
910.408552	0.080964	0.079939	0.002758
909.763283	0.080511	0.076726	0.002638
909.126625	0.078398	0.070772	0.002662
908.529451	0.080685	0.061577	0.002857
907.910168	0.082479	0.052210	0.002781
907.295335	0.078874	0.041706	0.002846
906.637906	0.080284	0.031412	0.002890
906.020408	0.079862	0.022294	0.002733
905.424730	0.078098	0.014915	0.002744
904.802692	0.081955	0.011537	0.002567
904.175252	0.079753	0.013606	0.002549
903.528602	0.080486	0.016467	0.002614
902.893582	0.080847	0.018424	0.002665
902.241638	0.080513	0.019722	0.002668
901.585621	0.081339	0.018692	0.002590
900.917765	0.080731	0.017369	0.002762
900.331660	0.081245	0.016385	0.002550
899.645903	0.081170	0.014600	0.002683
899.015133	0.079412	0.013482	0.002591
898.352292	0.080540	0.012474	0.002646
897.768584	0.082101	0.011309	0.002708
897.111251	0.081099	0.010859	0.002541
896.497541	0.081649	0.010477	0.002681
895.834604	0.080842	0.010829	0.002540
895.202552	0.080425	0.010309	0.002575
894.552411	0.079726	0.010080	0.002511
893.915794	0.079377	0.010131	0.002582
893.252843	0.080195	0.009862	0.002609
892.646248	0.079902	0.009905	0.002592
892.009797	0.081659	0.009766	0.002561
891.376355	0.081611	0.009962	0.002645
890.776855	0.080365	0.009673	0.002613
890.156759	0.080685	0.009665	0.002644
889.516826	0.079269	0.009634	0.002601
888.849493	0.080248	0.009457	0.002718
888.226187	0.081510	0.009555	0.002487
887.568104	0.081079	0.009383	0.002619
886.915334	0.082800	0.009578	0.002449
886.250216	0.082248	0.009585	0.002499
885.639772	0.079698	0.009537	0.002535
884.962200	0.080858	0.009483	0.002638
884.349001	0.081355	0.009657	0.002666
883.688260	0.079282	0.009626	0.002616
883.051146	0.080259	0.009580	0.002534
882.402973	0.080021	0.009414	0.002604
881.784402	0.081725	0.009331	0.002477
881.160319	0.079796	0.009347	0.002671
880.549653	0.079321	0.009237	0.002566
879.959444	0.080560	0.008764	0.002569
879.311011	0.079300	0.009046	0.002711
878.695175	0.082015	0.008709	0.002431
878.022346	0.081614	0.009142	0.002642
877.402345	0.082370	0.008552	0.002536
876.748910	0.079233	0.008075	0.002626
876.183276	0.082009	0.008423	0.002660
875.572702	0.080244	0.008330	0.002592
874.902952	0.080592	0.008385	0.002679
874.292225	0.082064	0.008254	0.002448
873.632192	0.081904	0.008330	0.002645
872.986276	0.077572	0.008403	0.002631
872.331815	0.076469	0.008061	0.002552
871.716064	0.079813	0.008342	0.002572
871.137577	0.079768	0.008139	0.002556
870.477974	0.080643	0.007950	0.002672
869.853945	0.081629	0.008024	0.002496
869.207210	0.080602	0.008257	0.002590
868.599854	0.078905	0.008108	0.002566
867.938037	0.079746	0.008297	0.002561
867.300901	0.082410	0.008459	0.002587
866.636100	0.080643	0.008442	0.002753
866.040575	0.081905	0.008423	0.002562
865.395320	0.082186	0.008469	0.002534
864.787413	0.081178	0.008464	0.002530
864.129202	0.080980	0.009022	0.002622
863.486546	0.080540	0.008784	0.002557
862.882228	0.082592	0.008970	0.002559
862.239016	0.077491	0.009149	0.002572
861.641834	0.081072	0.009178	0.002534
860.995136	0.080214	0.009541	0.002646
860.372862	0.081498	0.009572	0.002657
859.779894	0.079990	0.009974	0.002564
859.130262	0.079387	0.010504	0.002498
858.533080	0.079547	0.010892	0.002505
857.847591	0.081140	0.011127	0.002598
857.232037	0.082237	0.011728	0.002551
856.627395	0.079583	0.012155	0.002615
856.014956	0.079959	0.012785	0.002560
855.381265	0.079948	0.013562	0.002446
854.747836	0.072618	0.013814	0.002704
854.115684	0.080876	0.014530	0.002549
853.461220	0.079446	0.015277	0.002572
852.834202	0.081256	0.016587	0.002309
852.174791	0.081756	0.017482	0.002535
851.575436	0.080607	0.018425	0.002566
850.971609	0.080639	0.019775	0.002529
850.341057	0.081145	0.020912	0.002643
849.717106	0.082194	0.022422	0.002511
849.054554	0.081082	0.023993	0.002677
848.425112	0.082316	0.025548	0.002618
847.776005	0.082250	0.027269	0.002657
847.179476	0.079126	0.028096	0.002495
846.515202	0.079443	0.028348	0.002637
845.883188	0.079710	0.028038	0.002658
845.233206	0.078066	0.025838	0.002714
844.597680	0.081199	0.022108	0.002698
843.921625	0.080063	0.016530	0.002547
843.315515	0.081403	0.010443	0.002823
842.652063	0.078657	0.008877	0.002672
842.056849	0.080985	0.015986	0.002806
841.413025	0.082936	0.025835	0.002871
840.748162	0.079608	0.035494	0.002748
840.169989	0.081690	0.042777	0.002719
839.528492	0.081812	0.049183	0.002592
838.916713	0.082520	0.052674	0.002457
838.259736	0.080676	0.053629	0.002656
837.620370	0.080750	0.052172	0.002655
837.019607	0.080506	0.049625	0.002689
836.385726	0.080858	0.045881	0.002765
835.780072	0.079824	0.041861	0.002706
835.122813	0.080903	0.037460	0.002503
834.499924	0.080626	0.033749	0.002443
833.898936	0.081506	0.030964	0.002687
833.260178	0.082127	0.027765	0.002742
832.633977	0.081670	0.025380	0.002698
832.039023	0.081796	0.023680	0.002597
831.416585	0.081628	0.022420	0.002508
830.820050	0.081423	0.021891	0.002607
830.150016	0.080764	0.020855	0.002608
829.526567	0.080636	0.020371	0.002692
828.887433	0.079809	0.019862	0.002616
828.226066	0.079657	0.020084	0.002676
827.635252	0.080639	0.019319	0.002609
826.985987	0.080764	0.019260	0.002709
826.314969	0.080468	0.019355	0.002531
825.638168	0.080974	0.018964	0.002564
825.033457	0.078889	0.019259	0.002664
824.414300	0.082143	0.019205	0.002626
823.746253	0.079908	0.019062	0.002577
823.071998	0.081135	0.018936	0.002575
822.406722	0.075249	0.018566	0.002654
821.749114	0.080002	0.018436	0.002582
821.115268	0.080308	0.018920	0.002579
820.469702	0.082472	0.018449	0.002568
819.825614	0.079317	0.018374	0.002676
819.133028	0.080796	0.019028	0.002645
818.471553	0.081525	0.018582	0.002557
817.827609	0.079272	0.018730	0.002584
817.151315	0.080889	0.018916	0.002615
816.440193	0.080472	0.018954	0.002540
815.753614	0.081605	0.018928	0.002660
815.075182	0.082889	0.019298	0.002526
814.479659	0.080256	0.018997	0.002734
813.841519	0.079475	0.019732	0.002541
813.187292	0.080914	0.019210	0.002431
812.503514	0.080505	0.019099	0.002546
811.806782	0.081164	0.019663	0.002666
811.249456	0.079813	0.019758	0.002671
810.558045	0.081203	0.019981	0.002747
809.895712	0.080166	0.019772	0.002563
809.194501	0.080424	0.020131	0.002654
808.485772	0.080671	0.020321	0.002686
807.901781	0.080647	0.020199	0.002550
807.300904	0.080132	0.020707	0.002610
806.640951	0.080881	0.021213	0.002559
805.973063	0.079728	0.021307	0.002624
805.267764	0.081497	0.021137	0.002739
804.682768	0.082492	0.021777	0.002634
803.982888	0.082523	0.022000	0.002615
803.298927	0.081897	0.022205	0.002694
802.624741	0.080608	0.022520	0.002635
801.965847	0.080193	0.023061	0.002700
801.307889	0.080330	0.023536	0.002728
800.689252	0.081778	0.023894	0.002735
800.037189	0.081045	0.024244	0.002641
799.390217	0.080802	0.024397	0.002752
798.712355	0.081157	0.024477	0.002738
798.043841	0.080751	0.025657	0.002510
797.437915	0.078052	0.025828	0.002589
796.792163	0.079635	0.026223	0.002522
796.159982	0.079537	0.026853	0.002634
795.560811	0.079982	0.027520	0.002439
794.925641	0.079989	0.028322	0.002591
794.312605	0.080012	0.028562	0.002655
793.641764	0.079925	0.029935	0.002590
793.028363	0.079588	0.030543	0.002440
792.427845	0.081529	0.031623	0.002581
791.793379	0.081263	0.032548	0.002564
791.167240	0.082621	0.034449	0.002647
790.509948	0.081698	0.034957	0.002592
789.911398	0.080491	0.036436	0.002510
789.253458	0.080763	0.038179	0.002842
788.666008	0.080066	0.040051	0.002682
788.053042	0.080744	0.041695	0.002542
787.421702	0.080891	0.043168	0.002677
786.818084	0.079524	0.045736	0.002554
786.264483	0.081456	0.048250	0.002503
785.729347	0.082035	0.049899	0.002609
785.186894	0.081311	0.052280	0.002636
784.634276	0.081167	0.055788	0.002761
784.075509	0.080341	0.059489	0.002591
783.439488	0.080965	0.063632	0.002559
782.778182	0.081572	0.068905	0.002723
782.168824	0.081245	0.072892	0.002612
781.532238	0.080667	0.076612	0.002489
780.921180	0.080371	0.080381	0.002775
780.240792	0.079762	0.081451	0.002563
779.627117	0.081971	0.080015	0.002537
778.975709	0.081549	0.075148	0.002558
778.387212	0.081844	0.067531	0.002866
777.746586	0.080332	0.055508	0.002864
777.097666	0.080407	0.042063	0.002935
776.417654	0.082880	0.027184	0.003091
775.789799	0.078126	0.013755	0.002798
775.115816	0.079765	0.007221	0.002665
774.497085	0.079782	0.014447	0.002647
773.891684	0.080617	0.021347	0.002673
773.264345	0.080030	0.026044	0.002589
772.681439	0.080559	0.027016	0.002668
772.024362	0.081342	0.027065	0.002516
771.386413	0.080880	0.024870	0.002739
770.722500	0.081356	0.021285	0.002549
770.063406	0.080390	0.017952	0.002765
769.424206	0.081061	0.014813	0.002586
768.816472	0.079709	0.012104	0.002548
768.162111	0.081109	0.009733	0.002660
767.546971	0.080606	0.008486	0.002584
766.898211	0.081175	0.007374	0.002497
766.249733	0.080302	0.006579	0.002410
765.592673	0.081275	0.006679	0.002572
764.971359	0.077199	0.006453	0.002610
764.306192	0.079653	0.006495	0.002474
763.702750	0.080084	0.006490	0.002632
763.054651	0.079686	0.006891	0.002618
762.416641	0.081366	0.006772	0.002442
761.762483	0.081771	0.006514	0.002485
761.106961	0.081574	0.006475	0.002661
760.431796	0.081045	0.006251	0.002566
759.817911	0.081425	0.006345	0.002590
759.215241	0.081038	0.006468	0.002488
758.581395	0.080959	0.006552	0.002686
757.969038	0.080926	0.006054	0.002652
757.318909	0.081328	0.006353	0.002635
756.695499	0.081890	0.005743	0.002578
756.055375	0.080718	0.005893	0.002606
755.436500	0.079574	0.006185	0.002597
754.816785	0.080461	0.005329	0.002580
754.177141	0.078509	0.005734	0.002565
753.574960	0.078702	0.005888	0.002735
752.921576	0.080844	0.005423	0.002529
752.300833	0.081214	0.005069	0.002599
751.614873	0.081353	0.005049	0.002766
751.007762	0.081398	0.005140	0.002748
750.397597	0.080399	0.005083	0.002569
749.787800	0.080530	0.005100	0.002545
749.181543	0.081815	0.005224	0.002602
748.509338	0.081342	0.005087	0.002686
747.890353	0.080834	0.004900	0.002628
747.223690	0.080672	0.004891	0.002605
746.610484	0.080687	0.004978	0.002644
745.979427	0.080137	0.004935	0.002555
745.368257	0.080732	0.005054	0.002508
744.723481	0.080289	0.004991	0.002605
744.096928	0.080853	0.004931	0.002604
743.486827	0.078732	0.004474	0.002598
742.845067	0.080564	0.004845	0.002614
742.236878	0.079261	0.005071	0.002567
741.596887	0.080972	0.004893	0.002590
740.925807	0.081773	0.004997	0.002646
740.336366	0.080655	0.004780	0.002583
739.706696	0.080787	0.004487	0.002655
739.090027	0.079541	0.004951	0.002533
738.429405	0.080148	0.004563	0.002773
737.797774	0.079353	0.004809	0.002661
737.134600	0.080909	0.004606	0.002531
736.521214	0.080126	0.005196	0.002604
735.932396	0.082014	0.004876	0.002702
735.290349	0.080792	0.004851	0.002768
734.697103	0.081533	0.004933	0.002464
733.997193	0.081364	0.004830	0.002491
733.388942	0.081257	0.004969	0.002645
732.716523	0.080408	0.004765	0.002508
732.092459	0.081912	0.004935	0.002501
731.458594	0.080177	0.004872	0.002575
730.844211	0.081584	0.004909	0.002554
730.180997	0.081505	0.004902	0.002581
729.548796	0.078712	0.004839	0.002742
728.896963	0.081150	0.004740	0.002520
728.280600	0.080941	0.005104	0.002898
727.640203	0.079376	0.005282	0.002682
726.976642	0.078193	0.005422	0.002544
726.296802	0.082299	0.005631	0.002632
725.687326	0.081025	0.005627	0.002554
725.073980	0.081525	0.005764	0.002611
724.411700	0.083321	0.005600	0.002490
723.765764	0.080825	0.006236	0.002580
723.135165	0.079991	0.005888	0.002593
722.471201	0.082025	0.006255	0.002574
721.857687	0.079127	0.006043	0.002534
721.192430	0.080257	0.006803	0.002581
720.609133	0.080170	0.006925	0.002534
719.982812	0.080407	0.006921	0.002452
719.335824	0.080838	0.007403	0.002622
718.726581	0.081644	0.007616	0.002444
718.090691	0.082395	0.007979	0.002573
717.478722	0.078741	0.008164	0.002624
716.843420	0.081955	0.008702	0.002663
716.230457	0.079899	0.008885	0.002610
715.616386	0.080174	0.009658	0.002554
714.947738	0.080037	0.010224	0.002549
714.339763	0.085326	0.010505	0.002680
713.705295	0.080603	0.011619	0.002697
713.043693	0.082082	0.011876	0.002545
712.448456	0.081357	0.012984	0.002593
711.813633	0.082032	0.013997	0.002615
711.206453	0.080052	0.014353	0.002568
710.557511	0.080292	0.014586	0.002538
709.923081	0.081668	0.014692	0.002558
709.277417	0.082470	0.014142	0.002620
708.664814	0.083583	0.012451	0.002591
707.995945	0.080812	0.010178	0.002489
707.359891	0.080353	0.007104	0.002635
706.690025	0.081533	0.007444	0.002533
706.103404	0.078194	0.011855	0.002653
705.495510	0.083308	0.017847	0.002632
704.844259	0.083159	0.024323	0.002687
704.223898	0.081277	0.030103	0.002499
703.579168	0.076747	0.033596	0.002651
702.946831	0.079576	0.035221	0.002544
702.288818	0.079114	0.034316	0.002571
701.684736	0.082701	0.031942	0.002486
701.018595	0.078495	0.028758	0.002573
700.385899	0.081662	0.025574	0.002629
699.767777	0.081800	0.021745	0.002541
699.137557	0.078560	0.018478	0.002390
698.463915	0.078918	0.015749	0.002595
697.860336	0.083706	0.014375	0.002594
697.280666	0.081823	0.013372	0.002597
696.621320	0.080632	0.012515	0.002518
695.992053	0.081454	0.011794	0.002546
695.353734	0.078531	0.011875	0.002768
694.690513	0.078766	0.012188	0.002644
694.020899	0.081771	0.012435	0.002578
693.392663	0.081970	0.012395	0.002614
692.731071	0.084245	0.012389	0.002724
692.124297	0.079480	0.012994	0.002642
691.476883	0.081342	0.012926	0.002688
690.848700	0.082970	0.012633	0.002634
690.193187	0.081333	0.012652	0.002620
689.542448	0.081135	0.012784	0.002671
688.875070	0.080692	0.012326	0.002589
688.287307	0.081341	0.012264	0.002480
687.623682	0.083042	0.012833	0.002580
687.023416	0.081478	0.012935	0.002636
686.421531	0.079247	0.012837	0.002576
685.770485	0.080119	0.012691	0.002725
685.169265	0.082260	0.012640	0.002688
684.544995	0.082305	0.012738	0.002525
683.905310	0.080325	0.012876	0.002599
683.307445	0.080406	0.012931	0.002454
682.645606	0.079571	0.012834	0.002543
682.049941	0.071370	0.012776	0.002592
681.403391	0.080938	0.012979	0.002665
680.762084	0.077436	0.013537	0.002605
680.083020	0.080968	0.013119	0.002582
679.459155	0.079156	0.013409	0.002672
678.822926	0.081445	0.013338	0.002678
678.179950	0.081149	0.013746	0.002630
677.597349	0.080814	0.013227	0.002633
676.988357	0.082321	0.013985	0.002563
676.363208	0.078135	0.014116	0.002449
675.718307	0.082797	0.014073	0.002633
675.104705	0.080397	0.014231	0.002557
674.438805	0.080829	0.014663	0.002746
673.800347	0.078071	0.014257	0.002590
673.151897	0.079866	0.014754	0.002554
672.542774	0.078420	0.014959	0.002797
671.865323	0.081936	0.014781	0.002655
671.211036	0.082316	0.015010	0.002535
670.545347	0.080241	0.015297	0.002454
669.937524	0.078477	0.015364	0.002549
669.284712	0.083279	0.015382	0.002741
668.655085	0.079879	0.015616	0.002514
667.978972	0.080738	0.015637	0.002595
667.402924	0.079246	0.015668	0.002443
666.755118	0.079455	0.016068	0.002562
666.101819	0.080220	0.016098	0.002540
665.450060	0.080794	0.016463	0.002588
664.808385	0.079868	0.016343	0.002581
664.141985	0.080428	0.016573	0.002610
663.508017	0.085074	0.016842	0.002561
662.860497	0.082069	0.017003	0.002660
662.291835	0.081787	0.017019	0.002718
661.651902	0.078297	0.017091	0.002499
661.010302	0.081086	0.017595	0.002493
660.417345	0.072784	0.017798	0.002670
659.760257	0.081314	0.018119	0.002541
659.148536	0.081748	0.018182	0.002604
658.492096	0.083018	0.018167	0.002653
657.873791	0.082507	0.018557	0.002757
657.215759	0.079169	0.018600	0.002549
656.578524	0.083717	0.018839	0.002637
655.937983	0.081404	0.019293	0.002620
655.298529	0.081412	0.019785	0.002675
654.690034	0.081877	0.019756	0.002682
654.074236	0.083099	0.019946	0.002683
653.479064	0.081852	0.020474	0.002772
652.818676	0.078963	0.020729	0.002618
652.186481	0.081307	0.021125	0.002649
651.516458	0.082331	0.021774	0.002581
650.894832	0.079269	0.022032	0.002638
650.239932	0.083392	0.022284	0.002691
649.584758	0.079895	0.022632	0.002594
648.919610	0.080914	0.023465	0.002694
648.303379	0.082559	0.024027	0.002662
647.633639	0.083943	0.024656	0.002610
647.018467	0.081592	0.025407	0.002590
646.348768	0.082252	0.026130	0.002597
645.731463	0.078256	0.026990	0.002673
645.082104	0.080328	0.028084	0.002642
644.459992	0.079952	0.029059	0.002559
643.832315	0.083244	0.029663	0.002669
643.226673	0.079831	0.030890	0.002707
642.576154	0.076615	0.032518	0.002680
641.951241	0.081346	0.033646	0.002623
641.341668	0.085066	0.035112	0.002674
640.671009	0.082672	0.037159	0.002677
640.065902	0.083059	0.039073	0.002665
639.408651	0.081315	0.041375	0.002706
638.771509	0.079872	0.042780	0.002687
638.189607	0.080847	0.043855	0.002575
637.585941	0.080482	0.044577	0.002662
636.970703	0.080346	0.043568	0.002649
636.318422	0.080213	0.040677	0.002735
635.685272	0.078975	0.036488	0.002693
635.052496	0.058027	0.031032	0.002737
635.593378	0.078388	0.033972	0.002583
636.208105	0.083798	0.038816	0.002778
636.869614	0.084073	0.041994	0.002544
637.443605	0.079288	0.043772	0.002627
638.064681	0.082708	0.044420	0.002784
638.664027	0.082344	0.043945	0.002544
639.245094	0.080758	0.042625	0.002911
639.900164	0.081131	0.040396	0.002588
640.563452	0.080904	0.038343	0.002588
641.154776	0.078815	0.036296	0.002571
641.801334	0.077145	0.034846	0.002625
642.426302	0.081831	0.033468	0.002728
643.077471	0.080982	0.031659	0.002648
643.682323	0.077373	0.030787	0.002640
644.328957	0.078832	0.029420	0.002643
644.949042	0.080379	0.028344	0.002579
645.633700	0.078634	0.027223	0.002567
646.238917	0.079456	0.026328	0.002560
646.925670	0.081712	0.025638	0.002654
647.546754	0.086157	0.025158	0.002613
648.176358	0.080104	0.024424	0.002417
648.790997	0.081458	0.023802	0.002502
649.452516	0.080512	0.023171	0.002508
650.086239	0.082469	0.022634	0.002573
650.693368	0.083218	0.022191	0.002739
651.355021	0.077820	0.021870	0.002551
652.034751	0.080374	0.021185	0.002575
652.660866	0.081083	0.021098	0.002656
653.343144	0.079901	0.020612	0.002588
653.957174	0.079308	0.019960	0.002626
654.612433	0.082332	0.019839	0.002643
655.214305	0.079488	0.019702	0.002578
655.803475	0.080877	0.019846	0.002677
656.422965	0.079338	0.019412	0.002580
657.083098	0.078879	0.018762	0.002544
657.750832	0.081210	0.018678	0.002602
658.347910	0.084882	0.018263	0.002683
659.005153	0.080198	0.018096	0.002649
659.593187	0.082172	0.018097	0.002619
660.208360	0.081059	0.017765	0.002649
660.789936	0.080977	0.018052	0.002753
661.414058	0.081658	0.017397	0.002542
662.068443	0.082418	0.017269	0.002597
662.695518	0.079897	0.017211	0.002498
663.305594	0.081323	0.016968	0.002675
663.966245	0.082071	0.016868	0.002599
664.592796	0.081044	0.016726	0.002590
665.253228	0.084218	0.016285	0.002672
665.832441	0.079283	0.016080	0.002529
666.482187	0.080924	0.015943	0.002495
667.119398	0.077102	0.015967	0.002311
667.770432	0.078737	0.015708	0.002614
668.393129	0.081280	0.015560	0.002524
669.042361	0.078205	0.015449	0.002640
669.679987	0.078973	0.015317	0.002553
670.326052	0.082727	0.015351	0.002538
670.926401	0.079316	0.015307	0.002558
671.552437	0.080782	0.015294	0.002608
672.197015	0.080224	0.015023	0.002628
672.826750	0.082116	0.014407	0.002630
673.479386	0.080312	0.014815	0.002653
674.100777	0.081750	0.014606	0.002700
674.745049	0.080729	0.014293	0.002570
675.340498	0.081467	0.014098	0.002525
675.998295	0.079774	0.014133	0.002639
676.656126	0.082174	0.014104	0.002637
677.265657	0.078352	0.014101	0.002676
677.930981	0.077317	0.013853	0.002585
678.527617	0.080071	0.014085	0.002629
679.177828	0.080735	0.013498	0.002651
679.785982	0.079256	0.013657	0.002665
680.391197	0.081960	0.013176	0.002432
681.020866	0.081623	0.013193	0.002601
681.621706	0.080398	0.013135	0.002729
682.277419	0.082702	0.012898	0.002526
682.889283	0.080980	0.013097	0.002683
683.478514	0.079136	0.012741	0.002508
684.142605	0.080501	0.012846	0.002583
684.726436	0.079927	0.012910	0.002504
685.350166	0.081529	0.012723	0.002729
686.001628	0.078436	0.012637	0.002822
686.656894	0.080905	0.012646	0.002550
687.288405	0.081528	0.012468	0.002622
687.937243	0.081666	0.012828	0.002702
688.568472	0.080877	0.012768	0.002475
689.222703	0.081936	0.012565	0.002612
689.819976	0.083158	0.012519	0.002582
690.502614	0.081320	0.012165	0.002691
691.153117	0.080839	0.012630	0.002648
691.802544	0.082795	0.012626	0.002471
692.403694	0.082389	0.012280	0.002644
693.087461	0.080327	0.012512	0.002604
693.727032	0.084971	0.012234	0.002635
694.326652	0.080347	0.012401	0.002447
694.955432	0.079888	0.011743	0.002547
695.577504	0.079837	0.011639	0.002567
696.217289	0.082244	0.011986	0.002572
696.849614	0.080318	0.012154	0.002505
697.517969	0.080932	0.013044	0.002551
698.118717	0.080350	0.014383	0.002630
698.766061	0.080484	0.016365	0.002608
699.361823	0.080927	0.018491	0.002461
699.949690	0.081441	0.021870	0.002715
700.599056	0.079527	0.025191	0.002569
701.247900	0.079657	0.029048	0.002607
701.871400	0.080529	0.031885	0.002749
702.518219	0.080938	0.034151	0.002703
703.183584	0.079988	0.034833	0.002746
703.752647	0.082506	0.033637	0.002749
704.402506	0.081342	0.030352	0.002531
705.035385	0.079261	0.024500	0.002674
705.646970	0.080972	0.018465	0.002520
706.313130	0.083355	0.012051	0.002561
706.924791	0.080320	0.007089	0.002692
707.553826	0.083104	0.007063	0.002585
708.157022	0.083485	0.010118	0.002486
708.777721	0.079994	0.012601	0.002619
709.438005	0.082081	0.014257	0.002543
710.073009	0.081594	0.014641	0.002585
710.728219	0.080498	0.014746	0.002565
711.334719	0.080014	0.014498	0.002603
712.003199	0.077687	0.013644	0.002545
712.623473	0.082761	0.012567	0.002477
713.231171	0.080504	0.011903	0.002611
713.860293	0.079879	0.011581	0.002536
714.469234	0.085658	0.011060	0.002710
715.131027	0.081193	0.010227	0.002547
715.744603	0.080600	0.009709	0.002608
716.395754	0.079922	0.009009	0.002512
717.013985	0.079356	0.008581	0.002556
717.667631	0.080706	0.008010	0.002556
718.270523	0.079851	0.007595	0.002635
718.914617	0.080142	0.007126	0.002597
719.555626	0.081301	0.007035	0.002611
720.152104	0.077971	0.006768	0.002580
720.824050	0.078009	0.006847	0.002640
721.434039	0.079642	0.006201	0.002654
722.057228	0.079809	0.006018	0.002559
722.674184	0.080654	0.005930	0.002587
723.339479	0.080791	0.005798	0.002493
723.981108	0.082045	0.005443	0.002444
724.646309	0.081142	0.005387	0.002520
725.258431	0.074948	0.005698	0.002742
725.936042	0.080328	0.005050	0.002635
726.558880	0.079168	0.005478	0.002518
727.206436	0.078849	0.005378	0.002629
727.809674	0.080039	0.004817	0.002635
728.467737	0.081622	0.005035	0.002723
729.115601	0.081335	0.005032	0.002537
729.773171	0.080375	0.005034	0.002555
730.408534	0.081377	0.004814	0.002602
731.068227	0.080558	0.004829	0.002517
731.690222	0.080047	0.004860	0.002576
732.331621	0.080778	0.004573	0.002530
732.924495	0.080458	0.004805	0.002532
733.579482	0.081267	0.004558	0.002616
734.263778	0.080043	0.004998	0.002642
734.942325	0.079859	0.004523	0.002536
735.568206	0.080278	0.004891	0.002680
736.229561	0.081875	0.004719	0.002577
736.814533	0.080084	0.004953	0.002568
737.407095	0.081663	0.004850	0.002435
738.055084	0.081674	0.004769	0.002507
738.652163	0.081975	0.004885	0.002560
739.304287	0.080928	0.004383	0.002593
739.944675	0.079629	0.004754	0.002414
740.589515	0.080231	0.004923	0.002690
741.229750	0.080724	0.004720	0.002570
741.911642	0.079690	0.004870	0.002671
742.521435	0.080394	0.004608	0.002744
743.118424	0.079673	0.004621	0.002743
743.744387	0.080387	0.005008	0.002677
744.341996	0.081225	0.004963	0.002599
744.944847	0.079965	0.004592	0.002507
745.587273	0.081966	0.004875	0.002563
746.206211	0.080960	0.005004	0.002653
746.878871	0.078776	0.005001	0.002648
747.467213	0.083597	0.004997	0.002599
748.097794	0.079571	0.004632	0.002710
748.732721	0.079976	0.005123	0.002612
749.338929	0.080302	0.005062	0.002607
749.957655	0.080116	0.004895	0.002648
750.576998	0.080097	0.005183	0.002605
751.200295	0.079757	0.005127	0.002673
751.836947	0.078917	0.005163	0.002605
752.447749	0.080381	0.005207	0.002574
753.100532	0.079476	0.005181	0.002682
753.699273	0.081015	0.005350	0.002489
754.348441	0.081542	0.005713	0.002648
754.978804	0.080967	0.005687	0.002524
755.619024	0.081212	0.005867	0.002583
756.250759	0.080189	0.005839	0.002671
756.937073	0.078661	0.005392	0.002611
757.538807	0.079359	0.006253	0.002599
758.212465	0.081241	0.006488	0.002587
758.840052	0.081027	0.006231	0.002604
759.494280	0.081558	0.006403	0.002557
760.114143	0.080989	0.006505	0.002682
760.742274	0.080191	0.006043	0.002567
761.361179	0.080902	0.006412	0.002513
761.944788	0.080132	0.006804	0.002551
762.617703	0.081243	0.006449	0.002542
763.218331	0.081355	0.006693	0.002506
763.853540	0.082255	0.006679	0.002438
764.506049	0.079677	0.006194	0.002457
765.100258	0.080079	0.006503	0.002583
765.735140	0.081259	0.006567	0.002622
766.349946	0.081680	0.007034	0.002569
766.941496	0.081580	0.006822	0.002694
767.590071	0.079198	0.007875	0.002509
768.213963	0.081179	0.008868	0.002675
768.873495	0.080638	0.011496	0.002520
769.487302	0.079436	0.013735	0.002756
770.149358	0.081388	0.017253	0.002657
770.790135	0.082556	0.020740	0.002580
771.379225	0.081883	0.023639	0.002615
771.998272	0.080931	0.026405	0.002696
772.621291	0.080432	0.027134	0.002645
773.272108	0.080780	0.026305	0.002648
773.892067	0.080311	0.023265	0.002763
774.561586	0.079863	0.016377	0.002745
775.176578	0.078845	0.008555	0.002727
775.824317	0.077503	0.010730	0.002941
776.423855	0.081073	0.022067	0.003004
777.073760	0.081179	0.036475	0.003001
777.679858	0.078867	0.049193	0.003011
778.284722	0.081251	0.061443	0.002764
778.910382	0.080678	0.071466	0.002823
779.517183	0.081297	0.077575	0.002659
780.180219	0.081260	0.080601	0.002443
780.783123	0.081557	0.080637	0.002624
781.407204	0.078575	0.078251	0.002555
782.037660	0.080483	0.074816	0.002595
782.648675	0.079572	0.070817	0.002537
783.303345	0.079524	0.065745	0.002766
783.924687	0.081209	0.061408	0.002526
784.537186	0.080950	0.057750	0.002634
785.186813	0.081581	0.053508	0.002611
785.782783	0.081498	0.051027	0.002707
786.431633	0.081004	0.048166	0.002563
787.054905	0.080879	0.045582	0.002642
787.724806	0.081341	0.043333	0.002676
788.357681	0.080931	0.041226	0.002542
789.008870	0.081185	0.039306	0.002664
789.612756	0.080472	0.037657	0.002503
790.222711	0.080703	0.036439	0.002594
790.853246	0.079834	0.034755	0.002528
791.439911	0.080433	0.033514	0.002584
792.047356	0.081835	0.032761	0.002661
792.690004	0.080566	0.031308	0.002551
793.330086	0.081021	0.030420	0.002652
793.995047	0.081754	0.029433	0.002398
794.604615	0.081501	0.028366	0.002708
795.259782	0.081674	0.027848	0.002471
795.847751	0.080647	0.027323	0.002488
796.439875	0.080115	0.026600	0.002643
797.086160	0.080451	0.026179	0.002447
797.692348	0.080568	0.025758	0.002478
798.362589	0.080186	0.025167	0.002620
799.003335	0.079680	0.024364	0.002417
799.675665	0.081688	0.023923	0.002650
