800.332707	0.046011	0.022978	0.002380
800.759598	0.050169	0.022335	0.002821
801.186978	0.047012	0.022590	0.002761
801.577447	0.048892	0.021953	0.002442
801.974174	0.046960	0.022026	0.002438
802.404306	0.049063	0.021603	0.002434
802.810415	0.048233	0.021483	0.002770
803.225257	0.049366	0.022030	0.002655
803.657068	0.048741	0.020876	0.002657
804.079507	0.046950	0.020424	0.002761
804.501468	0.045907	0.020070	0.002657
804.908183	0.046704	0.020307	0.002623
805.326117	0.049059	0.020857	0.002489
805.731015	0.045718	0.020275	0.002846
806.139908	0.046644	0.019918	0.002712
806.577126	0.048729	0.020135	0.002496
806.952370	0.046849	0.019664	0.002257
807.397143	0.048040	0.019636	0.002464
807.799023	0.045636	0.019603	0.002402
808.192276	0.050172	0.019229	0.002459
808.598778	0.049587	0.018878	0.002624
809.015544	0.047511	0.019083	0.002415
809.420293	0.046666	0.018985	0.002546
809.810508	0.048195	0.018801	0.002578
810.223449	0.047210	0.018866	0.002568
810.616734	0.048500	0.018321	0.002475
811.053410	0.049203	0.018197	0.002472
811.445091	0.047797	0.018341	0.002554
811.769475	0.047669	0.018552	0.002721
812.172790	0.046759	0.018273	0.002688
812.560380	0.045960	0.018129	0.002765
812.977602	0.048344	0.018109	0.002611
813.381480	0.050237	0.018053	0.002511
813.788567	0.046708	0.017934	0.002555
814.194921	0.048185	0.017670	0.002457
814.604100	0.049217	0.018192	0.002737
814.982713	0.050229	0.017408	0.002620
815.375520	0.044005	0.018120	0.002622
815.778484	0.047466	0.017367	0.002447
816.167488	0.049260	0.018120	0.002639
816.581534	0.047277	0.017537	0.002588
816.969113	0.049790	0.017454	0.002469
817.344878	0.047651	0.017263	0.002507
817.735284	0.048012	0.017307	0.002890
818.135741	0.048756	0.017341	0.002518
818.581672	0.047166	0.017552	0.002768
818.988217	0.049154	0.017231	0.002688
819.433138	0.049215	0.017452	0.002457
819.838334	0.047916	0.017419	0.002778
820.216861	0.046848	0.017247	0.002385
820.658691	0.050308	0.017397	0.002556
821.074926	0.049050	0.017357	0.002862
821.478432	0.048509	0.017302	0.002502
821.857852	0.049034	0.017107	0.002727
822.285562	0.047470	0.017582	0.002677
822.688537	0.046973	0.017270	0.002793
823.115067	0.048044	0.017348	0.002825
823.519030	0.049236	0.017827	0.002779
823.947621	0.047204	0.017605	0.002515
824.340907	0.050778	0.017440	0.002619
824.768467	0.047135	0.018221	0.002546
825.150480	0.051329	0.018093	0.002808
825.551617	0.048825	0.018225	0.002719
825.963772	0.046937	0.018154	0.002238
826.385362	0.046175	0.018243	0.002581
826.789431	0.046565	0.018223	0.002631
827.182472	0.047082	0.018274	0.002806
827.595785	0.047976	0.018771	0.002530
828.013561	0.047813	0.019088	0.002530
828.426576	0.046333	0.019033	0.002614
828.824101	0.046512	0.018878	0.002453
829.230051	0.046554	0.019460	0.002508
829.634695	0.047418	0.019011	0.002573
830.065613	0.047243	0.019486	0.002460
830.470607	0.048275	0.019983	0.002785
830.875048	0.047309	0.020209	0.002886
831.286725	0.045796	0.021027	0.002505
831.691857	0.047684	0.021619	0.002749
832.102631	0.049771	0.022532	0.002619
832.498445	0.046038	0.023349	0.002518
832.930076	0.048976	0.024311	0.002704
833.357446	0.046674	0.026021	0.002823
833.760485	0.048675	0.027933	0.003006
834.175381	0.048617	0.029024	0.002482
834.575689	0.050170	0.031649	0.002780
834.991298	0.048045	0.033430	0.002433
835.435869	0.047083	0.036481	0.003057
835.838398	0.047014	0.038220	0.002617
836.235211	0.047245	0.040655	0.002598
836.651297	0.044953	0.043437	0.002480
837.066523	0.047651	0.046106	0.002511
837.461753	0.046772	0.047761	0.002509
837.866344	0.047720	0.049859	0.002711
838.306984	0.048035	0.050789	0.002782
838.739284	0.049239	0.051041	0.002652
839.135257	0.049439	0.050378	0.002695
839.566208	0.046797	0.047312	0.002539
839.978076	0.049645	0.044986	0.002436
840.376356	0.047938	0.040897	0.002495
840.764807	0.049172	0.036233	0.002438
841.161557	0.047011	0.030322	0.002817
841.565945	0.047595	0.024792	0.002509
841.978706	0.048670	0.018531	0.002468
842.380917	0.046346	0.013243	0.002598
842.796865	0.048181	0.008715	0.002528
843.202975	0.046416	0.007451	0.002330
843.598205	0.045778	0.010548	0.002462
844.019562	0.047708	0.014334	0.002519
844.423844	0.048821	0.018278	0.002659
844.835957	0.048075	0.021143	0.002859
845.231952	0.047643	0.023506	0.002639
845.672561	0.049722	0.024628	0.002481
846.054340	0.047582	0.026425	0.002712
846.466719	0.051239	0.026557	0.002598
846.872723	0.047407	0.026479	0.002536
847.307838	0.047366	0.026541	0.002489
847.722862	0.047774	0.025539	0.002543
848.124213	0.047201	0.024746	0.002825
848.571015	0.049543	0.023810	0.002705
849.012155	0.048784	0.023631	0.002635
849.416310	0.049963	0.022044	0.002577
849.811721	0.049224	0.021247	0.002492
850.235267	0.051518	0.020491	0.002742
850.656623	0.049563	0.019310	0.002660
851.074814	0.048700	0.018320	0.002666
851.483708	0.047820	0.018010	0.002383
851.902493	0.046199	0.016724	0.002627
852.306234	0.046717	0.016105	0.002615
852.727910	0.049680	0.015189	0.002653
853.116351	0.047703	0.015204	0.002670
853.517276	0.049885	0.014557	0.002702
853.940173	0.049350	0.014023	0.002788
854.340759	0.049512	0.013098	0.002546
854.759204	0.046833	0.013102	0.002600
855.135470	0.047064	0.012727	0.002646
855.551865	0.050008	0.012549	0.002455
855.973849	0.048142	0.011831	0.002848
856.378918	0.048898	0.011687	0.002464
856.787174	0.045632	0.011348	0.002543
857.239396	0.046229	0.010691	0.002611
857.739323	0.049779	0.010478	0.002795
858.230771	0.046420	0.010104	0.002556
858.711733	0.047457	0.009739	0.002429
859.114943	0.050214	0.009700	0.002590
859.527343	0.047152	0.009047	0.002564
859.928290	0.047968	0.009066	0.002639
860.324413	0.046848	0.009195	0.002717
860.732415	0.048748	0.008881	0.002596
861.160306	0.048916	0.008660	0.002650
861.566927	0.050140	0.008309	0.002782
861.974291	0.046895	0.008475	0.002921
862.378053	0.047044	0.008277	0.002693
862.799039	0.047521	0.007711	0.002836
863.226059	0.047455	0.007863	0.002488
863.654853	0.049194	0.008125	0.002652
864.065968	0.048862	0.007852	0.002380
864.466947	0.046346	0.008148	0.002577
864.903551	0.048409	0.007783	0.002697
865.297570	0.051241	0.007953	0.002779
865.707708	0.046464	0.007836	0.002852
866.112713	0.048921	0.007673	0.002609
866.551878	0.049592	0.007148	0.002804
866.953260	0.047351	0.007556	0.002678
867.358128	0.047432	0.007540	0.002598
867.777679	0.047318	0.007655	0.002501
868.211839	0.049590	0.007505	0.002782
868.628330	0.048127	0.006984	0.002825
869.018557	0.047382	0.007109	0.002790
869.441604	0.047334	0.006546	0.002867
869.902740	0.046897	0.007388	0.002535
870.330313	0.047238	0.007449	0.002811
870.734161	0.048111	0.007541	0.002641
871.148399	0.048925	0.007455	0.002718
871.562192	0.047877	0.007323	0.002457
871.951909	0.047687	0.007501	0.002703
872.343039	0.047383	0.007424	0.002499
872.761634	0.050283	0.007454	0.002562
873.180240	0.048217	0.007408	0.002768
873.570923	0.048903	0.007514	0.002803
873.977778	0.049262	0.007328	0.002580
874.368377	0.046336	0.007591	0.002571
874.800678	0.046398	0.007488	0.002840
875.223948	0.046665	0.007374	0.002834
875.646453	0.046595	0.007232	0.002639
876.044319	0.048663	0.007769	0.002565
876.419013	0.047585	0.007439	0.002736
876.834293	0.048623	0.007564	0.002440
877.245026	0.048538	0.007445	0.002399
877.657501	0.049799	0.007612	0.002616
878.057439	0.046725	0.007639	0.002483
878.485459	0.044977	0.007558	0.002886
878.892770	0.048164	0.007634	0.002751
879.302961	0.048085	0.007539	0.002728
879.706193	0.047692	0.008000	0.002394
880.118159	0.050382	0.008049	0.002546
880.528392	0.048302	0.008149	0.002353
880.920500	0.049322	0.008130	0.002596
881.337789	0.047902	0.008531	0.002511
881.742391	0.046853	0.008475	0.002934
882.159180	0.048519	0.008421	0.002346
882.574854	0.047319	0.007908	0.002567
882.958558	0.047479	0.008192	0.002623
883.373328	0.048288	0.008514	0.002672
883.790489	0.047038	0.008493	0.002463
884.227189	0.049387	0.008504	0.002569
884.635192	0.047966	0.008349	0.002657
885.060513	0.049642	0.008473	0.003182
885.485345	0.049151	0.008479	0.002668
885.876603	0.046768	0.008435	0.002638
886.311264	0.048473	0.008800	0.002774
886.729158	0.048323	0.008815	0.002602
887.111374	0.047016	0.008390	0.002704
887.543134	0.047201	0.007859	0.002521
887.954600	0.046385	0.008799	0.002452
888.383959	0.048592	0.008388	0.002129
888.788254	0.049740	0.008489	0.002372
889.183677	0.047039	0.008514	0.002872
889.604621	0.045702	0.008416	0.002808
890.036572	0.046494	0.008523	0.002439
890.434725	0.047164	0.008582	0.002568
890.847350	0.046400	0.008832	0.002864
891.266722	0.049121	0.008963	0.002506
891.659743	0.047774	0.008537	0.002732
892.073006	0.048028	0.009098	0.002694
892.499262	0.048853	0.008898	0.002562
892.890085	0.045838	0.008533	0.002590
893.299490	0.048646	0.008676	0.002818
893.693957	0.048139	0.008673	0.002703
894.114030	0.048815	0.009022	0.002580
894.513544	0.048439	0.009001	0.002595
894.907490	0.050495	0.008864	0.002417
895.301437	0.047535	0.008846	0.002336
895.713467	0.048235	0.009087	0.002696
896.139447	0.045534	0.009415	0.002655
896.559934	0.048822	0.009541	0.002607
896.955942	0.047966	0.009042	0.002535
897.358367	0.046582	0.009429	0.002640
897.787641	0.048649	0.010088	0.002328
898.172939	0.048794	0.010636	0.002576
898.595041	0.049560	0.010625	0.002648
898.997127	0.045347	0.011516	0.002615
899.410665	0.047342	0.012482	0.002669
899.809308	0.047162	0.013339	0.002726
900.233281	0.048472	0.013727	0.002433
900.643759	0.047919	0.015111	0.002453
901.054908	0.050222	0.015536	0.002464
901.460871	0.046708	0.016503	0.002839
901.848634	0.048295	0.017256	0.002608
902.257626	0.047416	0.017630	0.002743
902.661783	0.047181	0.017494	0.002512
903.074111	0.049675	0.016717	0.002921
903.501526	0.046425	0.015967	0.002683
903.895770	0.048272	0.014476	0.002481
904.269169	0.048517	0.012560	0.002716
904.664550	0.050077	0.011018	0.002601
905.082966	0.048556	0.010828	0.002495
905.467967	0.050315	0.012419	0.002671
905.869138	0.048691	0.015965	0.002770
906.273115	0.048878	0.021229	0.002310
906.659147	0.047054	0.026448	0.002706
907.084086	0.049262	0.033469	0.002610
907.484036	0.051703	0.038930	0.002598
907.883529	0.047007	0.045661	0.003008
908.310966	0.047142	0.052242	0.002924
908.731178	0.049789	0.058110	0.002636
909.115934	0.044506	0.063655	0.002612
909.529335	0.049420	0.068999	0.002628
909.931081	0.048698	0.072263	0.002618
910.341412	0.049640	0.075649	0.002801
910.731927	0.048959	0.076936	0.002730
911.151512	0.049175	0.077504	0.002434
911.559888	0.045212	0.076397	0.002631
911.995070	0.049795	0.075119	0.002471
912.394542	0.049752	0.072981	0.002498
912.801909	0.047156	0.071060	0.002414
913.229218	0.046875	0.067920	0.002788
913.656219	0.047111	0.065231	0.002514
914.029278	0.048302	0.062312	0.002388
914.447312	0.048072	0.060085	0.002901
914.841706	0.048297	0.057020	0.002640
915.259219	0.046501	0.054861	0.002663
915.697918	0.049609	0.052310	0.002585
916.091079	0.046447	0.050614	0.002757
916.471735	0.048862	0.048538	0.002712
916.880887	0.047141	0.046617	0.002384
917.277958	0.046619	0.045712	0.002397
917.658125	0.047274	0.044028	0.002566
918.047791	0.048533	0.042498	0.002473
918.446190	0.049827	0.041351	0.002653
918.845110	0.051119	0.040631	0.002579
919.247356	0.047287	0.039386	0.002925
919.629446	0.047413	0.038634	0.002695
920.068645	0.046456	0.037832	0.002699
920.481282	0.048463	0.037003	0.002702
920.880467	0.049420	0.035697	0.002896
921.301147	0.046840	0.035574	0.002631
921.709587	0.048165	0.034075	0.002512
922.129332	0.048397	0.033546	0.002424
922.532152	0.050627	0.033550	0.002338
922.928310	0.047505	0.032724	0.002429
923.347778	0.049057	0.032637	0.002640
923.780602	0.050734	0.031806	0.002392
924.206744	0.049787	0.030827	0.002637
924.577859	0.048911	0.030820	0.002470
925.008229	0.046165	0.030088	0.002579
925.417869	0.048195	0.029532	0.002634
925.816375	0.049288	0.029571	0.002506
926.224242	0.048562	0.029365	0.002485
926.612708	0.046524	0.028778	0.002592
927.015867	0.048608	0.028700	0.002753
927.418655	0.046724	0.028574	0.002675
927.814346	0.048319	0.028458	0.002754
928.221586	0.049320	0.027985	0.002383
928.615087	0.046667	0.027873	0.002750
929.062309	0.050390	0.027524	0.002473
929.464480	0.046336	0.027632	0.002517
929.889559	0.045568	0.026953	0.002748
930.290531	0.045231	0.027014	0.002888
930.740291	0.046934	0.026997	0.002483
931.135918	0.050003	0.026952	0.002555
931.548269	0.047482	0.027092	0.002650
931.948284	0.048306	0.027032	0.002743
932.356916	0.049095	0.026855	0.002675
932.772337	0.048852	0.026620	0.002537
933.176209	0.048366	0.026690	0.002668
933.576139	0.047790	0.026561	0.002647
934.007986	0.048714	0.026670	0.002462
934.418775	0.047408	0.026744	0.002636
934.817250	0.049584	0.026707	0.002878
935.209998	0.047931	0.026692	0.002691
935.620425	0.045528	0.026349	0.002461
936.019442	0.046543	0.026658	0.002588
936.441961	0.050631	0.026925	0.002676
936.846981	0.051751	0.026629	0.002556
937.260107	0.049120	0.027036	0.002468
937.667592	0.044484	0.026980	0.002161
938.091651	0.047214	0.027027	0.002827
938.500252	0.048455	0.027169	0.002371
938.887592	0.046279	0.027047	0.002525
939.293759	0.046606	0.027092	0.002748
939.706163	0.049088	0.027727	0.002709
940.108251	0.047604	0.027845	0.002416
940.514886	0.044862	0.028059	0.002792
940.922243	0.048188	0.028354	0.002794
941.323544	0.050860	0.028885	0.002859
941.731359	0.047780	0.029242	0.002672
942.146610	0.046719	0.029414	0.002655
942.544512	0.048808	0.029470	0.002670
942.990363	0.049968	0.031374	0.002775
943.426206	0.050612	0.030980	0.002656
943.815799	0.047136	0.031594	0.002880
944.244682	0.047377	0.032146	0.002715
944.661741	0.046233	0.032902	0.002491
945.064976	0.049631	0.033314	0.002539
945.456056	0.049409	0.034232	0.002702
945.861608	0.048769	0.035409	0.002590
946.262420	0.047242	0.036580	0.002834
946.675208	0.047864	0.036726	0.002689
947.084276	0.048776	0.038542	0.002979
947.478353	0.047978	0.038981	0.002624
947.872833	0.047847	0.039948	0.002402
948.275399	0.047253	0.041592	0.002781
948.675150	0.047278	0.043551	0.002569
949.073349	0.050171	0.044335	0.002886
949.465779	0.046751	0.046362	0.002860
949.871278	0.050690	0.048296	0.002465
950.273196	0.047635	0.049675	0.002508
950.667931	0.046633	0.051282	0.002655
951.084352	0.051464	0.052621	0.002567
951.485973	0.045742	0.052546	0.002524
951.897677	0.048115	0.052561	0.002575
952.344517	0.046476	0.052203	0.002522
952.758718	0.049246	0.050803	0.002750
953.155929	0.046551	0.048662	0.002559
953.582752	0.047558	0.045632	0.002553
953.985892	0.048829	0.041486	0.002783
954.402218	0.047194	0.037030	0.002529
954.816780	0.050398	0.031727	0.002991
955.237122	0.045092	0.027247	0.002704
955.640166	0.047655	0.022208	0.002785
956.036985	0.048366	0.017931	0.002771
956.445576	0.048042	0.014200	0.002913
956.869881	0.048774	0.012416	0.002548
957.307488	0.045177	0.013334	0.002762
957.746934	0.047726	0.015656	0.002760
958.145442	0.048428	0.018199	0.002828
958.558102	0.051340	0.020823	0.002977
958.969350	0.050414	0.023511	0.002884
959.372713	0.047712	0.025462	0.002840
959.777108	0.046148	0.026448	0.002599
960.232576	0.049438	0.027815	0.002726
960.632327	0.046022	0.027984	0.002578
961.053286	0.048949	0.027674	0.002791
961.464650	0.050147	0.027195	0.002466
961.870256	0.051285	0.027156	0.002658
962.291480	0.047343	0.026068	0.002682
962.686546	0.048657	0.024857	0.002478
963.081229	0.047716	0.024306	0.002635
963.532405	0.046183	0.023082	0.002953
963.926982	0.045780	0.021981	0.002897
964.361424	0.049631	0.021129	0.002573
964.802188	0.047250	0.019930	0.002746
964.912931	0.048705	0.019937	0.002899
964.514720	0.047974	0.020765	0.002776
964.095260	0.045007	0.021329	0.002434
963.678614	0.045000	0.022950	0.002704
963.266060	0.048173	0.023154	0.002650
962.852613	0.047470	0.023889	0.002978
962.483886	0.049336	0.024788	0.002663
962.083912	0.044636	0.025869	0.002822
961.649959	0.048315	0.027374	0.002750
961.228469	0.047155	0.027095	0.002810
960.806235	0.045520	0.027590	0.002601
960.348164	0.049463	0.028076	0.002678
959.917208	0.047862	0.027676	0.002571
959.526339	0.044712	0.026547	0.002385
959.099813	0.046730	0.024750	0.002644
958.679927	0.046547	0.023431	0.002596
958.275725	0.049089	0.020393	0.002370
957.866443	0.047963	0.017624	0.002482
957.453443	0.045399	0.014900	0.002641
957.031836	0.045550	0.012580	0.002570
956.620525	0.046745	0.012831	0.002382
956.210627	0.048145	0.015069	0.002664
955.757019	0.047158	0.018513	0.002658
955.354240	0.048565	0.023234	0.002682
954.934578	0.047508	0.028250	0.002744
954.538174	0.047385	0.032863	0.002540
954.122613	0.049737	0.037982	0.002827
953.728632	0.048670	0.042308	0.002654
953.327617	0.050651	0.045541	0.002495
952.906712	0.047340	0.048714	0.002847
952.481355	0.049116	0.051061	0.002676
952.050845	0.049999	0.052563	0.002562
951.654675	0.045267	0.052910	0.002534
951.268854	0.047268	0.052848	0.002551
950.862781	0.047693	0.051784	0.002593
950.456124	0.050453	0.051366	0.002720
950.038343	0.047936	0.049579	0.002635
949.632738	0.047336	0.047870	0.002761
949.201496	0.045918	0.046486	0.002718
948.807961	0.048607	0.044711	0.002775
948.411249	0.048198	0.042612	0.002833
948.002095	0.048115	0.041384	0.002657
947.600464	0.046932	0.039874	0.002830
947.202170	0.044755	0.039234	0.002665
946.788628	0.047529	0.037762	0.002692
946.371846	0.045503	0.036442	0.002772
945.965158	0.049947	0.035741	0.002777
945.556142	0.047612	0.034966	0.002681
945.142644	0.047057	0.033988	0.002563
944.720475	0.049558	0.033204	0.002707
944.317739	0.046897	0.032767	0.002881
943.890141	0.048906	0.031935	0.002835
943.492643	0.048477	0.031650	0.002461
943.061199	0.050407	0.030365	0.002630
942.672520	0.046674	0.030243	0.002446
942.266183	0.048870	0.029583	0.002441
941.828204	0.048396	0.029212	0.002696
941.409255	0.049687	0.028921	0.002560
941.041550	0.050617	0.028301	0.002288
940.621793	0.047424	0.028486	0.002624
940.205978	0.047786	0.028015	0.002860
939.792235	0.046670	0.027727	0.002740
939.370364	0.048111	0.028081	0.002677
938.943808	0.046605	0.027096	0.002673
938.574976	0.047434	0.027198	0.002418
938.131133	0.048743	0.027295	0.002535
937.738311	0.049185	0.027256	0.002621
937.342800	0.048924	0.026721	0.002657
936.921333	0.048862	0.025966	0.002544
936.511182	0.046984	0.026957	0.003009
936.105025	0.047980	0.026879	0.002648
935.716623	0.048691	0.026422	0.002886
935.317978	0.046227	0.026746	0.002775
934.928025	0.044194	0.026399	0.002485
934.525980	0.047260	0.026613	0.002668
934.133370	0.048227	0.026691	0.002749
933.710002	0.047453	0.026264	0.002834
933.293688	0.047540	0.026562	0.002488
932.887011	0.047473	0.026550	0.002742
932.457639	0.048156	0.026969	0.002583
932.064201	0.048649	0.026581	0.002530
931.648472	0.045941	0.026759	0.002945
931.231765	0.049896	0.026603	0.002954
930.808163	0.044998	0.027209	0.002762
930.388216	0.049297	0.027080	0.002512
929.988169	0.049383	0.027084	0.002584
929.568551	0.048073	0.027212	0.002728
929.140327	0.048855	0.027401	0.002576
928.733608	0.049081	0.027228	0.002792
928.339203	0.047270	0.027559	0.002596
927.925662	0.045015	0.027850	0.002579
927.529037	0.045860	0.028031	0.002674
927.089062	0.046624	0.028595	0.002834
926.698663	0.047546	0.029315	0.002626
926.276559	0.048201	0.028985	0.002610
925.833343	0.048313	0.029217	0.002341
925.407415	0.047878	0.029558	0.002518
924.974272	0.049433	0.030221	0.002561
924.560317	0.047193	0.030650	0.002657
924.169323	0.047192	0.031279	0.002275
923.735967	0.046977	0.031460	0.002607
923.324786	0.051124	0.031819	0.002636
922.895829	0.048269	0.032632	0.002346
922.475394	0.046808	0.032645	0.002749
922.023530	0.048436	0.033664	0.002592
921.620934	0.046956	0.034109	0.002778
921.210379	0.045438	0.035247	0.002384
920.818259	0.048589	0.035471	0.003026
920.379793	0.049452	0.036043	0.002881
919.959857	0.046553	0.036852	0.002541
919.542588	0.044661	0.038316	0.002624
919.105599	0.045280	0.039306	0.002625
918.700772	0.047860	0.040171	0.002790
918.291280	0.048807	0.041043	0.002521
917.853728	0.048886	0.042590	0.002665
917.424166	0.046785	0.044523	0.003083
917.035924	0.048756	0.045518	0.002546
916.609677	0.046684	0.047296	0.002551
916.193003	0.045408	0.049078	0.002510
915.775256	0.050031	0.051186	0.002571
915.367879	0.045816	0.052505	0.002494
914.978893	0.049669	0.055203	0.002638
914.586072	0.053240	0.057440	0.002656
914.139107	0.047561	0.060198	0.002714
913.725769	0.048991	0.062701	0.002623
913.327636	0.048729	0.065833	0.002642
912.880267	0.047287	0.069333	0.002805
912.466270	0.049464	0.071959	0.002786
912.063462	0.046297	0.074797	0.002832
911.670460	0.046865	0.075249	0.002570
911.263795	0.046753	0.076376	0.002526
910.841873	0.046605	0.076507	0.002539
910.420514	0.048436	0.075976	0.002675
909.987542	0.048732	0.074667	0.002557
909.548003	0.049310	0.070545	0.002794
909.156978	0.045028	0.066838	0.002802
908.754754	0.048319	0.061136	0.002442
908.346899	0.048393	0.055580	0.002797
907.929386	0.049770	0.049393	0.002348
907.508771	0.047351	0.042582	0.002598
907.109703	0.047707	0.036320	0.002457
906.712664	0.048327	0.029531	0.002888
906.328290	0.046327	0.024746	0.002498
905.925970	0.045591	0.019523	0.002548
905.521399	0.048295	0.014530	0.002518
905.117178	0.050132	0.011335	0.002483
904.721467	0.046581	0.009987	0.002575
904.339069	0.045663	0.010954	0.002478
903.910485	0.048324	0.013450	0.002683
903.492845	0.050036	0.015371	0.002743
903.086053	0.048916	0.015991	0.002604
902.676807	0.049229	0.017377	0.002633
902.256085	0.044634	0.017786	0.002440
901.868003	0.047488	0.017905	0.002624
901.473207	0.050365	0.016430	0.002572
901.081937	0.049059	0.016391	0.002458
900.671373	0.046338	0.015206	0.002747
900.231836	0.048478	0.014301	0.002520
899.807279	0.050228	0.013060	0.002765
899.402442	0.045257	0.012872	0.002415
898.997828	0.047452	0.011992	0.002561
898.589113	0.046540	0.011311	0.002727
898.165937	0.048814	0.010646	0.002810
897.808391	0.049101	0.010026	0.002815
897.401844	0.045039	0.010276	0.002510
896.975523	0.046655	0.009473	0.002633
896.567095	0.050884	0.008898	0.002634
896.161642	0.050927	0.009353	0.002398
895.756922	0.049679	0.009164	0.002672
895.342629	0.046938	0.009316	0.002321
894.938801	0.047776	0.008929	0.002694
894.557605	0.046723	0.009480	0.002677
894.159621	0.047416	0.009020	0.002718
893.726055	0.045246	0.008899	0.002551
893.318030	0.048348	0.008990	0.002436
892.911866	0.049879	0.008957	0.002517
892.512904	0.048298	0.009156	0.002698
892.120467	0.047961	0.008681	0.002731
891.711805	0.048017	0.009016	0.002640
891.304620	0.046198	0.009131	0.002603
890.893706	0.046894	0.009061	0.002815
890.494841	0.044458	0.008742	0.002651
890.097091	0.044945	0.009003	0.002638
889.655737	0.047694	0.008854	0.002684
889.223860	0.049185	0.008113	0.002658
888.819480	0.045643	0.008304	0.002655
888.420593	0.048915	0.008288	0.002671
888.004006	0.047206	0.008501	0.002556
887.579046	0.045983	0.008966	0.002917
887.139211	0.048120	0.008430	0.002928
886.744670	0.050364	0.007962	0.002414
886.344455	0.047942	0.008505	0.002848
885.963737	0.046924	0.008721	0.002649
885.572054	0.050604	0.008224	0.002608
885.159228	0.046574	0.008546	0.002610
884.720201	0.050284	0.008136	0.002841
884.313537	0.049859	0.008469	0.002865
883.906682	0.046494	0.008337	0.002875
883.480065	0.048303	0.007711	0.002389
883.089944	0.048535	0.008870	0.002842
882.680613	0.046353	0.008728	0.002440
882.283076	0.046441	0.007809	0.002494
881.875063	0.045241	0.008327	0.002767
881.462386	0.049158	0.008414	0.002669
881.036108	0.046928	0.008120	0.002621
880.630677	0.046751	0.008382	0.002331
880.224088	0.046657	0.008778	0.002567
879.808351	0.050315	0.007876	0.002581
879.396683	0.044413	0.007620	0.002803
878.976536	0.050112	0.007721	0.002654
878.546902	0.047330	0.007581	0.002624
878.134596	0.049260	0.007742	0.002489
877.690077	0.046937	0.007533	0.002479
877.265181	0.050441	0.007585	0.002767
876.869610	0.047842	0.007658	0.002405
876.462553	0.044950	0.007385	0.002580
876.099727	0.046608	0.007475	0.002606
875.666980	0.047678	0.007420	0.002738
875.234764	0.047973	0.007431	0.002742
874.853568	0.049883	0.007581	0.002695
874.444089	0.045899	0.007554	0.002536
874.014975	0.049706	0.007198	0.002695
873.585129	0.046941	0.007182	0.002509
873.177137	0.046485	0.007600	0.002901
872.754303	0.048200	0.007397	0.002745
872.325848	0.045587	0.007302	0.002427
871.936673	0.045765	0.007530	0.002447
871.540156	0.047042	0.007418	0.002729
871.134662	0.048136	0.007514	0.002711
870.742777	0.047191	0.007444	0.002356
870.336146	0.048880	0.007407	0.002220
869.943465	0.048993	0.007451	0.002711
869.557414	0.048499	0.007054	0.002344
869.131806	0.047966	0.007291	0.002470
868.678681	0.047325	0.007886	0.002630
868.257324	0.046191	0.007432	0.002460
867.857088	0.048919	0.007461	0.002464
867.437474	0.047850	0.007369	0.002544
867.012653	0.048331	0.007384	0.002503
866.602877	0.046864	0.007540	0.002719
866.197935	0.045559	0.007564	0.002858
865.781220	0.047816	0.007655	0.002677
865.392109	0.047483	0.007751	0.002457
864.983938	0.047828	0.007877	0.002569
864.589334	0.045485	0.007497	0.002407
864.187175	0.046539	0.007577	0.002667
863.760878	0.046834	0.007641	0.002332
863.368558	0.049063	0.008209	0.002556
862.976005	0.049956	0.008352	0.002324
862.566760	0.046838	0.008171	0.002471
862.160320	0.047150	0.007965	0.002686
861.761944	0.047771	0.008434	0.002610
861.351170	0.048864	0.008227	0.002553
860.955110	0.048471	0.008795	0.002966
860.570419	0.048577	0.008784	0.002393
860.174944	0.047287	0.008714	0.002626
859.742622	0.047839	0.009053	0.002762
859.298730	0.048048	0.009199	0.002660
858.883823	0.048727	0.009317	0.002588
858.499684	0.046209	0.009776	0.002886
858.081228	0.049098	0.010099	0.002691
857.673885	0.049523	0.010054	0.002787
857.245080	0.046988	0.010836	0.002541
856.819314	0.049103	0.011092	0.002426
856.408518	0.050454	0.010936	0.002650
855.992017	0.050120	0.011735	0.002645
855.578299	0.049937	0.012677	0.002687
855.177905	0.049737	0.012526	0.002691
854.773102	0.046947	0.012472	0.002537
854.350311	0.051021	0.013116	0.002829
853.938899	0.046020	0.013608	0.002646
853.507608	0.048850	0.014088	0.002565
853.106650	0.046685	0.014910	0.002608
852.702283	0.050350	0.015399	0.002466
852.270280	0.046588	0.015709	0.002580
851.828524	0.048283	0.016044	0.002355
851.399772	0.048599	0.017448	0.002487
850.975749	0.047330	0.018663	0.002764
850.535129	0.049866	0.019397	0.002417
850.126257	0.046506	0.020052	0.002705
849.724205	0.048165	0.020957	0.002612
849.273195	0.048423	0.022261	0.002443
848.847642	0.048795	0.022879	0.002499
848.457469	0.049206	0.023575	0.002902
848.052400	0.050284	0.024749	0.002446
847.626666	0.048793	0.025568	0.002527
847.208369	0.048741	0.026428	0.002421
846.777982	0.048749	0.026959	0.002521
846.360620	0.048520	0.026942	0.002476
845.935120	0.047709	0.026658	0.002534
845.523432	0.048199	0.025590	0.002674
845.102585	0.048802	0.023511	0.002312
844.690005	0.046292	0.021531	0.002928
844.271167	0.047574	0.018817	0.002553
843.870741	0.049835	0.014706	0.002474
843.455494	0.047232	0.011501	0.002584
843.031874	0.048881	0.007769	0.002654
842.641627	0.047795	0.007968	0.002541
842.209699	0.047648	0.012734	0.002761
841.782786	0.046535	0.018204	0.002336
841.370875	0.048369	0.024333	0.002736
840.951750	0.047572	0.030258	0.002873
840.553183	0.046571	0.036124	0.002816
840.128502	0.049993	0.040568	0.002695
839.706678	0.048372	0.044616	0.002697
839.279945	0.047476	0.048187	0.002846
838.868427	0.047056	0.050295	0.002598
838.451130	0.046706	0.050410	0.002531
838.063210	0.049356	0.050388	0.002713
837.641588	0.049523	0.049270	0.002504
837.227605	0.047449	0.047883	0.003137
836.802860	0.051171	0.046088	0.002386
836.420029	0.048193	0.043517	0.002726
836.004824	0.048320	0.040687	0.002755
835.605567	0.047209	0.038356	0.002646
835.191383	0.048040	0.036237	0.002357
834.757606	0.047106	0.033616	0.002673
834.348819	0.048116	0.031333	0.002600
833.902994	0.046784	0.029173	0.002412
833.442380	0.048228	0.026608	0.002373
833.058752	0.049285	0.025465	0.002594
832.663129	0.047112	0.023638	0.002679
832.243324	0.047758	0.022921	0.002776
831.812948	0.045732	0.022001	0.002709
831.391815	0.048160	0.021301	0.002657
830.980935	0.048017	0.020764	0.002545
830.551791	0.048293	0.020500	0.002372
830.158898	0.047498	0.019988	0.002528
829.777576	0.048526	0.019120	0.002715
829.356719	0.049369	0.019276	0.002472
828.952427	0.046898	0.019237	0.002810
828.516228	0.048995	0.019219	0.002469
828.114050	0.050760	0.018688	0.002457
827.729593	0.047664	0.018743	0.002555
827.311956	0.047414	0.018161	0.002530
826.911191	0.048424	0.019239	0.002562
826.473738	0.047089	0.018282	0.002536
826.064749	0.048804	0.018605	0.002549
825.649099	0.047709	0.017848	0.002761
825.224694	0.046963	0.017461	0.002630
824.797855	0.048269	0.018333	0.002702
824.403816	0.045994	0.017928	0.002904
823.971909	0.045836	0.017967	0.002546
823.581737	0.045958	0.017855	0.002858
823.165343	0.047663	0.017435	0.002662
822.725978	0.046457	0.017845	0.002654
822.314333	0.048353	0.018067	0.002471
821.881439	0.048181	0.017983	0.002754
821.475478	0.050139	0.018110	0.002626
821.066628	0.048210	0.017201	0.002602
820.655334	0.046177	0.017281	0.002597
820.223831	0.047710	0.017409	0.002603
819.830163	0.050639	0.017423	0.002681
819.398810	0.047367	0.017194	0.002457
819.003538	0.048697	0.017302	0.002611
818.609817	0.050391	0.017280	0.002642
818.204972	0.051696	0.017207	0.002466
817.806767	0.049866	0.017249	0.002717
817.387452	0.048901	0.017695	0.002536
816.970356	0.046005	0.017430	0.002567
816.532458	0.047275	0.017082	0.002630
816.125541	0.048283	0.017589	0.002409
815.711867	0.050921	0.017409	0.002534
815.315607	0.048212	0.018230	0.002753
814.896992	0.047247	0.017355	0.002666
814.475754	0.049586	0.017846	0.002824
814.080386	0.048224	0.018330	0.002601
813.668635	0.046680	0.018205	0.002354
813.247885	0.048611	0.018443	0.002587
812.865745	0.048328	0.018230	0.002598
812.453208	0.048979	0.018310	0.002647
812.012462	0.048411	0.018130	0.002536
811.617180	0.049537	0.018711	0.002659
811.259339	0.044692	0.018880	0.002687
810.859594	0.050116	0.018961	0.002535
810.419092	0.047337	0.018974	0.002391
810.011581	0.050220	0.018928	0.002676
809.605525	0.050789	0.018808	0.002666
809.195336	0.046160	0.019081	0.002532
808.784222	0.051511	0.019007	0.002403
808.376828	0.046950	0.019401	0.002702
807.980313	0.049660	0.019759	0.002562
807.582364	0.048390	0.019762	0.002712
807.183235	0.046566	0.019786	0.002722
806.745772	0.047531	0.019851	0.002641
806.345146	0.050094	0.019785	0.002798
805.946081	0.049812	0.019844	0.002991
805.549789	0.047866	0.020170	0.002495
805.148355	0.046555	0.020251	0.002793
804.756270	0.048228	0.020675	0.002867
804.330697	0.047296	0.021064	0.002530
803.934787	0.049428	0.020717	0.002753
803.529018	0.050355	0.021257	0.002481
803.099174	0.045432	0.021499	0.002696
802.686616	0.047669	0.021949	0.002914
802.270721	0.048062	0.021789	0.002547
801.888688	0.048634	0.021903	0.002726
801.486202	0.045398	0.021937	0.002501
801.068427	0.047381	0.022342	0.002525
800.642875	0.049868	0.022029	0.002360
800.236362	0.050502	0.022710	0.002549
799.859099	0.046309	0.022909	0.002747
799.463647	0.045503	0.023187	0.002377
799.039455	0.048451	0.023283	0.002385
798.653214	0.045938	0.023369	0.002385
798.225537	0.049010	0.023900	0.002716
797.832486	0.050273	0.024211	0.002671
797.432571	0.045836	0.024274	0.002582
796.979766	0.047721	0.024466	0.002665
796.567431	0.045351	0.025390	0.002634
796.141050	0.047227	0.026194	0.002334
795.725677	0.049801	0.026059	0.002633
795.325666	0.048540	0.025864	0.002718
794.907807	0.047195	0.027138	0.002680
794.488353	0.047604	0.027360	0.002600
794.053876	0.046863	0.027787	0.002553
793.640829	0.046449	0.028190	0.002436
793.243603	0.045586	0.028573	0.002698
792.858148	0.048936	0.029415	0.002567
792.454866	0.047671	0.030081	0.002649
792.072046	0.048914	0.031179	0.002322
791.635221	0.047726	0.031528	0.002511
791.216575	0.049061	0.032039	0.002696
790.834850	0.046102	0.033020	0.002557
790.454262	0.047877	0.034524	0.002656
790.024789	0.046651	0.034718	0.002394
789.650523	0.048636	0.035942	0.002634
789.237157	0.047807	0.036726	0.002675
788.809459	0.047043	0.038364	0.002586
788.413667	0.049598	0.038804	0.003219
788.017875	0.045714	0.039643	0.002583
787.611277	0.048189	0.041339	0.003029
787.198135	0.049928	0.042677	0.002620
786.796573	0.047979	0.043304	0.002390
786.388084	0.050123	0.045068	0.002340
785.966729	0.049191	0.047677	0.002805
785.577216	0.047029	0.048713	0.002615
785.197818	0.049508	0.050631	0.002514
784.805925	0.047551	0.052955	0.002452
784.409283	0.047495	0.054824	0.002412
783.984570	0.047161	0.057400	0.002456
783.566317	0.048033	0.060137	0.002806
783.147735	0.047715	0.063562	0.002461
782.748012	0.047178	0.066120	0.002534
782.324649	0.049068	0.069137	0.002601
781.902125	0.050748	0.071058	0.002656
781.507310	0.048716	0.073790	0.002684
781.082948	0.048082	0.076341	0.002712
780.652339	0.048380	0.077881	0.002683
780.251532	0.049412	0.078000	0.002731
779.831600	0.046444	0.076882	0.002689
779.431664	0.046386	0.076242	0.002793
779.022379	0.049211	0.072845	0.002676
778.625875	0.048755	0.068036	0.002707
778.232782	0.048596	0.061458	0.002842
777.813169	0.049033	0.054734	0.002665
777.406497	0.048394	0.047336	0.002628
776.978459	0.048493	0.038111	0.002617
776.563638	0.046759	0.029211	0.002500
776.140806	0.047398	0.020304	0.002716
775.731170	0.048320	0.012535	0.002699
775.319982	0.045833	0.006661	0.002567
774.929609	0.048413	0.008596	0.002532
774.519070	0.047542	0.013415	0.002571
774.126603	0.050440	0.017861	0.002637
773.737218	0.047623	0.021604	0.002540
773.330599	0.049353	0.024331	0.002481
772.931747	0.048947	0.026078	0.002420
772.521049	0.046204	0.026486	0.002987
772.107662	0.046013	0.026043	0.002428
771.681813	0.046204	0.024695	0.002470
771.259321	0.049886	0.023317	0.002488
770.880369	0.049301	0.021308	0.002833
770.451534	0.045350	0.018765	0.002542
770.056358	0.048576	0.016974	0.002460
769.616080	0.048832	0.015463	0.002694
769.235396	0.049921	0.012721	0.002786
768.827365	0.049029	0.011909	0.002666
768.418462	0.047213	0.010702	0.002460
767.989489	0.046868	0.008871	0.002891
767.582318	0.047598	0.007709	0.002791
767.175115	0.051494	0.008077	0.002528
766.725986	0.048760	0.007025	0.002670
766.300955	0.049223	0.006504	0.002872
765.886835	0.049076	0.006169	0.002682
765.473226	0.046856	0.006825	0.002395
765.064471	0.047823	0.005599	0.002508
764.674502	0.049594	0.006465	0.002493
764.284702	0.046594	0.006909	0.002967
763.895752	0.047759	0.006711	0.002690
763.482345	0.047763	0.006668	0.002758
763.040951	0.047304	0.007035	0.002687
762.636309	0.048477	0.006658	0.002904
762.241335	0.048251	0.006755	0.002551
761.824856	0.051540	0.006727	0.002595
761.432762	0.047905	0.006694	0.002537
761.028619	0.047338	0.006744	0.002475
760.609006	0.048256	0.006704	0.002801
760.204682	0.046428	0.006258	0.002448
759.814543	0.048745	0.006431	0.002595
759.365277	0.047778	0.005753	0.002783
758.938726	0.050627	0.006083	0.002693
758.540968	0.047271	0.005859	0.002822
758.141925	0.048841	0.006768	0.002813
757.747036	0.045357	0.006003	0.002663
757.336678	0.046924	0.006485	0.002625
756.935690	0.045882	0.005639	0.002467
756.526426	0.045937	0.006127	0.002663
756.128265	0.048978	0.006088	0.002395
755.741567	0.048316	0.005588	0.002776
755.314613	0.050176	0.006011	0.002642
754.911532	0.047922	0.006433	0.002664
754.508834	0.048783	0.005447	0.002548
754.088520	0.045377	0.005479	0.002563
753.669513	0.049206	0.005488	0.002654
753.259941	0.047106	0.005499	0.002695
752.869600	0.047999	0.005473	0.002725
752.473521	0.048322	0.005723	0.002570
752.078037	0.045762	0.005580	0.002640
751.693039	0.048148	0.005496	0.002912
751.250095	0.048336	0.004947	0.002616
750.850637	0.048309	0.005405	0.002616
750.381205	0.048333	0.005677	0.002745
749.966480	0.045356	0.005426	0.002603
749.577754	0.050314	0.005054	0.002457
749.173961	0.046468	0.005531	0.002699
748.759076	0.046531	0.005424	0.002530
748.335989	0.048902	0.005073	0.002720
747.925376	0.049721	0.005179	0.002947
747.519820	0.048863	0.005377	0.002609
747.094098	0.047066	0.005423	0.002639
746.697222	0.047412	0.005384	0.002356
746.285387	0.046963	0.005336	0.002654
745.863979	0.048720	0.005298	0.002686
745.410314	0.047344	0.005463	0.002382
744.987450	0.045945	0.004732	0.002383
744.580746	0.049015	0.005013	0.002791
744.149584	0.050533	0.005448	0.002659
743.743253	0.047631	0.005220	0.002536
743.349692	0.048600	0.004739	0.002730
742.947323	0.049786	0.004650	0.002561
742.576722	0.048074	0.005249	0.002627
742.161306	0.048354	0.005107	0.002516
741.753646	0.046324	0.005118	0.002510
741.351193	0.051666	0.004632	0.002639
740.955199	0.048659	0.004969	0.002738
740.575312	0.047335	0.004648	0.002743
740.148018	0.047814	0.004333	0.002410
739.733983	0.047480	0.005395	0.002669
739.345129	0.049181	0.005110	0.002481
738.938074	0.051161	0.004830	0.002590
738.519896	0.047617	0.004939	0.002759
738.110951	0.048881	0.004609	0.002449
737.709294	0.047609	0.004308	0.002751
737.305395	0.046913	0.005493	0.002488
736.905395	0.048080	0.005113	0.002366
736.502060	0.050889	0.004794	0.002557
736.040703	0.047861	0.005390	0.002700
735.637792	0.047511	0.004847	0.002617
735.234138	0.049504	0.004892	0.002537
734.811826	0.047259	0.004899	0.002606
734.381578	0.048258	0.004708	0.002691
733.977977	0.047782	0.004797	0.002769
733.571305	0.047794	0.005057	0.002678
733.157780	0.045900	0.004871	0.002753
732.759863	0.046682	0.004918	0.002733
732.352904	0.048615	0.005309	0.002718
731.952767	0.047472	0.005287	0.002866
731.532240	0.046917	0.005339	0.002437
731.122753	0.048000	0.005052	0.002639
730.731211	0.049057	0.005113	0.002653
730.326983	0.047060	0.005266	0.002615
729.920768	0.045701	0.005326	0.002411
729.512300	0.047897	0.005810	0.002932
729.105076	0.050192	0.005146	0.002714
728.683668	0.047704	0.005380	0.002767
728.273054	0.047271	0.005259	0.002783
727.872491	0.049289	0.005329	0.002712
727.468646	0.050660	0.005167	0.002576
727.052879	0.048129	0.005325	0.003242
726.645771	0.047936	0.005664	0.002861
726.245931	0.047523	0.005166	0.002638
725.829432	0.048961	0.005980	0.002703
725.395231	0.047786	0.006113	0.002708
725.004836	0.048811	0.005404	0.002580
724.604741	0.046680	0.006357	0.002624
724.192480	0.049699	0.006239	0.002718
723.773834	0.049062	0.005653	0.002548
723.380550	0.047253	0.005987	0.002626
722.962701	0.047915	0.006513	0.002606
722.543832	0.050097	0.006441	0.002610
722.137149	0.045363	0.006196	0.002518
721.717802	0.045622	0.006782	0.002699
721.312490	0.047122	0.006584	0.002489
720.889955	0.048879	0.006998	0.002782
720.458814	0.047099	0.006915	0.002690
720.052015	0.048384	0.006751	0.002579
719.668027	0.047284	0.007647	0.002761
719.243728	0.049912	0.006923	0.002746
718.824328	0.046930	0.007622	0.002403
718.409974	0.047120	0.007550	0.002438
717.997650	0.049867	0.007637	0.002831
717.577442	0.048599	0.007745	0.002331
717.183977	0.048071	0.008516	0.002593
716.791723	0.045468	0.008713	0.002737
716.390554	0.048946	0.009195	0.002694
715.996834	0.047857	0.009401	0.002651
715.587421	0.047454	0.009449	0.002813
715.197185	0.050238	0.009893	0.002618
714.792723	0.049806	0.010727	0.002386
714.395688	0.048300	0.010929	0.002609
713.969402	0.049852	0.011192	0.002757
713.574386	0.047089	0.011824	0.002693
713.181611	0.048605	0.012320	0.002683
712.765493	0.049289	0.012015	0.002602
712.347432	0.049821	0.012508	0.002757
711.936297	0.047997	0.013434	0.002501
711.510288	0.046166	0.013822	0.002626
711.123112	0.049337	0.014116	0.002497
710.708334	0.047243	0.014443	0.002589
710.308653	0.047607	0.015013	0.002536
709.904244	0.048706	0.014757	0.002398
709.497104	0.047057	0.014444	0.002756
709.101503	0.049111	0.013817	0.002601
708.702714	0.050573	0.012497	0.002695
708.303533	0.048473	0.011013	0.002590
707.914200	0.049345	0.009841	0.002660
707.510545	0.046567	0.007633	0.002720
707.120629	0.048380	0.006854	0.002621
706.688531	0.047833	0.007823	0.002745
706.287055	0.050507	0.010529	0.002622
705.851930	0.045976	0.014457	0.002617
705.437225	0.045824	0.018764	0.002452
705.026590	0.046901	0.022770	0.002535
704.634877	0.048020	0.026272	0.002257
704.207423	0.048385	0.029449	0.002804
703.805989	0.046046	0.032432	0.002781
703.403184	0.050707	0.034060	0.002640
703.010186	0.047585	0.034013	0.002512
702.587556	0.050114	0.034724	0.002709
702.189171	0.045154	0.033755	0.002671
701.782987	0.048169	0.032172	0.002582
701.374541	0.048493	0.030041	0.002547
700.968644	0.045171	0.028079	0.002647
700.567295	0.047533	0.025848	0.002418
700.164596	0.047154	0.023656	0.002453
699.743421	0.046385	0.021237	0.002647
699.323861	0.049333	0.019343	0.002710
698.890553	0.048778	0.017783	0.002439
698.507616	0.048408	0.016395	0.002551
698.095493	0.046365	0.015019	0.002595
697.699286	0.042983	0.014224	0.002716
697.292890	0.049073	0.013437	0.002427
696.874095	0.047588	0.012444	0.002548
696.481522	0.047585	0.012348	0.002385
696.058180	0.047867	0.013026	0.002400
695.628388	0.047266	0.012288	0.002605
695.181023	0.048221	0.011904	0.002718
694.688970	0.048744	0.012578	0.002630
694.204333	0.044694	0.012149	0.002662
693.775243	0.048733	0.012670	0.002402
693.345653	0.051650	0.012159	0.002717
692.934497	0.046822	0.012602	0.002710
692.536335	0.046600	0.012716	0.002810
692.109996	0.050212	0.013394	0.002680
691.689671	0.048982	0.013451	0.002467
691.240213	0.047217	0.013312	0.002651
690.745737	0.045896	0.012412	0.002543
690.275540	0.049740	0.012765	0.002745
689.828143	0.046736	0.012412	0.002498
689.424626	0.045652	0.012930	0.002576
688.928217	0.045444	0.012538	0.002592
688.438491	0.047044	0.013003	0.002525
687.958518	0.046599	0.013128	0.002503
687.475379	0.046343	0.013044	0.002911
687.019801	0.048351	0.012742	0.002370
686.593962	0.046760	0.012973	0.002628
686.171140	0.047021	0.012268	0.002620
685.756743	0.046188	0.013011	0.002824
685.284749	0.047757	0.012340	0.002606
684.773051	0.045734	0.012989	0.002687
684.226026	0.048812	0.013741	0.002550
683.734026	0.049806	0.012996	0.002639
683.325611	0.048054	0.013388	0.002697
682.850526	0.048386	0.013744	0.002875
682.351588	0.049408	0.013378	0.002651
681.901768	0.048986	0.013682	0.002383
681.438253	0.047553	0.013181	0.002845
680.963359	0.048308	0.013750	0.002747
680.508843	0.048582	0.013721	0.002584
680.090334	0.050987	0.013828	0.002753
679.696666	0.050305	0.013732	0.002659
679.283959	0.045997	0.013669	0.002411
678.835998	0.047893	0.013996	0.002508
678.390110	0.048879	0.014209	0.002420
677.888431	0.045521	0.013997	0.002654
677.404495	0.048708	0.013960	0.002572
676.934743	0.046597	0.014053	0.002397
676.519368	0.047931	0.013731	0.002687
676.047895	0.046237	0.014149	0.002737
675.579875	0.048975	0.014451	0.002607
675.154152	0.048901	0.014589	0.002664
674.689925	0.047703	0.015063	0.002931
674.199604	0.046364	0.015042	0.002607
673.691975	0.047980	0.014884	0.002420
673.285387	0.046327	0.014523	0.002680
672.881402	0.047152	0.015088	0.002884
672.367865	0.045035	0.014907	0.002798
671.895340	0.046548	0.015148	0.002775
671.419224	0.045447	0.015038	0.002773
670.943724	0.047316	0.015085	0.002631
670.468213	0.045555	0.015819	0.002221
670.021496	0.048054	0.015142	0.002551
669.629910	0.047607	0.015536	0.002538
669.200107	0.046614	0.015251	0.002432
668.749586	0.050951	0.015534	0.002675
668.249808	0.049266	0.015757	0.002534
667.789979	0.045814	0.015935	0.002996
667.313990	0.049363	0.016418	0.002682
666.862991	0.048044	0.016284	0.002652
666.449082	0.048812	0.016176	0.002626
665.983006	0.047592	0.016242	0.002550
665.509737	0.050001	0.016478	0.002586
665.099866	0.048276	0.016291	0.002671
664.668055	0.048313	0.016369	0.002534
664.285351	0.049177	0.016665	0.002737
663.833247	0.045172	0.017076	0.002760
663.423439	0.046494	0.016818	0.002808
663.015991	0.046898	0.016891	0.002366
662.579494	0.047288	0.017401	0.002566
662.125540	0.048487	0.017806	0.002520
661.749020	0.047598	0.017729	0.002794
661.327972	0.049514	0.017986	0.002530
660.897265	0.048269	0.017988	0.002569
660.496638	0.047111	0.017955	0.002541
660.088573	0.048946	0.017570	0.002581
659.657728	0.046733	0.017893	0.002598
659.213284	0.047521	0.018475	0.002908
658.806228	0.048490	0.018229	0.002500
658.377561	0.047622	0.018188	0.002367
657.977996	0.047074	0.018680	0.002519
657.563907	0.046778	0.018804	0.002624
657.159911	0.047822	0.018767	0.002805
656.759411	0.047981	0.019184	0.002621
656.354703	0.045585	0.019253	0.002568
655.962522	0.046953	0.019812	0.002874
655.539380	0.046514	0.019248	0.002725
655.107823	0.047174	0.019560	0.002600
654.724514	0.050179	0.020197	0.002767
654.290917	0.047821	0.020116	0.002496
653.894188	0.046345	0.020492	0.002602
653.497492	0.047136	0.020684	0.002571
653.105767	0.050211	0.020625	0.002724
652.669631	0.048040	0.020790	0.002582
652.233825	0.049201	0.020980	0.002705
651.829425	0.048919	0.021534	0.002627
651.374866	0.047160	0.022305	0.002919
650.960075	0.049149	0.022299	0.002576
650.542660	0.048694	0.022197	0.002690
650.147535	0.046147	0.022858	0.002547
649.712887	0.049169	0.023298	0.002745
649.311950	0.049160	0.023300	0.002667
648.898105	0.046427	0.023801	0.002528
648.507624	0.045746	0.023415	0.002745
648.106815	0.048850	0.024556	0.002468
647.684438	0.049885	0.024931	0.002917
647.265631	0.049508	0.025051	0.002545
646.855823	0.049097	0.025522	0.002817
646.429833	0.048491	0.025991	0.002826
646.040573	0.047414	0.026531	0.002728
645.612926	0.048992	0.026743	0.002381
645.221287	0.046072	0.027640	0.002729
644.831283	0.046972	0.028127	0.002591
644.409490	0.047890	0.029093	0.002950
644.001892	0.049027	0.029595	0.002641
643.587250	0.047112	0.030032	0.002592
643.170642	0.046863	0.030734	0.002595
642.754491	0.048991	0.031382	0.002429
642.338520	0.048155	0.032667	0.002971
641.921647	0.046112	0.033601	0.002519
641.520583	0.049405	0.034996	0.002638
641.111391	0.047512	0.035436	0.002432
640.678931	0.050730	0.036762	0.002501
640.289639	0.049060	0.037822	0.002761
639.878842	0.048457	0.039202	0.002513
639.452353	0.048013	0.040231	0.002680
639.041706	0.050244	0.042065	0.002672
638.643446	0.049611	0.042747	0.002806
638.234775	0.044050	0.043058	0.002541
637.817126	0.047957	0.043542	0.002784
637.409633	0.046218	0.043395	0.002489
637.022233	0.049775	0.042706	0.002680
636.612265	0.051142	0.041250	0.002541
636.170274	0.051862	0.039131	0.002464
635.759159	0.047057	0.036379	0.002569
635.353515	0.051112	0.033862	0.002625
635.106946	0.048816	0.030240	0.002608
635.531172	0.048337	0.033470	0.002546
635.943340	0.051770	0.036559	0.002606
636.352840	0.049036	0.039435	0.002598
636.804234	0.048734	0.040854	0.002658
637.220874	0.045517	0.042522	0.002475
637.620121	0.047566	0.043435	0.002815
638.017647	0.048848	0.043501	0.002616
638.474247	0.050951	0.043485	0.002723
638.857079	0.049617	0.042750	0.002673
639.280837	0.048811	0.041261	0.002509
639.689732	0.047927	0.039985	0.002436
640.124572	0.047281	0.038881	0.002821
640.541542	0.049445	0.037781	0.002359
640.940959	0.050665	0.036890	0.002651
641.371730	0.047426	0.035486	0.002593
641.791738	0.048314	0.034820	0.002617
642.216250	0.049767	0.033630	0.002480
642.621904	0.046459	0.031913	0.002675
643.000040	0.048661	0.031971	0.002463
643.409944	0.048510	0.030670	0.002577
643.835986	0.047711	0.030295	0.002582
644.233704	0.046936	0.029370	0.002778
644.650917	0.048841	0.028575	0.002734
645.082007	0.050670	0.027658	0.002852
645.492463	0.047013	0.027548	0.002818
645.888745	0.045590	0.026835	0.002643
646.331172	0.048986	0.026315	0.002673
646.732852	0.050360	0.025461	0.002605
647.145263	0.049601	0.025183	0.002688
647.547091	0.047297	0.025058	0.002605
647.988381	0.044923	0.024592	0.002307
648.408409	0.046892	0.024302	0.002697
648.819099	0.045512	0.023529	0.002787
649.239564	0.048598	0.023298	0.002496
649.626985	0.050469	0.022800	0.002609
650.043285	0.047706	0.022658	0.002780
650.465832	0.048039	0.022455	0.002616
650.871209	0.047134	0.022276	0.002732
651.312031	0.048506	0.022296	0.002738
651.703426	0.048574	0.021479	0.002735
652.109759	0.045263	0.021271	0.002415
652.500708	0.050361	0.021207	0.002594
652.894473	0.049668	0.020965	0.002735
653.294495	0.049868	0.020757	0.002699
653.704600	0.047316	0.020935	0.002846
654.118934	0.047740	0.020896	0.002453
654.495901	0.047499	0.020168	0.002548
654.901065	0.047169	0.019879	0.002726
655.300907	0.047749	0.019636	0.002410
655.732825	0.047932	0.019606	0.002914
656.163616	0.044557	0.019482	0.002982
656.551845	0.049762	0.019268	0.002672
656.987429	0.047455	0.019186	0.002895
657.402347	0.047061	0.018849	0.002614
657.811464	0.048533	0.018887	0.002495
658.238749	0.050679	0.018626	0.003000
658.639526	0.048801	0.018737	0.002665
659.035351	0.048640	0.018355	0.002586
659.465080	0.052974	0.017866	0.002533
659.843991	0.048022	0.018076	0.002644
660.268577	0.045947	0.017860	0.002357
660.685631	0.050181	0.017862	0.002728
661.070598	0.047663	0.017534	0.002537
661.473212	0.047623	0.017795	0.002456
661.872799	0.049241	0.017928	0.002566
662.285634	0.046291	0.017424	0.002784
662.703007	0.048056	0.017203	0.002483
663.106248	0.043101	0.017243	0.002575
663.529910	0.048636	0.016797	0.002606
663.979327	0.048515	0.016609	0.002340
664.376788	0.048704	0.017392	0.002574
664.812148	0.047506	0.016495	0.002529
665.214231	0.047387	0.016552	0.002805
665.650250	0.048554	0.016357	0.002520
666.041347	0.046066	0.016287	0.002401
666.486747	0.046316	0.016274	0.002416
666.920099	0.048305	0.016389	0.002705
667.315095	0.048290	0.016249	0.002304
667.737121	0.047316	0.016434	0.002501
668.171769	0.047072	0.016261	0.002770
668.594007	0.047949	0.016079	0.002498
669.013483	0.048372	0.015901	0.002633
669.456078	0.049088	0.015347	0.002522
669.844222	0.047482	0.015560	0.002568
670.235574	0.046971	0.015546	0.002911
670.654317	0.045551	0.015490	0.002463
671.115314	0.048078	0.015263	0.002678
671.524611	0.047526	0.015478	0.002879
671.907113	0.048702	0.014871	0.002597
672.329457	0.049735	0.014918	0.002480
672.744088	0.044394	0.015042	0.002605
673.145002	0.047670	0.014667	0.002529
673.539095	0.049064	0.014736	0.002598
673.958358	0.046951	0.014841	0.002699
674.407105	0.044959	0.014498	0.002492
674.832807	0.047043	0.014097	0.002702
675.215096	0.046927	0.014119	0.002306
675.625402	0.051850	0.014062	0.002555
676.044750	0.050998	0.014139	0.002328
676.454600	0.046952	0.014230	0.002433
676.847694	0.047268	0.014158	0.002720
677.263738	0.048201	0.014278	0.002603
677.697908	0.049052	0.014202	0.002675
678.085413	0.045895	0.013838	0.002564
678.493807	0.048131	0.013550	0.002555
678.911232	0.048486	0.014182	0.002644
679.350077	0.047644	0.013890	0.002559
679.758088	0.049336	0.013821	0.002563
680.165281	0.046632	0.013839	0.002772
680.565972	0.047884	0.013538	0.002787
680.957282	0.049095	0.013565	0.002446
681.350833	0.047544	0.012849	0.002747
681.786755	0.047150	0.013435	0.002659
682.167238	0.046152	0.013317	0.002414
682.567971	0.047908	0.013208	0.002589
682.999251	0.047266	0.013594	0.002755
683.415677	0.047808	0.012957	0.002685
683.826854	0.047592	0.013619	0.002691
684.219917	0.045244	0.013094	0.002524
684.600463	0.048153	0.012891	0.002671
684.995289	0.047888	0.012384	0.002390
685.401611	0.047268	0.012870	0.002529
685.803439	0.050638	0.012483	0.002654
686.198987	0.046665	0.012506	0.002549
686.616475	0.050648	0.012484	0.002773
687.028492	0.051344	0.012917	0.002770
687.450369	0.048334	0.012583	0.002674
687.863448	0.047058	0.012900	0.002514
688.281138	0.047032	0.012509	0.002512
688.686228	0.047655	0.012925	0.002651
689.083242	0.048280	0.013304	0.002503
689.467858	0.047137	0.012731	0.002441
689.904789	0.048781	0.013262	0.002707
690.358498	0.047548	0.012485	0.002294
690.778122	0.045798	0.013009	0.002840
691.187418	0.046968	0.013191	0.002739
691.580310	0.050060	0.012674	0.002783
691.973288	0.047468	0.012532	0.002604
692.377856	0.046574	0.012592	0.002582
692.786250	0.047394	0.012974	0.002376
693.196290	0.047677	0.012321	0.002598
693.628706	0.047774	0.012509	0.002652
694.054418	0.049003	0.012712	0.002889
694.473787	0.047173	0.012626	0.002762
694.890489	0.049164	0.012383	0.002717
695.313768	0.049461	0.012685	0.002492
695.709752	0.048579	0.012240	0.002850
696.112599	0.048832	0.012523	0.002637
696.553080	0.050513	0.012961	0.002586
696.999148	0.048118	0.012704	0.002490
697.414926	0.046906	0.013525	0.002770
697.817763	0.047190	0.014004	0.002471
698.253526	0.047987	0.015138	0.002530
698.633827	0.047601	0.016496	0.002651
699.014873	0.048129	0.017005	0.002590
699.407159	0.046768	0.019225	0.002523
699.807605	0.047171	0.021316	0.002619
700.195068	0.047543	0.022905	0.002639
700.608540	0.046779	0.025071	0.002652
701.025008	0.048331	0.027047	0.002620
701.429577	0.047692	0.029209	0.002544
701.848043	0.050812	0.031251	0.002594
702.252622	0.047892	0.032324	0.002406
702.671353	0.047790	0.034090	0.002613
703.083136	0.048179	0.034499	0.002782
703.500645	0.048804	0.034111	0.002529
703.904534	0.047022	0.032723	0.002799
704.310781	0.049703	0.029895	0.002680
704.726314	0.047502	0.027835	0.002372
705.146182	0.046453	0.023581	0.002433
705.600262	0.050326	0.019156	0.002614
705.984643	0.049174	0.015177	0.002260
706.383177	0.049361	0.011520	0.002493
706.752354	0.048995	0.008413	0.002578
707.193589	0.047001	0.006625	0.002403
707.623391	0.049101	0.007771	0.002521
708.050335	0.049840	0.009943	0.002856
708.473794	0.047977	0.011047	0.002534
708.872572	0.049082	0.012885	0.002766
709.292886	0.049059	0.013946	0.002921
709.703638	0.046149	0.014446	0.002472
710.111543	0.049840	0.014755	0.002777
710.495212	0.047375	0.015159	0.002603
710.924759	0.048395	0.014897	0.002594
711.336308	0.048035	0.014007	0.002686
711.722496	0.048820	0.013924	0.002465
712.179678	0.045747	0.013384	0.002639
712.576203	0.048075	0.013629	0.002877
712.994892	0.046916	0.012043	0.002677
713.415376	0.049228	0.012029	0.003032
713.796644	0.049367	0.011339	0.002498
714.204613	0.049255	0.011255	0.002385
714.605526	0.047541	0.010536	0.002632
715.019996	0.049086	0.010950	0.002489
715.436039	0.046686	0.009432	0.002590
715.867924	0.048152	0.009447	0.002561
716.258786	0.048166	0.009418	0.002498
716.650254	0.049526	0.009253	0.002372
717.057925	0.046247	0.008275	0.002508
717.465341	0.047530	0.007867	0.002645
717.873277	0.047092	0.007722	0.002659
718.305629	0.047804	0.007977	0.002802
718.699094	0.048054	0.007203	0.002650
719.114904	0.051078	0.007561	0.002937
719.532615	0.047380	0.007514	0.002439
719.944270	0.050577	0.006833	0.002791
720.353438	0.046609	0.006452	0.002548
720.779840	0.048951	0.006647	0.002468
721.212171	0.051165	0.006649	0.002666
721.610683	0.048771	0.006711	0.002507
722.040294	0.046380	0.006317	0.002256
722.452979	0.046467	0.006471	0.002437
722.846126	0.047567	0.006501	0.002530
723.257930	0.047141	0.006394	0.002613
723.654519	0.048437	0.006271	0.002776
724.062211	0.044582	0.006159	0.002482
724.487380	0.050977	0.006272	0.002591
724.907152	0.047858	0.005629	0.002566
725.307396	0.050758	0.005317	0.002959
725.748928	0.047326	0.006153	0.002827
726.147599	0.047919	0.005681	0.002529
726.553719	0.046350	0.005366	0.002733
727.009955	0.045337	0.005544	0.002556
727.503059	0.046915	0.005451	0.002531
727.968847	0.047263	0.005353	0.002778
728.429333	0.044759	0.005314	0.002767
728.916445	0.049310	0.005635	0.002590
729.312779	0.046138	0.005669	0.002775
729.729225	0.047577	0.005150	0.002593
730.140508	0.048125	0.005362	0.002563
730.546245	0.048643	0.005256	0.002738
730.934950	0.048272	0.004998	0.002529
731.323061	0.049031	0.005271	0.002501
731.737489	0.047897	0.004656	0.002732
732.122720	0.047352	0.005210	0.002343
732.538370	0.049143	0.005370	0.002692
732.957366	0.047110	0.005137	0.002590
733.377064	0.046325	0.005288	0.002561
733.823068	0.051490	0.005393	0.002241
734.212624	0.050247	0.005194	0.002314
734.593382	0.049545	0.005425	0.002631
734.994401	0.046713	0.004600	0.002667
735.411114	0.048138	0.005167	0.002708
735.808053	0.048320	0.005152	0.002668
736.229557	0.047160	0.005413	0.002499
736.636112	0.047780	0.004992	0.002561
737.036409	0.048112	0.005158	0.002764
737.486950	0.049865	0.004788	0.002407
737.890626	0.048439	0.004899	0.002597
738.302408	0.046793	0.005375	0.002910
738.703778	0.047582	0.005235	0.002576
739.099528	0.046536	0.005202	0.002362
739.479436	0.049027	0.004994	0.002595
739.897646	0.045602	0.005277	0.002531
740.294022	0.047124	0.004582	0.002544
740.690866	0.045617	0.005407	0.002534
741.084650	0.049891	0.005034	0.002916
741.499684	0.047983	0.005057	0.002650
741.893702	0.047462	0.005234	0.002433
742.291279	0.045618	0.004569	0.002641
742.692765	0.046665	0.004504	0.002343
743.082873	0.046883	0.005505	0.002430
743.486602	0.047010	0.005403	0.002672
743.886293	0.043710	0.004867	0.002370
744.289416	0.049415	0.005243	0.002649
744.673904	0.049285	0.005258	0.002557
745.097458	0.047261	0.004863	0.002816
745.492804	0.048835	0.005381	0.002648
745.901367	0.048847	0.005290	0.002560
746.318302	0.049453	0.005464	0.002540
746.717760	0.044310	0.004930	0.002332
747.129871	0.050048	0.005394	0.002643
747.536108	0.047937	0.005282	0.002489
747.955455	0.051306	0.005478	0.002625
748.363178	0.048398	0.005345	0.002486
748.801076	0.048543	0.005304	0.002398
749.232854	0.047500	0.005345	0.002369
749.643722	0.048420	0.005401	0.002599
750.037740	0.048327	0.005487	0.002505
750.455780	0.046810	0.005254	0.002483
750.837420	0.049400	0.005446	0.002429
751.248746	0.049124	0.005448	0.002735
751.643975	0.047686	0.005386	0.002517
752.048543	0.046068	0.005417	0.002557
752.430533	0.048745	0.005674	0.002581
752.842464	0.047993	0.005524	0.002539
753.252908	0.048514	0.005341	0.002713
753.665210	0.048153	0.005485	0.002760
754.092090	0.045181	0.005778	0.002388
754.501896	0.048542	0.005633	0.002508
754.922391	0.046718	0.005762	0.002515
755.327915	0.048207	0.006405	0.002583
755.739039	0.045871	0.005790	0.002489
756.147655	0.050073	0.005487	0.002585
756.568075	0.049017	0.005759	0.002493
756.970125	0.051105	0.006032	0.002605
757.357938	0.049625	0.005918	0.002838
757.742478	0.047719	0.006826	0.002622
758.149309	0.048282	0.006546	0.002552
758.569655	0.046286	0.006274	0.002438
758.972863	0.048310	0.006217	0.002460
759.354524	0.047040	0.006337	0.002706
759.751241	0.047085	0.006932	0.002358
760.141667	0.045948	0.006351	0.002897
760.536248	0.048432	0.006881	0.002408
760.933060	0.047185	0.006404	0.002759
761.341517	0.047169	0.006739	0.002419
761.753788	0.045454	0.006409	0.002432
762.145808	0.046534	0.006798	0.002715
762.567121	0.048307	0.006628	0.002645
762.973516	0.045463	0.006858	0.002803
763.375077	0.048455	0.006797	0.002340
763.781122	0.047918	0.006749	0.002427
764.184086	0.049868	0.006936	0.002706
764.594753	0.050980	0.006767	0.002874
765.033766	0.044723	0.006611	0.002646
765.423938	0.047436	0.006456	0.002814
765.846164	0.045602	0.006609	0.002648
766.277857	0.046150	0.006346	0.002604
766.688354	0.050658	0.006730	0.002472
767.106543	0.048572	0.006978	0.002490
767.537332	0.050204	0.007676	0.002755
767.927578	0.049889	0.008091	0.002595
768.347223	0.048523	0.009241	0.002345
768.742271	0.046826	0.010653	0.002738
769.159217	0.047409	0.012068	0.002619
769.577449	0.049435	0.014156	0.002569
769.983940	0.048523	0.015260	0.002829
770.403181	0.047068	0.017734	0.002647
770.814485	0.048907	0.020052	0.002597
771.204816	0.047500	0.021732	0.002483
771.611201	0.046578	0.023499	0.002709
772.013516	0.047600	0.025247	0.002636
772.448089	0.047836	0.026247	0.002589
772.862421	0.045836	0.026054	0.002804
773.253761	0.047006	0.025117	0.002902
773.673703	0.049115	0.023382	0.002330
774.067402	0.050255	0.020333	0.002352
774.483243	0.047201	0.016579	0.002468
774.891562	0.048857	0.012106	0.002502
775.299636	0.048610	0.006738	0.002453
775.707965	0.046741	0.008879	0.002633
776.108241	0.049080	0.015377	0.002781
776.541889	0.048164	0.024236	0.002550
776.936980	0.047272	0.032728	0.002596
777.335768	0.048062	0.040772	0.002717
777.762786	0.048200	0.049951	0.002561
778.170308	0.048508	0.057284	0.002380
778.595531	0.048437	0.064676	0.002575
778.995902	0.047394	0.069742	0.002826
779.366492	0.047902	0.074439	0.002804
779.813134	0.049584	0.076659	0.002646
780.228465	0.051342	0.078108	0.002360
780.612347	0.047369	0.078089	0.002661
781.027838	0.048172	0.076886	0.002770
781.421781	0.046629	0.074964	0.002423
781.859509	0.048401	0.072474	0.002843
782.269836	0.048348	0.070547	0.002397
782.675881	0.048444	0.067362	0.002737
783.072491	0.047786	0.065568	0.002343
783.485304	0.047740	0.062366	0.002506
783.900996	0.047811	0.059343	0.002410
784.296077	0.047139	0.056649	0.002575
784.710664	0.047392	0.054900	0.002732
785.135185	0.046224	0.051872	0.002690
785.550484	0.048896	0.050112	0.002608
785.942016	0.047548	0.048729	0.002761
786.320065	0.047923	0.046745	0.002802
786.729776	0.045544	0.044959	0.002643
787.123198	0.049311	0.043859	0.002322
787.549303	0.047000	0.041898	0.002549
787.956602	0.048041	0.041318	0.002533
788.371880	0.048846	0.039417	0.002707
788.814091	0.046189	0.037863	0.002559
789.244871	0.050299	0.037388	0.002537
789.631728	0.050713	0.036146	0.002542
790.033884	0.047039	0.035306	0.002729
790.453221	0.046694	0.034672	0.002701
790.846537	0.045619	0.033749	0.002536
791.259690	0.046354	0.032819	0.002456
791.640183	0.054237	0.031759	0.002711
792.034743	0.049003	0.031531	0.002454
792.427103	0.049030	0.030971	0.002521
792.845866	0.046082	0.030492	0.002502
793.267434	0.047168	0.029958	0.002537
793.655247	0.048915	0.028787	0.002551
794.076549	0.048405	0.028444	0.002412
794.519420	0.046582	0.027378	0.002530
794.917762	0.045180	0.027816	0.002494
795.333943	0.047999	0.026554	0.002725
795.769419	0.046451	0.026241	0.002528
796.176728	0.050442	0.026698	0.002542
796.609229	0.047404	0.025887	0.002575
796.987405	0.048584	0.025774	0.002418
797.387841	0.047736	0.025765	0.002649
797.799496	0.046613	0.024351	0.002622
798.231487	0.050340	0.023823	0.002391
798.649814	0.046477	0.023820	0.002531
799.044916	0.049373	0.023542	0.002731
799.472869	0.045975	0.023477	0.002594
