800.374770	0.048101	0.020409	0.002480
800.755167	0.047730	0.019502	0.002490
801.177862	0.048418	0.018344	0.002576
801.565314	0.044555	0.019086	0.002501
801.929561	0.048487	0.019656	0.002773
802.282175	0.045285	0.017324	0.002641
802.689994	0.046446	0.018991	0.002888
803.083045	0.044751	0.018686	0.002604
803.460691	0.047525	0.018157	0.002417
803.830102	0.047498	0.018205	0.002611
804.229294	0.046671	0.018921	0.002437
804.636700	0.047013	0.019203	0.002780
805.038389	0.047873	0.018536	0.002685
805.419912	0.047428	0.018162	0.002805
805.806440	0.046438	0.017561	0.002839
806.207109	0.046835	0.017157	0.002906
806.575734	0.048776	0.017787	0.002761
806.945602	0.047396	0.017626	0.002739
807.323959	0.048914	0.018752	0.002949
807.726807	0.046942	0.018199	0.002815
808.100925	0.046699	0.017983	0.002501
808.487357	0.045900	0.018578	0.002360
808.862590	0.047919	0.017469	0.002626
809.243625	0.045484	0.018360	0.002605
809.614662	0.049074	0.017078	0.002686
809.984955	0.049286	0.018203	0.002510
810.353102	0.044842	0.017185	0.002435
810.705971	0.048278	0.017413	0.002541
811.088355	0.049806	0.015821	0.002652
811.462526	0.046806	0.016601	0.002565
811.791638	0.047527	0.017165	0.002566
812.163758	0.045021	0.016242	0.002453
812.523554	0.044635	0.017015	0.002605
812.889800	0.046001	0.016307	0.002656
813.266840	0.044658	0.016342	0.002606
813.650637	0.045554	0.017240	0.002541
814.066255	0.046852	0.016618	0.002408
814.435858	0.046420	0.016859	0.002971
814.794814	0.048296	0.016703	0.002574
815.170654	0.048512	0.016555	0.002603
815.549468	0.047627	0.016232	0.002554
815.923331	0.048491	0.015507	0.002659
816.303112	0.047692	0.016328	0.002699
816.686485	0.046442	0.016244	0.002616
817.066415	0.046367	0.017976	0.002621
817.468019	0.046940	0.015721	0.002493
817.839959	0.046312	0.016084	0.002801
818.206874	0.045526	0.015608	0.002584
818.576296	0.046582	0.014225	0.002630
818.950393	0.048152	0.016448	0.002669
819.335975	0.047127	0.015610	0.002611
819.727093	0.046691	0.016532	0.002470
820.119209	0.046616	0.015297	0.002574
820.487367	0.049958	0.015871	0.002796
820.895113	0.048047	0.016948	0.002866
821.277316	0.047734	0.015665	0.002596
821.660274	0.045053	0.015711	0.002540
822.043360	0.046389	0.015541	0.002828
822.421388	0.047322	0.015576	0.002508
822.815938	0.045901	0.016399	0.002475
823.200182	0.048756	0.014968	0.002778
823.578348	0.047895	0.015602	0.002549
823.938473	0.048109	0.015725	0.002335
824.314366	0.046891	0.015707	0.002488
824.699513	0.047787	0.015340	0.002555
825.062263	0.045524	0.014388	0.002504
825.442522	0.046278	0.015702	0.002682
825.852223	0.043982	0.014205	0.002578
826.215249	0.048106	0.015046	0.002643
826.588517	0.046106	0.015214	0.002704
826.958577	0.045765	0.015746	0.002726
827.347963	0.046157	0.015131	0.002341
827.720658	0.048729	0.013502	0.002777
828.114018	0.048242	0.015453	0.002470
828.485437	0.045391	0.015684	0.002774
828.848942	0.047359	0.014416	0.002496
829.243109	0.048222	0.014380	0.002819
829.625536	0.048758	0.015262	0.002810
829.987457	0.047201	0.014547	0.002770
830.365241	0.047586	0.014752	0.002516
830.750123	0.048966	0.014431	0.002578
831.146256	0.046083	0.014188	0.002726
831.542102	0.046086	0.015494	0.002877
831.934612	0.047124	0.013867	0.002621
832.305543	0.046934	0.014063	0.002787
832.675571	0.046408	0.015610	0.002392
833.049615	0.047822	0.014243	0.002519
833.423276	0.046465	0.015945	0.002702
833.807627	0.047133	0.016275	0.002641
834.168677	0.048385	0.013376	0.002658
834.541648	0.048256	0.015956	0.002689
834.897566	0.047015	0.013094	0.002656
835.264927	0.046646	0.014481	0.002426
835.635890	0.045194	0.013613	0.002738
836.027083	0.046036	0.014320	0.002505
836.416937	0.045527	0.014072	0.002396
836.809702	0.047250	0.013948	0.002642
837.209500	0.047570	0.013399	0.002558
837.588230	0.046680	0.012548	0.002310
837.982812	0.048716	0.013885	0.002765
838.356208	0.043447	0.014917	0.002604
838.733472	0.047301	0.014646	0.002700
839.112977	0.045784	0.013976	0.002558
839.508547	0.046217	0.015403	0.002537
839.885397	0.046299	0.013753	0.002459
840.261927	0.046305	0.014103	0.002427
840.650177	0.045967	0.012029	0.002615
841.019238	0.043855	0.014839	0.002777
841.398223	0.047158	0.015743	0.002632
841.785994	0.045689	0.016028	0.002623
842.173033	0.046788	0.014444	0.002306
842.544634	0.046556	0.014819	0.002885
842.937473	0.047284	0.014564	0.002766
843.326371	0.048642	0.014267	0.002568
843.709574	0.046251	0.013844	0.002566
844.083247	0.046762	0.014504	0.002396
844.479369	0.042804	0.014454	0.002849
844.865813	0.048033	0.013355	0.002699
845.243342	0.046562	0.015714	0.002556
845.603383	0.047578	0.015153	0.002442
845.985035	0.047311	0.014587	0.002706
846.340645	0.044238	0.014875	0.002650
846.709739	0.045360	0.013727	0.002458
847.099561	0.046859	0.015212	0.002510
847.495429	0.049451	0.013480	0.002494
847.875445	0.046885	0.015306	0.003069
848.247906	0.044236	0.014305	0.002551
848.631300	0.046715	0.014244	0.002607
849.004782	0.048284	0.013395	0.002562
849.387804	0.048914	0.014311	0.002814
849.765780	0.047512	0.013679	0.002714
850.148367	0.048454	0.013917	0.002711
850.517864	0.050542	0.014214	0.002688
850.896669	0.046475	0.014315	0.002744
851.272828	0.046797	0.013969	0.002666
851.652089	0.048050	0.012531	0.002897
852.024147	0.044489	0.014003	0.002583
852.407265	0.046970	0.013779	0.002894
852.801050	0.046695	0.014042	0.002380
853.186134	0.045222	0.015908	0.002945
853.556375	0.045689	0.015535	0.002402
853.969455	0.047000	0.014179	0.002560
854.360882	0.047097	0.013327	0.002669
854.715218	0.046874	0.013001	0.002626
855.057739	0.047271	0.014176	0.002894
855.433261	0.047578	0.014077	0.002693
855.816294	0.046132	0.014925	0.002870
856.194344	0.043794	0.013541	0.002474
856.564043	0.045731	0.012744	0.002541
856.956522	0.047752	0.013495	0.002674
857.339077	0.047355	0.014655	0.002607
857.711996	0.047947	0.012787	0.002345
858.114016	0.046864	0.014763	0.002684
858.497304	0.047751	0.013472	0.002823
858.889868	0.047523	0.015258	0.002704
859.265868	0.046861	0.013947	0.002773
859.663425	0.046179	0.015351	0.002680
860.059379	0.045099	0.014304	0.002604
860.432552	0.046248	0.014389	0.002866
860.832628	0.046981	0.014175	0.002546
861.203167	0.045455	0.014951	0.002537
861.602201	0.045861	0.013214	0.002572
861.980506	0.044938	0.015214	0.002450
862.351577	0.049237	0.014717	0.002702
862.741293	0.046971	0.014188	0.002727
863.117314	0.047563	0.013171	0.002288
863.484018	0.047692	0.014524	0.002718
863.847098	0.048515	0.015888	0.002696
864.236113	0.047620	0.016360	0.002815
864.602285	0.047295	0.013707	0.002583
864.983088	0.046660	0.014571	0.002820
865.363199	0.046399	0.013666	0.002802
865.707623	0.047903	0.015433	0.002502
866.099645	0.045632	0.015562	0.002545
866.476729	0.047948	0.014506	0.002618
866.872331	0.045712	0.014276	0.002673
867.283988	0.047197	0.015253	0.002604
867.686688	0.046646	0.015286	0.002428
868.055283	0.048756	0.015560	0.002742
868.419012	0.048403	0.013843	0.002507
868.797710	0.047900	0.014973	0.002671
869.165774	0.048735	0.013393	0.002680
869.549190	0.047132	0.013724	0.002959
869.915936	0.046119	0.015264	0.002760
870.306354	0.046667	0.013747	0.002684
870.677839	0.048096	0.015412	0.002667
871.052033	0.045846	0.015064	0.002446
871.434503	0.046994	0.013807	0.002557
871.810748	0.046771	0.015809	0.002532
872.205384	0.045589	0.015869	0.002659
872.592105	0.046640	0.015334	0.002549
872.965885	0.046543	0.013760	0.002756
873.335244	0.045040	0.013438	0.002881
873.736755	0.047018	0.015567	0.002803
874.121521	0.045939	0.015104	0.002650
874.494419	0.048722	0.016487	0.002690
874.865818	0.044624	0.013573	0.002775
875.224638	0.046226	0.013887	0.002419
875.635212	0.047011	0.013154	0.002577
876.057249	0.047382	0.016584	0.002464
876.403033	0.046332	0.015077	0.002890
876.785249	0.046015	0.014553	0.002446
877.169059	0.046562	0.016763	0.002548
877.563674	0.045629	0.015893	0.002689
877.940131	0.046834	0.015229	0.002796
878.324461	0.046876	0.015342	0.002557
878.699537	0.048489	0.016017	0.002615
879.056222	0.047546	0.015807	0.002758
879.440117	0.046837	0.014976	0.002383
879.845920	0.047098	0.015442	0.002472
880.204092	0.047131	0.015852	0.002396
880.581123	0.044765	0.016238	0.002467
880.962457	0.046653	0.016504	0.002755
881.362289	0.047321	0.016525	0.002857
881.714544	0.048719	0.015073	0.002549
882.096441	0.047323	0.017494	0.002920
882.485946	0.045537	0.015080	0.002687
882.855423	0.048508	0.013912	0.002673
883.217250	0.046653	0.015390	0.002680
883.597543	0.046895	0.015501	0.002897
883.958191	0.045333	0.015473	0.002628
884.333299	0.046711	0.016263	0.002744
884.726108	0.048099	0.018809	0.002853
885.091527	0.048219	0.016060	0.002650
885.475571	0.046288	0.015077	0.002977
885.844580	0.048183	0.015104	0.002880
886.219125	0.046015	0.017029	0.002600
886.606431	0.046084	0.016776	0.002588
886.987224	0.048199	0.017172	0.002936
887.368494	0.046370	0.014674	0.002721
887.755789	0.047436	0.014785	0.002730
888.161497	0.046956	0.016356	0.002786
888.530624	0.045941	0.015041	0.002592
888.897955	0.049579	0.014360	0.002615
889.270003	0.047544	0.014124	0.002610
889.630524	0.045144	0.015709	0.002531
890.013293	0.044010	0.016565	0.002444
890.381729	0.049274	0.014092	0.002539
890.758973	0.046584	0.013724	0.002665
891.153525	0.046108	0.015688	0.002599
891.535710	0.047335	0.015969	0.002635
891.946974	0.046503	0.015333	0.002724
892.334705	0.044372	0.015334	0.002782
892.734357	0.047002	0.015183	0.002597
893.110836	0.046554	0.015550	0.002726
893.483363	0.049514	0.015883	0.002663
893.826597	0.046705	0.016325	0.002541
894.189413	0.045895	0.014973	0.002550
894.579938	0.045390	0.014880	0.002693
894.944518	0.047989	0.015523	0.002749
895.328020	0.047875	0.015445	0.002730
895.700260	0.047129	0.016803	0.002619
896.074763	0.048524	0.016085	0.002522
896.474436	0.047314	0.013706	0.002766
896.854411	0.045826	0.016380	0.002552
897.236405	0.045942	0.016604	0.002732
897.629767	0.046401	0.016996	0.002517
897.960581	0.046292	0.014874	0.002475
898.351457	0.047485	0.016190	0.002559
898.738784	0.044223	0.015419	0.002504
899.118377	0.047996	0.015565	0.002882
899.491520	0.046607	0.017415	0.002541
899.873907	0.047415	0.017945	0.002325
900.260342	0.046709	0.016490	0.002562
900.641114	0.048378	0.015696	0.002572
901.021376	0.045490	0.014470	0.002926
901.407407	0.047944	0.018691	0.002684
901.807081	0.045836	0.014973	0.002774
902.191210	0.048561	0.016545	0.002609
902.580004	0.045706	0.016247	0.002617
902.955857	0.045226	0.014556	0.002635
903.324644	0.044986	0.015721	0.002479
903.719483	0.046222	0.017029	0.002759
904.105621	0.047157	0.016324	0.002596
904.485192	0.047175	0.016442	0.002687
904.866751	0.048871	0.015988	0.002643
905.268953	0.046883	0.017861	0.002818
905.639610	0.046658	0.016382	0.002756
906.021551	0.047573	0.015845	0.002558
906.425815	0.044427	0.015651	0.002654
906.808362	0.046370	0.016951	0.002813
907.189229	0.047588	0.016651	0.002515
907.565189	0.045640	0.017910	0.002609
907.927814	0.047097	0.017218	0.002512
908.302296	0.045745	0.016327	0.002669
908.680965	0.047788	0.017267	0.002643
909.039404	0.047746	0.014916	0.002578
909.414598	0.045445	0.014960	0.002709
909.783131	0.046541	0.016281	0.002691
910.176323	0.046895	0.018310	0.002801
910.578632	0.047063	0.016059	0.002500
910.968298	0.047061	0.016301	0.002872
911.354946	0.046128	0.015979	0.002489
911.732902	0.048031	0.014938	0.002971
912.094062	0.043640	0.016788	0.002812
912.477118	0.046660	0.016446	0.002525
912.834474	0.046716	0.014969	0.003060
913.222014	0.045276	0.015062	0.002419
913.610012	0.047375	0.016929	0.002642
913.980117	0.047763	0.016432	0.002538
914.353803	0.047667	0.016391	0.002614
914.736052	0.044404	0.016541	0.002951
915.132146	0.048588	0.018028	0.002697
915.508233	0.047546	0.015756	0.002489
915.886116	0.044803	0.015610	0.002694
916.271744	0.047028	0.016333	0.002697
916.650689	0.046958	0.013262	0.002861
917.045933	0.048553	0.017513	0.002579
917.418737	0.048312	0.018256	0.002578
917.782733	0.049774	0.017583	0.002850
918.155824	0.046836	0.017726	0.002794
918.545511	0.045425	0.015726	0.002503
918.873893	0.047620	0.017584	0.002849
919.256918	0.049305	0.017266	0.002474
919.599856	0.045488	0.014732	0.002525
919.982159	0.047037	0.015747	0.002803
920.393425	0.046109	0.016765	0.002642
920.759801	0.045203	0.015592	0.002431
921.141371	0.049578	0.018915	0.002395
921.512008	0.049294	0.017575	0.002422
921.902981	0.046207	0.015723	0.002798
922.276231	0.045746	0.017759	0.002604
922.666152	0.048836	0.016190	0.002674
923.061736	0.047272	0.018163	0.002798
923.462431	0.045496	0.018358	0.002425
923.834651	0.045596	0.018987	0.002620
924.248935	0.046045	0.014357	0.002814
924.611593	0.047024	0.017203	0.002781
924.986511	0.046440	0.016567	0.002401
925.349828	0.048024	0.017530	0.002626
925.722696	0.048839	0.018559	0.002685
926.092876	0.047066	0.017812	0.002499
926.474489	0.045745	0.016296	0.002540
926.870073	0.048200	0.013713	0.002594
927.253598	0.047522	0.016720	0.002569
927.629718	0.048210	0.016312	0.002591
928.023974	0.047665	0.018442	0.002742
928.393825	0.046025	0.016348	0.002584
928.784299	0.045959	0.016660	0.002566
929.153342	0.047854	0.019276	0.002733
929.531109	0.046097	0.016025	0.002923
929.902160	0.045044	0.018689	0.002651
930.292061	0.045601	0.016905	0.002522
930.683225	0.044436	0.017727	0.002662
931.081179	0.045756	0.016759	0.002833
931.478580	0.047548	0.017289	0.002509
931.861596	0.047062	0.015935	0.002674
932.228716	0.048252	0.016376	0.002783
932.619180	0.045232	0.017302	0.002514
932.989753	0.047536	0.018558	0.002690
933.366723	0.044908	0.016255	0.002493
933.757442	0.045819	0.018419	0.002546
934.143889	0.045440	0.017138	0.002836
934.525842	0.047401	0.018046	0.002785
934.891581	0.049135	0.017447	0.002676
935.269795	0.046124	0.019421	0.002758
935.641994	0.047942	0.017238	0.002551
936.003622	0.046231	0.017912	0.002876
936.396200	0.048099	0.017145	0.002490
936.784283	0.047252	0.015892	0.002620
937.147898	0.047688	0.017733	0.002898
937.545002	0.046633	0.020410	0.002917
937.919231	0.045718	0.016207	0.002695
938.309227	0.046910	0.017480	0.002623
938.726243	0.047521	0.017981	0.002715
939.113158	0.046117	0.018188	0.002984
939.474817	0.044747	0.016052	0.002559
939.870541	0.048808	0.019901	0.002539
940.255246	0.045742	0.018493	0.002746
940.630675	0.046304	0.017616	0.002645
941.009154	0.047052	0.017062	0.002525
941.366416	0.050774	0.018549	0.002589
941.734047	0.046863	0.016559	0.002848
942.128697	0.047374	0.016273	0.002421
942.501141	0.047379	0.016035	0.002824
942.892072	0.049057	0.017872	0.002689
943.276608	0.048248	0.018348	0.002415
943.652558	0.046348	0.016330	0.002574
944.034151	0.046087	0.015807	0.002607
944.396331	0.044738	0.018305	0.002712
944.780835	0.045818	0.019141	0.002547
945.177706	0.044639	0.016726	0.002629
945.566406	0.045928	0.017760	0.002258
945.964605	0.047306	0.017514	0.002681
946.329081	0.043635	0.016310	0.002759
946.701844	0.046204	0.016061	0.002961
947.100213	0.047683	0.017558	0.002541
947.476451	0.046481	0.018190	0.002710
947.872036	0.044312	0.014713	0.002734
948.259090	0.048058	0.016127	0.002643
948.638844	0.043911	0.017540	0.002655
949.013265	0.048430	0.018369	0.002752
949.381534	0.047508	0.018904	0.002615
949.738923	0.045931	0.018001	0.002439
950.143763	0.048634	0.016816	0.002601
950.526472	0.046345	0.018774	0.002792
950.904792	0.046631	0.018190	0.002449
951.273879	0.047413	0.015844	0.002620
951.650489	0.045220	0.018848	0.002639
952.034929	0.048930	0.018977	0.002906
952.416809	0.048080	0.018257	0.002828
952.797488	0.046700	0.019503	0.002523
953.175904	0.047913	0.017333	0.002412
953.601983	0.046388	0.017440	0.002593
953.962517	0.044850	0.019266	0.002367
954.350028	0.044955	0.018758	0.002701
954.723451	0.049555	0.016919	0.002760
955.108847	0.046781	0.020349	0.002475
955.476607	0.048834	0.018264	0.002790
955.850730	0.049227	0.018390	0.002727
956.228679	0.048525	0.019111	0.002792
956.607892	0.046855	0.020400	0.002862
956.994649	0.049261	0.017302	0.002478
957.355694	0.047010	0.017230	0.002680
957.738721	0.045558	0.020194	0.002583
958.119517	0.050103	0.017279	0.002611
958.496372	0.046913	0.017347	0.002667
958.856088	0.046706	0.016751	0.002724
959.244354	0.046381	0.017679	0.002845
959.631100	0.045946	0.017435	0.002969
960.016805	0.048952	0.018283	0.002704
960.392491	0.047078	0.017644	0.002702
960.768857	0.046914	0.018675	0.002959
961.144267	0.048818	0.017819	0.002762
961.504610	0.047559	0.017760	0.002665
961.902343	0.049667	0.019332	0.002788
962.323280	0.046546	0.018402	0.003006
962.691869	0.047498	0.019632	0.002651
963.036987	0.047929	0.017244	0.002842
963.450498	0.045559	0.017329	0.002378
963.874750	0.045181	0.017839	0.002702
964.256248	0.047654	0.015899	0.002497
964.641890	0.047305	0.016395	0.002579
965.037976	0.045354	0.017175	0.002633
964.697543	0.046327	0.016607	0.002761
964.320964	0.045868	0.015627	0.002624
963.959303	0.044044	0.018672	0.002658
963.587474	0.047355	0.018478	0.002836
963.217887	0.047740	0.016422	0.002758
962.834625	0.046777	0.019486	0.002622
962.439389	0.048225	0.017431	0.002530
962.055894	0.047427	0.019797	0.002883
961.683842	0.046514	0.018479	0.002912
961.308570	0.046414	0.018627	0.002395
960.939121	0.045412	0.018669	0.002799
960.511193	0.046401	0.017428	0.002707
960.137355	0.047251	0.018377	0.002813
959.776587	0.046970	0.015638	0.002749
959.398139	0.047058	0.016838	0.002967
959.020105	0.048047	0.019597	0.002892
958.657477	0.046991	0.018499	0.002897
958.260021	0.045840	0.018013	0.002865
957.886885	0.045502	0.017229	0.002884
957.492372	0.045268	0.017591	0.002983
957.087649	0.045714	0.017047	0.002770
956.699075	0.046871	0.017995	0.002770
956.309917	0.046237	0.018822	0.002666
955.928908	0.048649	0.016846	0.002753
955.543119	0.045888	0.017309	0.002555
955.130458	0.045688	0.016497	0.002702
954.729889	0.047637	0.017378	0.002528
954.340498	0.047369	0.018128	0.002699
953.924746	0.045945	0.017507	0.002711
953.549889	0.045206	0.018816	0.002501
953.185211	0.046669	0.016176	0.002786
952.792069	0.048293	0.017564	0.002633
952.415034	0.048584	0.018740	0.002816
952.011182	0.046827	0.017542	0.002996
951.618986	0.045361	0.017535	0.002849
951.249994	0.044722	0.018586	0.002577
950.892775	0.045264	0.018336	0.002834
950.534334	0.045461	0.017534	0.002913
950.138844	0.046822	0.017929	0.002582
949.730806	0.046759	0.017076	0.002755
949.341733	0.049158	0.015820	0.002507
948.951853	0.046888	0.018239	0.002593
948.577454	0.046671	0.016016	0.002609
948.166080	0.047038	0.019058	0.003012
947.800425	0.044472	0.017407	0.002694
947.433739	0.047140	0.018982	0.002497
947.044358	0.046485	0.017964	0.002757
946.671298	0.044219	0.016980	0.002293
946.280833	0.046777	0.019508	0.002585
945.901642	0.046303	0.017546	0.002569
945.539748	0.047126	0.018177	0.002955
945.174274	0.044101	0.018206	0.002573
944.770167	0.046970	0.018020	0.002877
944.388203	0.047403	0.017705	0.002636
943.994074	0.047020	0.016605	0.002791
943.608922	0.047182	0.017356	0.002772
943.205347	0.048101	0.017753	0.002684
942.839734	0.046170	0.017347	0.002885
942.444914	0.043819	0.017312	0.002801
942.055938	0.044738	0.019051	0.002598
941.699388	0.046601	0.017443	0.002804
941.306778	0.046998	0.017765	0.002701
940.938233	0.047838	0.016534	0.002735
940.532608	0.048368	0.015337	0.002598
940.157996	0.048164	0.016919	0.002587
939.783172	0.047565	0.018673	0.002663
939.410091	0.049695	0.015894	0.002722
939.048845	0.046525	0.015916	0.002738
938.664438	0.048174	0.015497	0.002570
938.278096	0.047341	0.017588	0.002498
937.896844	0.048317	0.018277	0.002846
937.515741	0.045436	0.017349	0.002770
937.130080	0.046613	0.016806	0.002652
936.751612	0.046422	0.018013	0.002406
936.342438	0.045429	0.018909	0.002749
935.969080	0.049718	0.016226	0.002832
935.592641	0.044224	0.018985	0.002399
935.197684	0.047694	0.019684	0.002442
934.809791	0.044049	0.016104	0.002394
934.406302	0.045869	0.017016	0.002616
934.002185	0.045802	0.017899	0.002610
933.618022	0.045213	0.018451	0.002357
933.231278	0.048473	0.016993	0.002715
932.846403	0.049518	0.017242	0.002631
932.447036	0.048372	0.017442	0.002773
932.047339	0.046926	0.017357	0.002563
931.652955	0.044955	0.017770	0.002371
931.246969	0.045052	0.017188	0.002406
930.853063	0.047354	0.016668	0.002614
930.462143	0.046078	0.016849	0.002807
930.061799	0.047276	0.016698	0.003135
929.677774	0.047596	0.017493	0.002579
929.306383	0.048172	0.017813	0.002549
928.935214	0.044829	0.017881	0.002347
928.569369	0.047781	0.018164	0.002492
928.172180	0.044984	0.016592	0.002698
927.794987	0.046006	0.016637	0.002672
927.418634	0.043963	0.017604	0.002728
927.050196	0.046773	0.019094	0.002937
926.674321	0.049738	0.016765	0.002915
926.303556	0.045604	0.016255	0.002798
925.946817	0.046291	0.017986	0.002551
925.560604	0.046568	0.017833	0.003006
925.176611	0.047063	0.018318	0.002644
924.801788	0.047370	0.015260	0.002565
924.399680	0.048258	0.017592	0.002551
924.021531	0.047846	0.015365	0.002718
923.644318	0.048232	0.017559	0.002530
923.226049	0.048828	0.016271	0.002496
922.818342	0.043489	0.015800	0.002779
922.440597	0.048729	0.016077	0.002356
922.050145	0.046368	0.017223	0.002314
921.679062	0.046568	0.017789	0.002551
921.306438	0.044101	0.017618	0.002467
920.906095	0.047492	0.016299	0.002575
920.520084	0.048097	0.018460	0.002717
920.144846	0.047262	0.017233	0.002721
919.764392	0.048180	0.017613	0.002763
919.430475	0.046573	0.014718	0.002748
919.057575	0.047514	0.019006	0.002750
918.683230	0.047537	0.016169	0.002301
918.298898	0.047187	0.016556	0.002655
917.930174	0.047031	0.015347	0.002592
917.542877	0.046418	0.016309	0.002619
917.159364	0.046389	0.017430	0.002522
916.772152	0.048450	0.015973	0.002800
916.399019	0.045946	0.015186	0.002799
915.996242	0.047974	0.016768	0.002542
915.592934	0.048988	0.017734	0.002685
915.196766	0.044325	0.015923	0.002636
914.794043	0.048224	0.017362	0.002511
914.411315	0.047253	0.016944	0.002839
914.026409	0.046699	0.015876	0.002624
913.663540	0.047636	0.018731	0.002310
913.300468	0.050131	0.016485	0.002702
912.946884	0.047274	0.016366	0.002552
912.574739	0.045439	0.016302	0.002754
912.198982	0.048119	0.015989	0.002594
911.804790	0.046875	0.016197	0.003027
911.401727	0.045650	0.017630	0.002867
911.001341	0.047577	0.016494	0.002703
910.613747	0.047469	0.017780	0.002771
910.212692	0.045110	0.013607	0.002283
909.809395	0.046561	0.016354	0.002885
909.443922	0.045430	0.015542	0.002688
909.061514	0.047171	0.015409	0.002413
908.694309	0.047620	0.015907	0.002721
908.329177	0.047417	0.015150	0.002841
907.979121	0.047331	0.016112	0.002613
907.586948	0.049605	0.017285	0.002656
907.213199	0.047038	0.016744	0.002502
906.828549	0.045374	0.015415	0.003255
906.442092	0.044012	0.014317	0.002430
906.059301	0.049182	0.016438	0.002754
905.681408	0.047196	0.018841	0.002277
905.304599	0.048564	0.014791	0.002356
904.934888	0.049132	0.017298	0.002872
904.560522	0.045392	0.019142	0.002596
904.187655	0.046687	0.015409	0.002684
903.807988	0.045048	0.014647	0.002583
903.436736	0.049057	0.016183	0.002837
903.058460	0.047806	0.016893	0.002643
902.681237	0.049269	0.017493	0.002899
902.284687	0.045181	0.015165	0.002735
901.916973	0.048234	0.015759	0.002556
901.553668	0.044989	0.015587	0.002706
901.180865	0.045864	0.016605	0.002333
900.822384	0.045660	0.015972	0.002774
900.431338	0.047415	0.016554	0.002619
900.036392	0.047250	0.015756	0.002650
899.646005	0.047595	0.016853	0.002706
899.248711	0.046489	0.013740	0.002757
898.869778	0.046883	0.016532	0.002595
898.499418	0.046209	0.017198	0.002908
898.117679	0.047603	0.018573	0.002774
897.785378	0.044688	0.016347	0.002668
897.424761	0.046579	0.017095	0.002725
897.066493	0.046464	0.014869	0.002537
896.695985	0.046864	0.014817	0.002674
896.326805	0.047172	0.016159	0.002800
895.949008	0.045886	0.015974	0.002596
895.556634	0.046505	0.015095	0.002503
895.170762	0.044100	0.016362	0.002416
894.792285	0.048986	0.014863	0.002539
894.398626	0.047904	0.015894	0.002403
894.010767	0.045980	0.014640	0.002464
893.625395	0.046238	0.015010	0.002651
893.242169	0.047013	0.016383	0.002584
892.881309	0.045980	0.015767	0.002375
892.497934	0.047078	0.014778	0.002424
892.124440	0.045668	0.016218	0.002545
891.741714	0.046847	0.014987	0.002672
891.386495	0.044775	0.015247	0.002555
891.005957	0.045685	0.016030	0.002729
890.623634	0.045289	0.016253	0.002527
890.230389	0.048486	0.016260	0.002618
889.869571	0.047781	0.017579	0.002612
889.480215	0.047550	0.015712	0.002787
889.109473	0.047843	0.013766	0.002714
888.741027	0.047380	0.015975	0.002999
888.398260	0.044685	0.015427	0.002387
888.044093	0.045433	0.016821	0.002658
887.689289	0.047457	0.015877	0.002685
887.341518	0.046008	0.017297	0.002701
886.936076	0.044884	0.015483	0.002659
886.595094	0.048218	0.014527	0.002818
886.206514	0.048693	0.015803	0.002652
885.832670	0.047470	0.016979	0.002880
885.473690	0.047298	0.016316	0.002698
885.109302	0.047782	0.016561	0.002914
884.731410	0.044933	0.015757	0.002492
884.352222	0.046098	0.016290	0.002705
883.959742	0.048091	0.015539	0.002502
883.576634	0.047288	0.015463	0.002520
883.202673	0.046548	0.014834	0.002548
882.830826	0.048517	0.014151	0.002523
882.473451	0.045724	0.015795	0.002584
882.127391	0.045479	0.015473	0.002411
881.751189	0.046436	0.015445	0.002565
881.389330	0.048396	0.013990	0.002428
881.012745	0.048753	0.014387	0.002481
880.644914	0.047315	0.015090	0.002672
880.271591	0.044437	0.014245	0.002803
879.898215	0.046176	0.013427	0.002871
879.545961	0.048676	0.014823	0.002739
879.162385	0.047004	0.014402	0.002667
878.772317	0.048335	0.012852	0.002735
878.391971	0.047039	0.015794	0.002483
878.028338	0.044213	0.016928	0.002570
877.646834	0.047224	0.015269	0.002600
877.221247	0.045282	0.015551	0.002488
876.830489	0.044492	0.016273	0.002685
876.441187	0.046438	0.014367	0.002333
876.100227	0.046572	0.015032	0.002584
875.741130	0.046967	0.016289	0.002373
875.376137	0.047072	0.013746	0.002940
874.993889	0.046198	0.013535	0.002738
874.613459	0.046726	0.015146	0.002250
874.243876	0.048223	0.014610	0.002654
873.860884	0.045726	0.014628	0.002577
873.482398	0.045647	0.015549	0.002692
873.082247	0.046965	0.013803	0.002606
872.701827	0.047927	0.015319	0.002509
872.327707	0.045935	0.014199	0.002616
871.950517	0.046230	0.014246	0.002401
871.572838	0.046986	0.014749	0.002963
871.182760	0.046876	0.013995	0.002773
870.807865	0.046496	0.013232	0.002469
870.403008	0.048614	0.014898	0.002356
870.013588	0.047752	0.015475	0.002643
869.644080	0.044837	0.016360	0.002845
869.273902	0.047557	0.016623	0.002559
868.883527	0.045304	0.014890	0.002616
868.523878	0.045936	0.014318	0.002673
868.158099	0.046892	0.016440	0.002652
867.767840	0.048005	0.014641	0.002678
867.399086	0.048472	0.013472	0.002781
867.012026	0.048332	0.014682	0.002446
866.644993	0.048216	0.015925	0.002524
866.275634	0.047050	0.014603	0.002396
865.905116	0.047417	0.014101	0.002663
865.547900	0.047383	0.013523	0.002593
865.161031	0.047783	0.013763	0.002687
864.791024	0.045345	0.014022	0.002790
864.421080	0.046049	0.015207	0.002698
864.055014	0.048505	0.015449	0.002742
863.692624	0.047444	0.013608	0.002735
863.321119	0.045875	0.015555	0.002695
862.931742	0.045744	0.015101	0.002687
862.550015	0.045153	0.013211	0.002703
862.204349	0.047489	0.014720	0.002473
861.840472	0.047782	0.013974	0.002684
861.467702	0.047237	0.013623	0.002688
861.084169	0.044310	0.014137	0.002506
860.709168	0.046558	0.013990	0.002537
860.313385	0.047129	0.015145	0.002553
859.950485	0.047655	0.015324	0.002565
859.586672	0.046666	0.014905	0.002634
859.224261	0.048084	0.013918	0.002807
858.871169	0.046389	0.013579	0.002536
858.518989	0.049350	0.014134	0.002955
858.160616	0.049568	0.014492	0.002536
857.806769	0.046911	0.013921	0.002841
857.445931	0.045645	0.016179	0.002525
857.070919	0.046625	0.014220	0.002770
856.697427	0.047384	0.014984	0.002725
856.325305	0.045496	0.014728	0.002676
855.959197	0.047707	0.013978	0.002732
855.589083	0.045653	0.016643	0.002567
855.205274	0.046671	0.013833	0.002885
854.853138	0.049455	0.014471	0.002666
854.503732	0.048149	0.013501	0.002488
854.115025	0.046246	0.014422	0.002726
853.760477	0.047120	0.015764	0.002549
853.376328	0.045438	0.012923	0.002537
853.003951	0.049735	0.015310	0.002786
852.651889	0.047007	0.013621	0.002645
852.290977	0.048022	0.013747	0.002667
851.949083	0.047897	0.014973	0.002725
851.604394	0.044879	0.013299	0.002284
851.249591	0.047245	0.013931	0.002537
850.896881	0.049369	0.013574	0.002505
850.547454	0.047807	0.013973	0.002366
850.185649	0.047633	0.014183	0.002494
849.812975	0.045918	0.013858	0.002705
849.445454	0.044954	0.013211	0.002336
849.078688	0.048210	0.014554	0.002636
848.719454	0.045061	0.014131	0.002496
848.361251	0.048665	0.012831	0.002604
847.983105	0.046175	0.013761	0.002498
847.617444	0.048499	0.013759	0.002577
847.247426	0.045030	0.013910	0.002504
846.841369	0.047176	0.013588	0.002543
846.482741	0.047038	0.014148	0.002616
846.112277	0.045959	0.012609	0.002300
845.737776	0.046980	0.015107	0.002384
845.349845	0.046129	0.015423	0.002514
844.990420	0.048543	0.014805	0.002627
844.602043	0.044831	0.014369	0.002519
844.234161	0.045821	0.014158	0.002773
843.845178	0.045300	0.015585	0.002594
843.459042	0.046629	0.014685	0.002634
843.100563	0.048364	0.013978	0.002826
842.699713	0.046370	0.013767	0.002796
842.325190	0.048693	0.012806	0.002500
841.960602	0.049148	0.013361	0.002438
841.601655	0.045675	0.014818	0.002798
841.234517	0.043298	0.014147	0.002571
840.875007	0.046209	0.013916	0.002587
840.509399	0.046854	0.014234	0.002510
840.140104	0.045680	0.014808	0.003032
839.786735	0.045817	0.014016	0.002691
839.407081	0.048786	0.012743	0.002592
839.029605	0.044561	0.014327	0.002540
838.656995	0.047243	0.013557	0.002580
838.298357	0.048315	0.014657	0.002489
837.925492	0.047437	0.014156	0.002710
837.550842	0.044768	0.014982	0.002406
837.183693	0.046141	0.013937	0.002519
836.818042	0.048032	0.014242	0.002877
836.447355	0.046923	0.014437	0.002755
836.084265	0.046380	0.015361	0.002515
835.703581	0.047290	0.012915	0.002587
835.320899	0.050220	0.013866	0.002542
834.937706	0.046689	0.015438	0.002583
834.555162	0.045842	0.013319	0.002442
834.179440	0.049565	0.014281	0.002528
833.811664	0.046356	0.015602	0.002507
833.423829	0.048049	0.015828	0.002478
833.024508	0.047494	0.016881	0.002755
832.653046	0.047388	0.014031	0.002543
832.252387	0.048855	0.016117	0.002657
831.872701	0.045652	0.014826	0.002452
831.502896	0.047643	0.014313	0.002643
831.099432	0.045807	0.014618	0.002894
830.732294	0.048349	0.015134	0.002528
830.338095	0.049487	0.014238	0.002497
829.958059	0.044388	0.015256	0.002548
829.590814	0.049628	0.014951	0.002579
829.184939	0.047517	0.015501	0.002767
828.826800	0.047670	0.013427	0.002775
828.455157	0.047427	0.015949	0.002622
828.073219	0.043745	0.015316	0.002406
827.706219	0.047132	0.013457	0.002508
827.322878	0.044528	0.015514	0.002695
826.965813	0.049365	0.015153	0.002395
826.604933	0.047415	0.014309	0.002729
826.236265	0.047229	0.015553	0.002658
825.889909	0.048493	0.014723	0.002711
825.523610	0.047131	0.015608	0.002494
825.150055	0.048340	0.014809	0.003048
824.773812	0.046898	0.015712	0.002497
824.394785	0.047556	0.016657	0.002535
824.015003	0.044808	0.014618	0.002456
823.622855	0.043144	0.015681	0.002802
823.260934	0.046623	0.015554	0.002616
822.880919	0.047100	0.014998	0.002540
822.490502	0.047064	0.014322	0.002460
822.152625	0.044739	0.015196	0.002675
821.785168	0.047680	0.015519	0.002508
821.423863	0.048719	0.014627	0.002421
821.035041	0.044960	0.015507	0.002765
820.673704	0.044636	0.016205	0.002477
820.284467	0.045704	0.015653	0.002414
819.882129	0.048429	0.015707	0.002584
819.484307	0.049042	0.015635	0.002642
819.104409	0.044662	0.015569	0.002599
818.726200	0.046854	0.015755	0.002416
818.323119	0.044628	0.015198	0.002318
817.946833	0.044777	0.016067	0.002411
817.560741	0.048251	0.015773	0.002404
817.199606	0.047609	0.017130	0.002801
816.841776	0.047406	0.016508	0.002746
816.462260	0.046825	0.015703	0.002732
816.072162	0.047785	0.015854	0.002826
815.673374	0.047016	0.015249	0.002131
815.298416	0.044586	0.016181	0.002372
814.917179	0.045940	0.017691	0.002673
814.527687	0.047587	0.016795	0.002670
814.157235	0.044933	0.015504	0.002346
813.789746	0.047719	0.017095	0.002744
813.390841	0.046884	0.017036	0.002542
813.008234	0.046341	0.016802	0.002678
812.633956	0.047531	0.016114	0.002822
812.247758	0.045830	0.018579	0.002552
811.872280	0.046642	0.015938	0.002513
811.550223	0.049874	0.017510	0.002608
811.158457	0.047712	0.017200	0.002796
810.771387	0.047750	0.017012	0.002598
810.369709	0.047223	0.016247	0.002430
809.994730	0.047108	0.017138	0.002519
809.617743	0.048248	0.017289	0.002910
809.234998	0.047706	0.017502	0.002452
808.854038	0.047495	0.017388	0.002366
808.475723	0.047553	0.015989	0.002550
808.109286	0.045791	0.018250	0.002720
807.715587	0.046599	0.017562	0.002479
807.324905	0.042685	0.017628	0.002714
806.975192	0.045941	0.018452	0.002794
806.587889	0.046506	0.017587	0.002609
806.216299	0.043830	0.017049	0.002703
805.820634	0.048401	0.017290	0.002696
805.449608	0.048407	0.018075	0.002592
805.059086	0.047917	0.017260	0.002656
804.673929	0.044543	0.018498	0.002468
804.298111	0.046908	0.017590	0.002837
803.911530	0.048335	0.018586	0.002602
803.534469	0.046033	0.018333	0.002636
803.160585	0.047559	0.018848	0.002336
802.776650	0.048550	0.018358	0.002498
802.405082	0.044664	0.019092	0.002425
802.034672	0.048181	0.019005	0.002643
801.670509	0.046927	0.018008	0.002540
801.276969	0.043820	0.018051	0.002343
800.905922	0.044283	0.019856	0.002740
800.501406	0.046510	0.019154	0.002623
800.116759	0.047256	0.018918	0.002701
799.744203	0.044407	0.018807	0.002771
799.339709	0.047898	0.019100	0.002611
798.971764	0.045291	0.019835	0.002617
798.613488	0.046438	0.019004	0.002717
798.253512	0.049838	0.020232	0.002661
797.870384	0.046757	0.020102	0.002845
797.484664	0.047049	0.019225	0.002508
797.072541	0.047127	0.019062	0.002585
796.675102	0.042955	0.019136	0.002724
796.309580	0.047285	0.018990	0.002522
795.920927	0.044535	0.020463	0.002864
795.568941	0.046633	0.020404	0.002590
795.207009	0.045379	0.020020	0.002774
794.838873	0.049009	0.020224	0.002434
794.469080	0.043994	0.020205	0.002739
794.090893	0.049118	0.020221	0.002542
793.722470	0.050233	0.019496	0.002611
793.369793	0.047217	0.020093	0.002601
793.006236	0.048848	0.020329	0.002395
792.652624	0.050322	0.021285	0.002588
792.310284	0.044589	0.020478	0.002541
791.953740	0.047025	0.020886	0.002352
791.561486	0.049810	0.020865	0.002534
791.177444	0.050772	0.020580	0.002840
790.824140	0.047067	0.022726	0.002638
790.460063	0.048229	0.021021	0.002474
790.061349	0.043564	0.022008	0.002726
789.712422	0.050374	0.020305	0.002706
789.371900	0.045398	0.022332	0.002724
789.015058	0.045808	0.021104	0.002420
788.649536	0.050560	0.021233	0.002739
788.273335	0.050145	0.021355	0.002629
787.909428	0.047695	0.020791	0.002622
787.541334	0.046426	0.021235	0.002630
787.151503	0.044233	0.022803	0.002512
786.770861	0.046642	0.022072	0.002474
786.410173	0.048410	0.023825	0.002529
786.049390	0.048342	0.021702	0.002295
785.679277	0.046000	0.022178	0.002607
785.312948	0.049662	0.022148	0.002548
784.933092	0.044974	0.022737	0.002532
784.569897	0.043570	0.021199	0.002793
784.190095	0.048243	0.021979	0.002512
783.833593	0.046493	0.022390	0.002637
783.452431	0.043496	0.022908	0.002611
783.074860	0.043666	0.023657	0.002586
782.674956	0.045352	0.022587	0.002485
782.269432	0.048961	0.022129	0.002705
781.913036	0.047824	0.024088	0.002671
781.547472	0.049039	0.022686	0.002432
781.189748	0.047983	0.022748	0.002793
780.816119	0.048561	0.024232	0.002910
780.441364	0.050933	0.023704	0.002787
780.026096	0.044425	0.024044	0.002786
779.648292	0.047446	0.023606	0.002612
779.260702	0.046129	0.023415	0.002781
778.856527	0.050012	0.023349	0.002654
778.488742	0.047210	0.023544	0.002691
778.119607	0.049744	0.024371	0.002744
777.732134	0.047069	0.023438	0.002495
777.347339	0.047976	0.023596	0.002822
776.948348	0.043460	0.024027	0.002542
776.544365	0.045223	0.024314	0.002694
776.168855	0.048263	0.024547	0.002605
775.816306	0.050615	0.025122	0.002572
775.442315	0.045241	0.024157	0.002688
775.054301	0.047118	0.024784	0.002708
774.672151	0.049007	0.024991	0.002706
774.319240	0.047832	0.024129	0.002651
773.946663	0.044023	0.024427	0.002647
773.556258	0.048229	0.024780	0.002575
773.172705	0.049071	0.024760	0.002596
772.803889	0.046500	0.025587	0.002614
772.441841	0.044147	0.024643	0.002662
772.070879	0.047649	0.025701	0.002562
771.710414	0.042203	0.024847	0.002435
771.341025	0.048210	0.024298	0.002471
770.976437	0.044637	0.026215	0.002547
770.606283	0.044303	0.025536	0.002529
770.239486	0.047570	0.024544	0.002621
769.861904	0.045865	0.024707	0.002348
769.507219	0.046748	0.025782	0.002263
769.133410	0.043799	0.025614	0.002785
768.764509	0.050430	0.025846	0.002959
768.396235	0.048351	0.025653	0.002484
768.023180	0.049161	0.026572	0.002601
767.644292	0.044957	0.026589	0.002633
767.256245	0.047215	0.025622	0.002469
766.848574	0.047827	0.026136	0.002417
766.465256	0.049744	0.025305	0.002650
766.064098	0.045585	0.026193	0.002569
765.671621	0.048175	0.026750	0.002690
765.273778	0.050284	0.026548	0.002788
764.894465	0.047632	0.026437	0.002463
764.512592	0.047150	0.025504	0.002521
764.113655	0.047913	0.027126	0.002518
763.708120	0.049831	0.026579	0.002852
763.337264	0.043830	0.026668	0.002670
762.964177	0.047181	0.027013	0.002563
762.596455	0.047837	0.026664	0.002374
762.233844	0.046404	0.026779	0.002456
761.857411	0.047361	0.026656	0.002508
761.468642	0.046602	0.027991	0.002635
761.094269	0.043894	0.027433	0.002730
760.714106	0.048064	0.026655	0.002434
760.329725	0.047891	0.026717	0.002247
759.954555	0.048371	0.028262	0.002839
759.583381	0.045581	0.026714	0.002859
759.185336	0.046125	0.027294	0.002832
758.799117	0.048517	0.027532	0.002498
758.404919	0.048207	0.027979	0.002754
758.027518	0.047182	0.027077	0.002654
757.646813	0.048421	0.028283	0.002467
757.272876	0.049356	0.027596	0.002517
756.875108	0.045522	0.028063	0.002476
756.478062	0.048413	0.028001	0.002756
756.100396	0.049533	0.028516	0.002675
755.714804	0.048284	0.028017	0.002510
755.306262	0.047222	0.028172	0.002516
754.899484	0.045525	0.027671	0.002555
754.521435	0.052169	0.028086	0.002739
754.153969	0.045305	0.028500	0.002792
753.740827	0.044943	0.028428	0.002651
753.376069	0.049828	0.028390	0.002590
753.016369	0.049384	0.028117	0.002567
752.650847	0.046552	0.028287	0.002732
752.277750	0.047671	0.028606	0.002783
751.907797	0.046967	0.028058	0.002398
751.504185	0.044656	0.028807	0.002461
751.121950	0.046204	0.028350	0.002482
750.725882	0.045086	0.028356	0.002454
750.343073	0.043394	0.028835	0.002484
749.948450	0.048007	0.029590	0.002611
749.577116	0.044830	0.028659	0.002657
749.206101	0.047173	0.028696	0.002338
748.812349	0.048176	0.028891	0.002416
748.428371	0.048447	0.029405	0.002681
748.037477	0.046070	0.028652	0.002684
747.628543	0.044548	0.030065	0.002839
747.248209	0.044330	0.029257	0.002654
746.857953	0.049852	0.029402	0.002527
746.478151	0.048317	0.029281	0.002670
746.086237	0.045551	0.029560	0.002695
745.694610	0.046768	0.029359	0.002694
745.295822	0.049638	0.029350	0.002476
744.917709	0.047783	0.029359	0.002674
744.534996	0.044938	0.029333	0.002748
744.156671	0.045519	0.029404	0.002564
743.759689	0.044045	0.031068	0.002596
743.369879	0.043104	0.029870	0.002548
742.971654	0.049128	0.030189	0.002526
742.605791	0.045801	0.030702	0.002616
742.206727	0.043200	0.029440	0.002560
741.829645	0.048837	0.029802	0.002584
741.434321	0.050620	0.029505	0.002639
741.056399	0.046985	0.029554	0.002737
740.657101	0.049612	0.030341	0.002560
740.273899	0.050290	0.031135	0.002544
739.899686	0.044676	0.030325	0.002696
739.528809	0.045848	0.030469	0.002669
739.155212	0.048014	0.030213	0.002494
738.754458	0.050868	0.030427	0.002307
738.355702	0.048931	0.030600	0.002574
737.971129	0.045024	0.030696	0.002769
737.592347	0.044555	0.030399	0.002673
737.218942	0.050733	0.030690	0.002466
736.845674	0.046621	0.030180	0.002465
736.429567	0.047505	0.030408	0.002485
736.052326	0.047569	0.031152	0.002798
735.669199	0.047555	0.031146	0.002502
735.275914	0.043938	0.030486	0.002237
734.892287	0.048962	0.031355	0.002356
734.506897	0.047665	0.030759	0.002368
734.106472	0.048768	0.030749	0.002295
733.717140	0.043752	0.031276	0.002573
733.331622	0.045356	0.031074	0.002434
732.934672	0.045746	0.031402	0.002524
732.554955	0.042300	0.031135	0.002521
732.177055	0.049529	0.030784	0.002539
731.807059	0.046927	0.031364	0.002758
731.411204	0.054400	0.031182	0.002721
731.031391	0.045578	0.031853	0.002883
730.623752	0.049547	0.031271	0.002516
730.254405	0.043288	0.031304	0.002494
729.883199	0.049534	0.032130	0.002271
729.487247	0.046132	0.031196	0.002666
729.092560	0.045478	0.030671	0.002545
728.695525	0.049974	0.030787	0.002595
728.291923	0.043990	0.031281	0.002679
727.884593	0.043234	0.031197	0.002495
727.500923	0.043777	0.031215	0.002628
727.099043	0.047643	0.031252	0.002211
726.729176	0.048633	0.030760	0.002370
726.350723	0.042408	0.030863	0.002581
725.969412	0.050235	0.031166	0.002694
725.565343	0.048869	0.031107	0.002580
725.204581	0.050172	0.031189	0.002541
724.821188	0.049962	0.031866	0.002415
724.391598	0.046226	0.032171	0.002611
724.027255	0.042357	0.031267	0.002877
723.633163	0.047717	0.031726	0.002493
723.201938	0.050048	0.031808	0.002459
722.809556	0.046762	0.032502	0.002473
722.397189	0.044249	0.031674	0.002721
722.019693	0.046658	0.031863	0.002721
721.635226	0.049908	0.032177	0.002529
721.276833	0.048716	0.031433	0.002649
720.902407	0.049788	0.032678	0.002509
720.504299	0.043232	0.032230	0.002718
720.116879	0.043217	0.031450	0.002500
719.719918	0.047115	0.032050	0.002351
719.350709	0.045821	0.031980	0.002523
718.979353	0.045620	0.032596	0.002648
718.595886	0.044007	0.032665	0.002777
718.211101	0.048841	0.032693	0.002772
717.848628	0.050331	0.032290	0.002543
717.439310	0.040667	0.032713	0.002457
717.053569	0.047993	0.032737	0.002840
716.657097	0.044042	0.032527	0.002403
716.288886	0.045111	0.032626	0.002610
715.922068	0.044190	0.032187	0.002783
715.531365	0.049180	0.032543	0.002688
715.136943	0.047437	0.032564	0.002766
714.743339	0.049911	0.032773	0.002808
714.328954	0.042211	0.032591	0.002489
713.929145	0.044236	0.033011	0.002753
713.544796	0.046181	0.032598	0.002650
713.183311	0.045818	0.033464	0.002798
712.777871	0.044087	0.033481	0.002484
712.356824	0.043663	0.033044	0.002615
711.978892	0.044438	0.033285	0.002322
711.599196	0.044262	0.034089	0.002444
711.217502	0.047781	0.033128	0.002764
710.858419	0.043624	0.033137	0.002530
710.499855	0.045999	0.034144	0.002646
710.125727	0.047325	0.033983	0.002500
709.739380	0.043420	0.033929	0.002687
709.361533	0.048637	0.034063	0.002533
708.955232	0.044567	0.033607	0.002558
708.572338	0.051323	0.034091	0.002759
708.173412	0.046375	0.034825	0.002823
707.784578	0.045244	0.034894	0.002568
707.404638	0.045886	0.035063	0.002731
707.053108	0.044606	0.035214	0.002371
706.683740	0.044405	0.035306	0.002345
706.320151	0.049709	0.035294	0.002395
705.947712	0.046428	0.035686	0.002701
705.561864	0.045238	0.035848	0.002947
705.175379	0.051876	0.035755	0.002745
704.790849	0.045568	0.035747	0.002603
704.405819	0.051488	0.035783	0.002684
704.026527	0.047904	0.035839	0.002523
703.648116	0.050920	0.036310	0.002705
703.291412	0.045118	0.037237	0.002527
702.915212	0.053279	0.037162	0.002577
702.564054	0.046246	0.037129	0.002483
702.162386	0.050851	0.037175	0.002844
701.793761	0.049774	0.037482	0.002730
701.409252	0.044174	0.038425	0.002436
701.017752	0.045599	0.039110	0.002620
700.633891	0.045666	0.039443	0.002694
700.247777	0.048028	0.039507	0.002588
699.862397	0.046526	0.039939	0.002421
699.477771	0.044594	0.040519	0.002493
699.079567	0.046413	0.041307	0.002685
698.732351	0.045603	0.042071	0.002545
698.332404	0.044165	0.042662	0.002639
697.885187	0.045587	0.043462	0.002579
697.485474	0.044545	0.044632	0.002677
697.052474	0.044545	0.045668	0.002437
696.653398	0.048670	0.046282	0.002438
696.188078	0.046749	0.048082	0.002615
695.721567	0.043856	0.049308	0.002649
695.275094	0.045129	0.051327	0.002349
694.813970	0.043671	0.052948	0.002720
694.413619	0.049317	0.054255	0.002563
694.022225	0.049917	0.056131	0.002581
693.670706	0.050087	0.058644	0.002958
693.282669	0.044345	0.061637	0.002650
692.897406	0.045396	0.064743	0.002736
692.519250	0.044441	0.066363	0.002623
692.140680	0.048778	0.070301	0.002439
691.738056	0.045363	0.073973	0.002844
691.357499	0.045854	0.078141	0.002280
690.982350	0.049609	0.081128	0.002342
690.601347	0.050086	0.084916	0.002676
690.236324	0.043322	0.088810	0.002882
689.832701	0.043908	0.093285	0.002619
689.429874	0.045857	0.096264	0.002655
689.062035	0.044848	0.099245	0.002834
688.673159	0.045999	0.100859	0.002684
688.308083	0.047146	0.100860	0.002486
687.931255	0.046786	0.101087	0.002669
687.545875	0.050044	0.099521	0.002532
687.161663	0.045143	0.098100	0.002542
686.777270	0.045747	0.094210	0.002242
686.365094	0.043532	0.091114	0.002301
685.986917	0.049949	0.086662	0.002563
685.595597	0.046268	0.082192	0.002437
685.211768	0.045667	0.078153	0.002922
684.830149	0.051270	0.074873	0.002403
684.444938	0.050857	0.070934	0.002737
684.082199	0.042666	0.066744	0.002476
683.688010	0.048193	0.063053	0.002436
683.306529	0.046549	0.060576	0.002500
682.932666	0.042646	0.057406	0.002775
682.545372	0.050275	0.054788	0.002689
682.180678	0.050510	0.053283	0.002597
681.858749	0.046004	0.050613	0.002495
681.465729	0.049384	0.048196	0.002382
681.092556	0.048015	0.046867	0.002621
680.734980	0.052181	0.045334	0.002719
680.341928	0.046127	0.043242	0.002883
679.952563	0.044963	0.041408	0.002582
679.587986	0.044174	0.040112	0.002560
679.201012	0.044707	0.039144	0.002839
678.806111	0.045236	0.037773	0.002769
678.450448	0.045047	0.036861	0.002643
678.058235	0.050934	0.035766	0.002509
677.669646	0.045280	0.034856	0.002978
677.263175	0.051155	0.034248	0.002576
676.888249	0.047362	0.033028	0.002610
676.508797	0.045764	0.032213	0.002333
676.111070	0.049708	0.031630	0.002406
675.727039	0.046020	0.029898	0.002600
675.331012	0.051196	0.030162	0.002645
674.978674	0.046492	0.029319	0.002725
674.585707	0.045163	0.028937	0.002478
674.180341	0.048972	0.027923	0.002482
673.803715	0.048021	0.027574	0.002707
673.411322	0.050794	0.026735	0.002931
673.022191	0.051517	0.026592	0.002786
672.653352	0.045047	0.025993	0.002621
672.288679	0.045148	0.025672	0.002783
671.914040	0.052490	0.025037	0.002703
671.524993	0.043883	0.024772	0.002788
671.142078	0.042909	0.024571	0.002757
670.774854	0.044264	0.024666	0.002397
670.377499	0.050218	0.023190	0.002446
670.000044	0.043967	0.023739	0.002283
669.642777	0.046475	0.022769	0.002538
669.257470	0.052066	0.022815	0.002595
668.860689	0.051337	0.022298	0.002638
668.478198	0.050063	0.022144	0.002364
668.092434	0.043301	0.021843	0.002548
667.718209	0.043512	0.021513	0.002865
667.354109	0.044325	0.020821	0.002781
666.986472	0.044378	0.020630	0.002440
666.602153	0.044913	0.020113	0.002811
666.250336	0.045023	0.020336	0.002566
665.873699	0.050409	0.019743	0.002618
665.499484	0.044124	0.020122	0.002635
665.126906	0.051277	0.019118	0.002404
664.714188	0.044883	0.018614	0.002698
664.338518	0.049709	0.018522	0.002545
663.945391	0.046781	0.018570	0.002402
663.571070	0.043185	0.018002	0.002651
663.176839	0.044086	0.017898	0.002687
662.774841	0.044586	0.017675	0.002649
662.392434	0.043123	0.017659	0.002758
662.004482	0.050242	0.017790	0.002459
661.631999	0.044616	0.017185	0.002464
661.266029	0.047762	0.016897	0.002520
660.886503	0.043358	0.017212	0.002509
660.477821	0.047979	0.016117	0.002554
660.112160	0.052737	0.016564	0.002950
659.731740	0.046027	0.016066	0.002823
659.351066	0.044653	0.016104	0.002863
658.950055	0.049170	0.015941	0.002480
658.583852	0.046696	0.015886	0.002567
658.194667	0.046390	0.016013	0.003062
657.816765	0.044157	0.015419	0.002649
657.448713	0.048276	0.015588	0.002461
657.073138	0.044968	0.014613	0.002608
656.668059	0.048589	0.014695	0.002761
656.310015	0.044059	0.014146	0.002561
655.927736	0.049936	0.015159	0.002593
655.514157	0.043351	0.014135	0.002620
655.174504	0.044671	0.014345	0.002379
654.779667	0.045137	0.014763	0.002594
654.394179	0.043583	0.014211	0.002848
654.021250	0.050797	0.014212	0.002650
653.592137	0.044155	0.013993	0.002434
653.196439	0.045489	0.013807	0.002719
652.820620	0.043337	0.013827	0.002479
652.422531	0.048072	0.014111	0.002699
652.051174	0.042538	0.014053	0.002493
651.689837	0.049983	0.014103	0.002287
651.316695	0.045550	0.013882	0.002762
650.922367	0.051067	0.013850	0.002539
650.538133	0.043822	0.014307	0.002591
650.156545	0.044352	0.013747	0.002554
649.745420	0.050904	0.014372	0.002601
649.365552	0.045607	0.014227	0.002729
648.978184	0.046418	0.014951	0.002502
648.583867	0.046285	0.015111	0.002657
648.199399	0.047636	0.015358	0.002577
647.834853	0.045842	0.015690	0.002757
647.447463	0.043607	0.016113	0.002879
647.049268	0.043445	0.016410	0.002460
646.670516	0.045670	0.016430	0.002646
646.284614	0.043455	0.017342	0.002469
645.925964	0.048486	0.018356	0.002646
645.570215	0.050263	0.019273	0.002891
645.177098	0.044042	0.019561	0.003068
644.802681	0.048820	0.020060	0.002504
644.426150	0.047491	0.020367	0.002758
644.071761	0.043511	0.021733	0.002706
643.683808	0.045032	0.023028	0.002706
643.278324	0.045452	0.023387	0.002699
642.906616	0.050231	0.024944	0.002712
642.528300	0.044008	0.025987	0.002726
642.109025	0.043590	0.025974	0.002614
641.733025	0.043418	0.027731	0.002812
641.336020	0.047907	0.028638	0.002601
640.941851	0.051241	0.028297	0.002930
640.580588	0.052330	0.029040	0.002765
640.207924	0.044774	0.029019	0.002630
639.830383	0.046138	0.028552	0.002663
639.464359	0.051269	0.027726	0.002562
639.075609	0.048276	0.026042	0.002569
638.698207	0.050151	0.024351	0.002663
638.306078	0.049111	0.022043	0.002547
637.917955	0.043994	0.019632	0.002984
637.532180	0.043048	0.016499	0.002400
637.141623	0.045589	0.014589	0.002749
636.764178	0.047804	0.013372	0.002622
636.368979	0.047356	0.014565	0.002757
635.983278	0.045843	0.016672	0.002818
635.588164	0.046105	0.020280	0.002590
635.209975	0.052141	0.024867	0.002681
635.190595	0.048061	0.027830	0.002711
635.582490	0.043968	0.023134	0.002679
635.954326	0.043685	0.019337	0.002768
636.328318	0.044218	0.015510	0.002459
636.750207	0.049162	0.013557	0.002750
637.141018	0.047162	0.013510	0.002822
637.520694	0.050246	0.015321	0.002476
637.906161	0.045041	0.017287	0.002767
638.282310	0.045900	0.020440	0.002593
638.665525	0.043843	0.023031	0.002515
639.029222	0.044431	0.025027	0.002873
639.415868	0.046459	0.026745	0.002672
639.790264	0.049135	0.027954	0.002859
640.144504	0.047158	0.028390	0.002562
640.547215	0.046954	0.029141	0.002645
640.942202	0.045542	0.028949	0.002694
641.324811	0.049333	0.028308	0.002682
641.707855	0.052374	0.027766	0.002607
642.060459	0.043992	0.027818	0.002683
642.421723	0.045590	0.026535	0.002612
642.794057	0.047791	0.025584	0.002562
643.153653	0.050373	0.024673	0.002638
643.507044	0.044207	0.023727	0.002737
643.895613	0.043463	0.023483	0.002561
644.258289	0.046044	0.022075	0.002396
644.646008	0.043965	0.021237	0.003116
645.037011	0.050365	0.020515	0.002654
645.424156	0.050520	0.019228	0.002532
645.804544	0.050628	0.018851	0.002639
646.179939	0.044933	0.018240	0.002759
646.576646	0.044478	0.017409	0.002413
646.957289	0.049769	0.016466	0.002738
647.334957	0.047095	0.016532	0.002742
647.727234	0.047367	0.016032	0.002628
648.103957	0.047976	0.015854	0.002787
648.499326	0.047747	0.014875	0.002681
648.858177	0.046034	0.014366	0.002528
649.274679	0.043329	0.015196	0.002991
649.649425	0.047312	0.014560	0.002578
650.040661	0.045803	0.014302	0.002728
650.460371	0.046364	0.014326	0.002673
650.840366	0.047218	0.014343	0.002347
651.218915	0.042287	0.014480	0.002900
651.598103	0.045165	0.014192	0.002629
651.973380	0.051204	0.014165	0.002598
652.330000	0.053682	0.013305	0.002440
652.698903	0.046505	0.014217	0.002563
653.067741	0.042438	0.013879	0.002657
653.442934	0.047799	0.013783	0.002774
653.834052	0.044421	0.013566	0.002566
654.204750	0.045564	0.014207	0.002353
654.615185	0.050874	0.014044	0.002671
654.984247	0.050745	0.014251	0.002649
655.374569	0.048538	0.014160	0.002547
655.731624	0.048178	0.015176	0.002822
656.099124	0.044318	0.014261	0.002632
656.477557	0.044586	0.014944	0.002713
656.859315	0.049681	0.014873	0.002718
657.212514	0.046450	0.014772	0.002747
657.576933	0.048692	0.015158	0.002635
657.969571	0.047296	0.014985	0.002827
658.338813	0.048227	0.015856	0.002611
658.734766	0.046184	0.015728	0.002823
659.129954	0.045520	0.015848	0.002652
659.513890	0.048900	0.015371	0.002599
659.918364	0.048536	0.016417	0.002794
660.302109	0.043962	0.016048	0.002496
660.696160	0.049658	0.016396	0.002752
661.081180	0.050513	0.016432	0.002720
661.470333	0.044995	0.016796	0.002520
661.839299	0.049917	0.017296	0.002604
662.214342	0.045082	0.017388	0.002463
662.606353	0.051355	0.017946	0.002651
662.966203	0.043505	0.017875	0.003022
663.328305	0.052767	0.018395	0.002681
663.694923	0.045793	0.018712	0.002411
664.105835	0.047399	0.018913	0.002426
664.488274	0.052180	0.018760	0.002428
664.862605	0.046817	0.018729	0.002396
665.242674	0.051062	0.019454	0.002954
665.633548	0.048264	0.019650	0.002660
666.016910	0.049030	0.019628	0.002574
666.381828	0.049304	0.020339	0.002633
666.758805	0.049077	0.020408	0.002582
667.130501	0.050114	0.020210	0.002751
667.509167	0.049924	0.020699	0.002461
667.889055	0.046043	0.021381	0.002647
668.276423	0.050027	0.022173	0.002492
668.646589	0.046034	0.021913	0.002904
669.018169	0.042606	0.022310	0.002454
669.392404	0.045108	0.022792	0.002607
669.751425	0.050294	0.023312	0.002788
670.133077	0.046394	0.023290	0.002833
670.520827	0.044105	0.023699	0.002941
670.945562	0.046291	0.023846	0.002415
671.331379	0.040712	0.024663	0.002561
671.711936	0.043273	0.024629	0.002374
672.095744	0.039657	0.025077	0.002547
672.484801	0.048995	0.025798	0.002955
672.883824	0.046888	0.026140	0.002570
673.249252	0.048804	0.026538	0.002462
673.622064	0.044726	0.027228	0.002732
674.029725	0.046675	0.028426	0.002595
674.406276	0.049182	0.028869	0.002808
674.801145	0.047009	0.028812	0.002710
675.184805	0.047590	0.029592	0.002820
675.558339	0.043408	0.030149	0.002992
675.934455	0.042749	0.030242	0.002446
676.321185	0.048046	0.031846	0.002520
676.710826	0.050832	0.031802	0.002654
677.087059	0.050003	0.032881	0.002300
677.458915	0.046846	0.033955	0.002590
677.873673	0.049864	0.034894	0.002694
678.255048	0.049449	0.035850	0.002669
678.650405	0.047454	0.037320	0.002385
679.031196	0.046010	0.037821	0.002798
679.401968	0.044031	0.039343	0.002602
679.779253	0.041982	0.039313	0.002380
680.144839	0.043769	0.041452	0.002424
680.540590	0.045690	0.042806	0.002596
680.932951	0.048107	0.044668	0.002722
681.317110	0.042835	0.046639	0.002610
681.707080	0.043849	0.048973	0.002492
682.065187	0.048354	0.050672	0.002621
682.461001	0.050277	0.052401	0.002642
682.840315	0.044345	0.054778	0.002776
683.205360	0.049525	0.057586	0.002626
683.583367	0.044134	0.060454	0.002838
683.968482	0.048242	0.063840	0.002652
684.336279	0.046664	0.066971	0.002572
684.713043	0.044436	0.071002	0.002638
685.087119	0.046513	0.074802	0.002798
685.463064	0.043480	0.078838	0.002715
685.843005	0.046073	0.083008	0.002895
686.227621	0.050145	0.087625	0.002785
686.599136	0.050237	0.091626	0.002591
686.991954	0.050479	0.094712	0.002573
687.375305	0.045010	0.098245	0.002497
687.753673	0.046074	0.100609	0.002613
688.153854	0.047353	0.101824	0.002646
688.535016	0.046207	0.102774	0.002675
688.900656	0.042081	0.100981	0.002581
689.276326	0.051259	0.098575	0.002476
689.665010	0.045369	0.096184	0.002654
690.050827	0.049879	0.092839	0.002490
690.426347	0.047108	0.088914	0.002772
690.800062	0.045149	0.085080	0.002705
691.176592	0.045676	0.081587	0.002470
691.553239	0.043825	0.078139	0.002603
691.941127	0.047291	0.074046	0.002561
692.313311	0.052211	0.070651	0.002997
692.714427	0.045816	0.066812	0.002743
693.122130	0.047841	0.064217	0.002475
693.502304	0.045384	0.061709	0.002810
693.868539	0.049748	0.059621	0.002441
694.226528	0.045559	0.057422	0.002815
694.624743	0.048394	0.056181	0.002831
695.002092	0.045857	0.053220	0.002800
695.400732	0.044694	0.050959	0.002856
695.787355	0.046557	0.050011	0.002358
696.167242	0.050582	0.048858	0.002236
696.540946	0.048307	0.047920	0.002667
696.927771	0.046316	0.046674	0.002716
697.313917	0.046594	0.045497	0.002632
697.684571	0.044004	0.044875	0.002494
698.061239	0.046721	0.044472	0.002552
698.446620	0.044245	0.043422	0.002724
698.823914	0.049568	0.042249	0.002538
699.190191	0.050345	0.041353	0.002794
699.579747	0.045947	0.041506	0.002534
699.936738	0.049816	0.040090	0.002678
700.334348	0.048701	0.039648	0.002524
700.711600	0.044023	0.039461	0.002526
701.106883	0.050564	0.039143	0.002503
701.478642	0.042352	0.038681	0.002329
701.888459	0.046405	0.038838	0.002667
702.283051	0.047245	0.038530	0.002574
702.676655	0.045657	0.037643	0.002343
703.061153	0.049449	0.036936	0.002553
703.437258	0.044966	0.037298	0.002772
703.810207	0.044876	0.036025	0.002340
704.194865	0.045778	0.037101	0.002171
704.590349	0.046118	0.036649	0.002526
704.962215	0.046823	0.035796	0.002850
705.367952	0.044766	0.036377	0.002828
705.765402	0.044915	0.035336	0.002756
706.150729	0.045528	0.035979	0.002532
706.509484	0.045307	0.035285	0.002709
706.881583	0.045658	0.035138	0.002611
707.264509	0.044405	0.034650	0.002516
707.658962	0.046013	0.034192	0.002399
708.022870	0.048712	0.034182	0.002639
708.404053	0.044899	0.034132	0.002776
708.785247	0.048658	0.034469	0.002456
709.150844	0.044102	0.034078	0.002518
709.550100	0.044238	0.033904	0.002479
709.924941	0.041529	0.034127	0.002672
710.344670	0.049120	0.034202	0.002395
710.723219	0.045273	0.033974	0.002558
711.094330	0.050504	0.033592	0.002612
711.505836	0.049677	0.034040	0.002563
711.899068	0.052157	0.033587	0.002542
712.275109	0.051299	0.034052	0.002420
712.649758	0.043934	0.033350	0.002542
713.044732	0.047827	0.032631	0.002623
713.410712	0.045724	0.033252	0.002222
713.793924	0.048910	0.033655	0.002305
714.180760	0.044569	0.032923	0.002398
714.579676	0.045096	0.032655	0.002604
714.952094	0.050060	0.033134	0.002391
715.343997	0.044231	0.032680	0.002501
715.736815	0.050296	0.032636	0.002758
716.155865	0.050147	0.032231	0.002394
716.526062	0.049743	0.032722	0.002769
716.903516	0.044722	0.032682	0.002423
717.274956	0.046386	0.032512	0.002598
717.649860	0.045036	0.032794	0.002824
718.034932	0.045401	0.031990	0.002513
718.412014	0.045959	0.032732	0.002450
718.785091	0.048522	0.032648	0.002519
719.182647	0.046900	0.031855	0.003230
719.549912	0.045970	0.031859	0.002502
719.919397	0.046271	0.031993	0.002459
720.281892	0.051712	0.031925	0.002708
720.663266	0.045876	0.032368	0.003031
721.047137	0.046803	0.031509	0.002477
721.441633	0.044270	0.031303	0.002518
721.836448	0.047674	0.031733	0.002735
722.227714	0.043862	0.031352	0.002615
722.615793	0.048987	0.031751	0.002796
722.999855	0.047187	0.032474	0.002845
723.378754	0.048003	0.031694	0.002511
723.792598	0.049020	0.031372	0.002507
724.240929	0.042393	0.031453	0.002820
724.707270	0.044432	0.031995	0.002445
725.168149	0.042162	0.030960	0.002288
725.583172	0.044662	0.031342	0.002569
725.997897	0.044140	0.031466	0.002645
726.374575	0.045774	0.031832	0.002530
726.749777	0.049365	0.031317	0.002619
727.117583	0.045268	0.031267	0.002712
727.510103	0.047741	0.031415	0.002412
727.882415	0.044806	0.031204	0.002516
728.273320	0.044948	0.031496	0.002726
728.657531	0.044710	0.031443	0.002445
729.035420	0.046238	0.031989	0.002682
729.400921	0.047932	0.031195	0.002558
729.782413	0.044245	0.031311	0.002581
730.168536	0.044226	0.031245	0.002569
730.544789	0.045926	0.030508	0.002924
730.926387	0.044144	0.031499	0.002350
731.311161	0.046000	0.031397	0.002651
731.708653	0.042091	0.031140	0.002457
732.108770	0.043693	0.031191	0.002598
732.490558	0.049258	0.031396	0.002676
732.869351	0.045953	0.031083	0.002338
733.250917	0.048443	0.030959	0.002717
733.634894	0.045136	0.030822	0.002617
734.020125	0.043586	0.030395	0.002728
734.415790	0.050038	0.030632	0.002738
734.792734	0.042379	0.031344	0.002226
735.177327	0.046023	0.030240	0.002718
735.569762	0.047677	0.030136	0.002651
735.941882	0.043421	0.031056	0.002747
736.308084	0.043197	0.030770	0.002840
736.684646	0.046832	0.031203	0.002907
737.054014	0.051230	0.030402	0.002614
737.427569	0.045967	0.029918	0.002756
737.827186	0.051243	0.030730	0.002932
738.216135	0.047850	0.030519	0.002634
738.613234	0.044298	0.030320	0.002702
738.983973	0.047328	0.030422	0.002633
739.342717	0.044320	0.029981	0.002701
739.773305	0.050033	0.030420	0.002802
740.163275	0.045065	0.029898	0.002628
740.554615	0.042704	0.029367	0.002718
740.954997	0.050444	0.029617	0.002400
741.335309	0.049549	0.029453	0.002431
741.734012	0.044073	0.029602	0.002606
742.115344	0.044799	0.029393	0.002372
742.503720	0.042023	0.029583	0.002724
742.891076	0.044616	0.029479	0.002490
743.269252	0.043710	0.029556	0.002752
743.639779	0.046109	0.029842	0.002515
744.007946	0.047247	0.030172	0.002663
744.387950	0.043270	0.029771	0.002496
744.773256	0.050126	0.029539	0.003016
745.187046	0.045897	0.029388	0.002427
745.576676	0.048091	0.029062	0.002452
745.944950	0.050261	0.029898	0.002579
746.331062	0.048280	0.029351	0.002542
746.711406	0.042473	0.029431	0.002627
747.106008	0.048458	0.029300	0.002582
747.494958	0.045091	0.028527	0.002473
747.878478	0.041145	0.029853	0.003086
748.239793	0.045093	0.028839	0.002641
748.622198	0.043864	0.029283	0.002687
748.995583	0.046699	0.028959	0.002534
749.359490	0.046492	0.029047	0.002716
749.747993	0.045925	0.027984	0.002600
750.134468	0.044592	0.028743	0.002479
750.527954	0.045479	0.028474	0.002580
750.896536	0.047333	0.028075	0.002536
751.285465	0.046750	0.028363	0.002622
751.681714	0.049213	0.027431	0.002581
752.063226	0.041624	0.028591	0.002576
752.436749	0.048728	0.029090	0.002674
752.809081	0.046820	0.029149	0.002525
753.181637	0.048231	0.028579	0.002783
753.557306	0.045168	0.028123	0.002619
753.943525	0.049909	0.028142	0.002460
754.332326	0.046422	0.027117	0.002355
754.718279	0.045081	0.028594	0.002447
755.105604	0.046107	0.028045	0.002593
755.483620	0.045399	0.028047	0.002778
755.864708	0.045687	0.028170	0.002744
756.251650	0.045848	0.028097	0.002399
756.628615	0.049707	0.027997	0.002561
756.997473	0.046508	0.027229	0.002441
757.362432	0.046493	0.028105	0.002635
757.756407	0.048011	0.028045	0.002780
758.149564	0.044938	0.027988	0.002589
758.511123	0.047345	0.026628	0.002441
758.885230	0.050615	0.026745	0.002486
759.294144	0.051581	0.027512	0.002795
759.692061	0.045264	0.026323	0.002760
760.070067	0.043288	0.026752	0.002735
760.442389	0.044673	0.027939	0.002419
760.833198	0.049257	0.027257	0.002675
761.208835	0.047536	0.027704	0.002607
761.617451	0.048156	0.026846	0.002738
761.981274	0.050405	0.027229	0.002696
762.362350	0.045353	0.026928	0.002742
762.729944	0.045258	0.026066	0.002605
763.106038	0.050574	0.025958	0.002662
763.497761	0.047837	0.027193	0.003103
763.881345	0.049753	0.026940	0.002588
764.284181	0.044769	0.026127	0.002696
764.665439	0.046905	0.026765	0.002656
765.041469	0.050522	0.027014	0.002598
765.429611	0.050000	0.026408	0.002741
765.806438	0.048365	0.025294	0.002478
766.204993	0.048625	0.026364	0.002579
766.613842	0.051848	0.026605	0.002575
767.011218	0.051582	0.026229	0.002164
767.400550	0.043267	0.026243	0.002651
767.769408	0.045341	0.026593	0.002432
768.155532	0.048479	0.025895	0.002676
768.520841	0.044094	0.026801	0.002743
768.900696	0.048387	0.026517	0.002659
769.278161	0.044724	0.026339	0.002863
769.658696	0.044341	0.025204	0.002414
770.053659	0.045507	0.025367	0.002623
770.426874	0.048503	0.024780	0.002561
770.803350	0.044901	0.024439	0.002486
771.156240	0.043356	0.025205	0.002968
771.543149	0.049626	0.025815	0.002736
771.920168	0.049128	0.024551	0.002545
772.284649	0.050519	0.025805	0.002818
772.645570	0.048811	0.024554	0.002418
773.014811	0.049445	0.024146	0.002793
773.395059	0.044280	0.024791	0.002403
773.791999	0.043663	0.024749	0.002719
774.176051	0.044204	0.024810	0.002534
774.552049	0.044154	0.024058	0.002378
774.931033	0.049090	0.025182	0.002609
775.296725	0.045335	0.024593	0.002739
775.668643	0.044398	0.024592	0.002437
776.030064	0.049897	0.024639	0.002892
776.413277	0.050692	0.024215	0.002715
776.789721	0.044515	0.024386	0.002154
777.188881	0.044890	0.024128	0.002501
777.580222	0.042665	0.024915	0.002440
777.943194	0.049974	0.023980	0.002722
778.322008	0.044751	0.023952	0.002785
778.690866	0.047751	0.023393	0.002604
779.071752	0.050027	0.023621	0.002557
779.435001	0.043214	0.023612	0.002660
779.806866	0.049023	0.022335	0.002739
780.212125	0.043316	0.024146	0.002634
780.594253	0.046386	0.023738	0.002389
780.981790	0.045109	0.024100	0.002952
781.367999	0.046209	0.023641	0.002895
781.742350	0.046507	0.023081	0.002695
782.122471	0.045347	0.022057	0.002578
782.517020	0.045837	0.022211	0.002549
782.898936	0.042635	0.021725	0.002610
783.281915	0.050056	0.022533	0.002352
783.657637	0.046637	0.023085	0.002713
784.017751	0.044350	0.022187	0.002606
784.381977	0.049123	0.022520	0.002441
784.732296	0.048557	0.022149	0.002479
785.120013	0.049266	0.022433	0.002551
785.491400	0.050649	0.021912	0.002642
785.892218	0.049870	0.022757	0.002845
786.276355	0.045288	0.022919	0.002623
786.645468	0.048580	0.022176	0.002560
787.034695	0.045275	0.022332	0.002812
787.435480	0.043294	0.022295	0.002352
787.810703	0.045407	0.021437	0.002410
788.188433	0.052467	0.021229	0.002748
788.576629	0.048855	0.021811	0.002475
788.970190	0.046351	0.020292	0.002444
789.335776	0.046895	0.020364	0.002971
789.729719	0.049587	0.020484	0.002695
790.111243	0.049936	0.021960	0.002772
790.510998	0.044742	0.021811	0.002480
790.944306	0.043904	0.021272	0.002815
791.394146	0.044507	0.020417	0.002690
791.833691	0.051690	0.022139	0.002626
792.301466	0.044638	0.021387	0.002625
792.708361	0.046130	0.020630	0.002795
793.075605	0.049842	0.019575	0.002509
793.453824	0.048124	0.020353	0.002966
793.868900	0.045975	0.020073	0.002532
794.275805	0.046753	0.020968	0.002941
794.702165	0.050441	0.019894	0.002720
795.099413	0.042845	0.020564	0.002581
795.494504	0.047946	0.020104	0.002639
795.914170	0.042703	0.019816	0.002701
796.344270	0.046050	0.021074	0.002698
796.743409	0.046678	0.019572	0.002331
797.178895	0.044287	0.018527	0.002477
797.607390	0.044223	0.018586	0.002880
798.065284	0.046139	0.019399	0.002692
798.509153	0.045696	0.019581	0.002673
798.945054	0.048006	0.019391	0.002824
799.369214	0.047992	0.019157	0.002574
799.753649	0.043409	0.019916	0.002491
