800.333578	0.045474	0.018967	0.002921
800.777873	0.047807	0.018757	0.002763
801.207462	0.049664	0.018285	0.002944
801.618235	0.045579	0.020131	0.002431
802.003021	0.049036	0.018068	0.002645
802.421720	0.048469	0.018650	0.002794
802.832695	0.047487	0.018896	0.002623
803.235925	0.050401	0.020076	0.002637
803.666885	0.048329	0.017711	0.002468
804.084724	0.046215	0.018848	0.002566
804.498164	0.050242	0.018738	0.002726
804.902668	0.045817	0.017212	0.002663
805.316597	0.047575	0.017164	0.002606
805.742468	0.049312	0.017718	0.002820
806.159574	0.047336	0.017662	0.002607
806.604941	0.045091	0.018893	0.002739
807.016767	0.047866	0.016979	0.002537
807.437570	0.049557	0.017041	0.002279
807.843817	0.048110	0.019102	0.002650
808.237538	0.048200	0.017906	0.002569
808.615279	0.047080	0.015135	0.002808
809.032905	0.048942	0.018137	0.002656
809.440098	0.049580	0.016129	0.002517
809.841245	0.046737	0.017488	0.002581
810.250095	0.046986	0.018022	0.002861
810.636453	0.047161	0.018482	0.002520
811.021695	0.048108	0.016941	0.002650
811.423119	0.048107	0.017397	0.002430
811.765703	0.047484	0.017982	0.002755
812.209381	0.050561	0.017236	0.002604
812.642339	0.044648	0.017121	0.002741
813.038833	0.049874	0.015932	0.002941
813.460018	0.047848	0.017144	0.002727
813.854324	0.047145	0.017396	0.002557
814.252772	0.047043	0.016999	0.002798
814.639842	0.047737	0.015655	0.002543
815.065097	0.049355	0.015948	0.002658
815.481066	0.046443	0.018732	0.002425
815.888971	0.046836	0.015967	0.002590
816.285667	0.049460	0.016252	0.002539
816.684179	0.048375	0.017046	0.002798
817.083712	0.048874	0.017189	0.002767
817.484562	0.048553	0.015795	0.002680
817.885231	0.047018	0.016078	0.002635
818.302560	0.047161	0.017012	0.002643
818.719018	0.043835	0.017191	0.002567
819.122035	0.050584	0.016000	0.002751
819.533935	0.044875	0.015764	0.002670
819.991011	0.047486	0.014343	0.002738
820.398736	0.045535	0.013944	0.002724
820.817106	0.046772	0.016641	0.002669
821.249915	0.046853	0.016655	0.002471
821.681460	0.048114	0.015812	0.002853
822.069252	0.047822	0.017317	0.002605
822.475617	0.049413	0.017235	0.002665
822.874193	0.046895	0.016029	0.002541
823.299852	0.048599	0.015336	0.002892
823.720507	0.046449	0.014585	0.002577
824.156982	0.047315	0.017606	0.002614
824.566587	0.047850	0.016058	0.002731
824.982938	0.046332	0.015453	0.002507
825.392607	0.048246	0.015654	0.002546
825.816290	0.045950	0.015952	0.002504
826.226649	0.048370	0.014583	0.002544
826.626607	0.049324	0.015237	0.002794
827.029858	0.049193	0.015821	0.002619
827.482749	0.046870	0.016490	0.002731
827.937041	0.049304	0.014451	0.002771
828.367407	0.046929	0.016255	0.002511
828.812297	0.050882	0.015596	0.002462
829.201386	0.046336	0.016312	0.002664
829.616165	0.047048	0.015523	0.002872
829.997200	0.050636	0.014903	0.002726
830.443131	0.046094	0.014806	0.002406
830.865529	0.049796	0.014725	0.002682
831.260535	0.047977	0.017120	0.002916
831.682327	0.048501	0.015190	0.002532
832.106074	0.048384	0.014742	0.002701
832.542156	0.047783	0.014287	0.002313
832.977388	0.046228	0.014841	0.002937
833.403206	0.049039	0.014943	0.002572
833.814458	0.042959	0.014831	0.002517
834.209114	0.048468	0.014735	0.002521
834.618868	0.046343	0.015109	0.002793
835.033531	0.048039	0.015391	0.002604
835.435720	0.051073	0.015809	0.002656
835.840417	0.046897	0.015441	0.002666
836.246420	0.047814	0.016103	0.002627
836.654921	0.048090	0.014548	0.002739
837.049842	0.047354	0.014476	0.002681
837.466237	0.046291	0.014480	0.002690
837.894903	0.044919	0.015167	0.002589
838.338624	0.048231	0.015158	0.002477
838.749717	0.047571	0.015978	0.002837
839.156581	0.046564	0.014318	0.002638
839.574888	0.045211	0.014950	0.002554
839.967420	0.048763	0.013709	0.002446
840.392909	0.045099	0.015054	0.002526
840.808581	0.050981	0.015167	0.002643
841.229438	0.047274	0.015155	0.002416
841.648021	0.045945	0.014490	0.002701
842.053600	0.049414	0.014824	0.002396
842.469145	0.049322	0.014806	0.002587
842.908861	0.049219	0.014834	0.002487
843.305015	0.045919	0.015998	0.002285
843.724172	0.044652	0.014473	0.002820
844.144116	0.048412	0.015841	0.002416
844.595498	0.044840	0.014830	0.002541
845.000163	0.045229	0.014576	0.002644
845.384078	0.048196	0.015241	0.002819
845.805360	0.046735	0.016817	0.002917
846.203958	0.047002	0.015202	0.002696
846.629426	0.049523	0.014949	0.002501
847.025039	0.049787	0.014840	0.002643
847.434889	0.048753	0.012573	0.002414
847.836218	0.046334	0.015419	0.002659
848.261718	0.046674	0.014434	0.002750
848.648555	0.046647	0.014632	0.002637
849.086922	0.047605	0.014384	0.002894
849.518457	0.048368	0.014782	0.002632
849.939782	0.046507	0.014243	0.002769
850.322613	0.047683	0.015934	0.002458
850.734205	0.048452	0.014832	0.002785
851.148337	0.047938	0.016547	0.002825
851.561003	0.046610	0.015584	0.002810
851.962853	0.051445	0.014858	0.002918
852.379322	0.048854	0.014183	0.002553
852.822151	0.048089	0.014991	0.002711
853.249118	0.046493	0.015232	0.002447
853.665343	0.051260	0.015870	0.002583
854.107747	0.051002	0.015390	0.002412
854.525449	0.046921	0.014675	0.002563
854.935565	0.048239	0.015534	0.002581
855.353182	0.050338	0.017096	0.002589
855.757220	0.046283	0.015843	0.002759
856.170258	0.048624	0.016195	0.002493
856.602441	0.048799	0.015952	0.002833
857.042848	0.045614	0.015296	0.002816
857.446462	0.047135	0.016410	0.002315
857.836816	0.049568	0.016518	0.002737
858.233970	0.048063	0.014320	0.002395
858.642938	0.045998	0.015854	0.002950
859.050929	0.048239	0.015572	0.002877
859.457496	0.047577	0.016997	0.002836
859.848774	0.048136	0.015889	0.002564
860.244441	0.046636	0.016542	0.002476
860.662695	0.047444	0.016072	0.002510
861.090013	0.047300	0.015731	0.002795
861.491480	0.049363	0.014874	0.002616
861.877319	0.045311	0.015594	0.002764
862.281644	0.046284	0.016141	0.002780
862.719374	0.048600	0.014038	0.002546
863.146044	0.049270	0.016594	0.002547
863.558816	0.048346	0.017468	0.002539
863.973267	0.048553	0.017182	0.002721
864.371823	0.044714	0.016282	0.002812
864.818637	0.047355	0.016274	0.002959
865.256006	0.047895	0.015500	0.002858
865.677204	0.047882	0.015792	0.002641
866.082847	0.049674	0.015381	0.002432
866.483125	0.047536	0.015570	0.002761
866.907967	0.044855	0.015807	0.002276
867.314577	0.052230	0.016115	0.002593
867.735424	0.051650	0.016470	0.002940
868.126798	0.047226	0.015877	0.002775
868.540070	0.050237	0.015403	0.002659
868.943472	0.048048	0.015698	0.002490
869.351261	0.047092	0.014907	0.002380
869.768135	0.046355	0.017011	0.002614
870.169528	0.048152	0.015373	0.002638
870.598387	0.047272	0.016672	0.002753
871.032090	0.048946	0.016282	0.002659
871.435948	0.045405	0.012983	0.002514
871.866773	0.047719	0.014304	0.002446
872.272023	0.050205	0.015915	0.002767
872.653357	0.051170	0.017629	0.002789
873.039334	0.047355	0.018186	0.002336
873.451766	0.048142	0.016498	0.002505
873.932644	0.049988	0.017267	0.002804
874.322616	0.045825	0.016271	0.002498
874.735091	0.051179	0.015076	0.002538
875.149914	0.045678	0.017366	0.002365
875.580569	0.047406	0.016544	0.002606
876.004041	0.046171	0.015264	0.002429
876.363721	0.043787	0.017064	0.002584
876.779310	0.045714	0.016320	0.002514
877.186303	0.048806	0.017277	0.002625
877.605705	0.049326	0.017719	0.002573
878.024045	0.046427	0.015406	0.002610
878.426310	0.047397	0.016513	0.002552
878.833218	0.049621	0.014879	0.002714
879.256117	0.049392	0.017412	0.002793
879.652060	0.050726	0.016870	0.002432
880.085349	0.046590	0.016329	0.002612
880.487466	0.046260	0.017654	0.002892
880.905232	0.047624	0.017140	0.002633
881.328779	0.046473	0.015182	0.002744
881.736643	0.050629	0.015917	0.002643
882.110423	0.047470	0.015276	0.002418
882.525608	0.050702	0.017949	0.002691
882.928277	0.048999	0.017740	0.002744
883.328364	0.047973	0.015867	0.002759
883.735527	0.045590	0.015701	0.002718
884.172461	0.050435	0.017633	0.002684
884.571741	0.048639	0.017377	0.002661
884.949803	0.045971	0.018784	0.002665
885.384134	0.046746	0.018277	0.003009
885.798989	0.048160	0.016079	0.002706
886.203773	0.047080	0.018914	0.002780
886.633885	0.048520	0.017781	0.002805
887.057963	0.046454	0.017759	0.002820
887.495864	0.049480	0.018474	0.002624
887.912346	0.048654	0.016686	0.002680
888.296135	0.050753	0.018015	0.002679
888.727044	0.049068	0.016668	0.002810
889.152961	0.048275	0.015981	0.002660
889.564119	0.048561	0.018881	0.002794
889.973524	0.046706	0.017298	0.002686
890.407409	0.046674	0.017283	0.002842
890.822552	0.048271	0.019198	0.002619
891.268900	0.046968	0.017825	0.002700
891.664376	0.048558	0.017848	0.002483
892.073845	0.047646	0.016334	0.002709
892.487957	0.048485	0.018617	0.002723
892.904524	0.049740	0.016990	0.002733
893.321707	0.049024	0.018603	0.002819
893.733768	0.050840	0.017806	0.002591
894.133983	0.048531	0.017892	0.002984
894.551602	0.049438	0.018400	0.002639
894.955642	0.047874	0.016014	0.002602
895.371624	0.046564	0.017880	0.002650
895.787128	0.047294	0.017830	0.002608
896.198159	0.045465	0.018185	0.002784
896.585434	0.053409	0.017982	0.002642
896.990919	0.046635	0.019038	0.002630
897.402205	0.044953	0.016022	0.002387
897.815191	0.046675	0.018558	0.002597
898.182629	0.047667	0.017629	0.002621
898.605613	0.047014	0.019397	0.002640
899.020278	0.051149	0.018406	0.002783
899.423553	0.047753	0.015906	0.002503
899.834712	0.049049	0.017013	0.002916
900.271296	0.046806	0.018082	0.002598
900.671023	0.050401	0.017882	0.002596
901.064651	0.048520	0.018879	0.002475
901.471326	0.046525	0.016551	0.002397
901.864699	0.046345	0.018196	0.002591
902.268622	0.047944	0.018631	0.002505
902.678963	0.047128	0.017540	0.002761
903.117598	0.048840	0.020391	0.002601
903.528991	0.050132	0.017751	0.002578
903.937579	0.049831	0.019396	0.002617
904.335829	0.047665	0.019308	0.002725
904.736947	0.047702	0.017152	0.002734
905.123096	0.046286	0.018018	0.002755
905.523534	0.047306	0.019495	0.002827
905.917874	0.048609	0.019080	0.002758
906.313808	0.049023	0.017653	0.002431
906.727634	0.047562	0.020164	0.002915
907.158417	0.045628	0.019036	0.002489
907.549921	0.048310	0.019137	0.002580
907.986866	0.047433	0.019451	0.002446
908.403646	0.046919	0.019921	0.002763
908.812564	0.045240	0.019080	0.002543
909.215308	0.047562	0.017607	0.002405
909.646814	0.049112	0.019790	0.002655
910.069756	0.049855	0.019784	0.002815
910.475784	0.048448	0.019408	0.002746
910.876010	0.046620	0.018959	0.002715
911.280466	0.047513	0.020441	0.002796
911.689723	0.049996	0.017386	0.002798
912.099980	0.046554	0.018906	0.002750
912.492758	0.048630	0.019271	0.002722
912.919865	0.045362	0.019762	0.002804
913.347833	0.046878	0.018375	0.002665
913.748092	0.050092	0.019996	0.002683
914.163470	0.046334	0.018272	0.002792
914.597706	0.046111	0.018187	0.002795
915.001248	0.052443	0.020019	0.002490
915.387290	0.047425	0.020725	0.002703
915.787942	0.046219	0.020635	0.002598
916.176630	0.045417	0.019968	0.002552
916.622501	0.048670	0.021277	0.002756
917.046167	0.049220	0.020159	0.002600
917.438499	0.049049	0.018257	0.002725
917.864119	0.048078	0.019683	0.002461
918.256888	0.048995	0.019876	0.002758
918.652259	0.051310	0.018134	0.002599
919.067870	0.049121	0.021227	0.002584
919.479540	0.045602	0.019602	0.002594
919.852621	0.049381	0.020095	0.002788
920.256216	0.046779	0.020071	0.002472
920.698379	0.047215	0.021115	0.002551
921.108338	0.048077	0.017685	0.002558
921.544637	0.049041	0.020067	0.002666
921.953226	0.050277	0.018177	0.002919
922.352209	0.048729	0.020628	0.002842
922.793406	0.051237	0.018729	0.003067
923.243134	0.050545	0.020025	0.002595
923.669275	0.047638	0.018879	0.002642
924.111099	0.045708	0.018835	0.002472
924.506162	0.049117	0.019381	0.002706
924.907293	0.046961	0.019686	0.002624
925.298351	0.047419	0.019483	0.002887
925.723939	0.050917	0.018963	0.002904
926.146914	0.050550	0.018917	0.002801
926.558213	0.049286	0.021032	0.002814
926.965399	0.042214	0.018266	0.003109
927.373415	0.048495	0.021424	0.002742
927.775682	0.045348	0.020691	0.002733
928.195119	0.049149	0.021632	0.002541
928.608192	0.049225	0.020582	0.002675
929.007909	0.048221	0.020424	0.002660
929.475987	0.048154	0.020080	0.002693
929.874950	0.050210	0.019935	0.002423
930.262662	0.047286	0.020417	0.002441
930.653348	0.048118	0.021573	0.002895
931.082135	0.047813	0.019505	0.002677
931.507023	0.047528	0.020823	0.002750
931.907102	0.047136	0.021541	0.002889
932.323734	0.045895	0.019503	0.002533
932.747910	0.048758	0.020547	0.002730
933.151761	0.048570	0.018350	0.002604
933.560871	0.048050	0.021147	0.002604
933.964095	0.049437	0.020445	0.002860
934.387836	0.049566	0.019998	0.002665
934.781444	0.050074	0.019702	0.002853
935.189545	0.051063	0.020166	0.002539
935.566366	0.047355	0.021749	0.002524
935.986463	0.048228	0.019230	0.002751
936.391057	0.046035	0.019030	0.002320
936.796459	0.050562	0.018577	0.002847
937.216885	0.048945	0.017986	0.002422
937.629417	0.045900	0.021077	0.002736
938.033884	0.049582	0.018599	0.002445
938.463670	0.048219	0.021118	0.002707
938.864408	0.047814	0.020394	0.002955
939.247424	0.049033	0.019522	0.002613
939.665587	0.047134	0.019639	0.002773
940.090465	0.049469	0.018642	0.002815
940.487144	0.047410	0.020915	0.002669
940.907358	0.045563	0.018606	0.002635
941.284466	0.048161	0.020976	0.003077
941.720766	0.045821	0.018313	0.002970
942.148873	0.046493	0.021031	0.002724
942.581072	0.050255	0.021779	0.002689
943.014694	0.045319	0.017563	0.002865
943.423720	0.049775	0.020164	0.002603
943.839864	0.049327	0.019828	0.002729
944.260290	0.048740	0.022618	0.002758
944.687655	0.046702	0.021306	0.002557
945.120119	0.048746	0.020972	0.002806
945.560212	0.047645	0.021318	0.002665
945.993250	0.045965	0.020097	0.002571
946.378242	0.047189	0.019668	0.002449
946.778630	0.046863	0.020580	0.002650
947.170008	0.046338	0.018927	0.002901
947.546989	0.046779	0.021101	0.002484
947.955728	0.047656	0.020788	0.002622
948.379767	0.048536	0.021304	0.002611
948.786562	0.048425	0.020702	0.002514
949.178907	0.049320	0.020112	0.002659
949.609247	0.045473	0.020157	0.002836
950.023394	0.046990	0.021104	0.002930
950.437031	0.046112	0.020609	0.002796
950.838408	0.050697	0.022678	0.002501
951.252353	0.046032	0.019995	0.002660
951.668455	0.047857	0.020368	0.002745
952.076908	0.046886	0.020131	0.002753
952.487188	0.047501	0.021143	0.003044
952.918792	0.046055	0.020953	0.002699
953.340558	0.046071	0.020974	0.002661
953.747895	0.045365	0.021409	0.002485
954.145074	0.046796	0.020669	0.002492
954.537335	0.048234	0.019917	0.002687
954.966676	0.045416	0.019930	0.002582
955.437656	0.045771	0.021138	0.002708
955.866689	0.047619	0.019416	0.002361
956.364444	0.051217	0.021596	0.002630
956.870178	0.049252	0.019904	0.002714
957.322246	0.047912	0.020029	0.002686
957.800792	0.046434	0.021487	0.002759
958.292321	0.045539	0.020164	0.002747
958.764725	0.046900	0.021243	0.002767
959.242048	0.048024	0.020279	0.002695
959.641513	0.050055	0.020943	0.002751
960.062822	0.047392	0.020406	0.002526
960.492822	0.049971	0.023588	0.002639
960.900213	0.047283	0.020919	0.002942
961.330054	0.049297	0.021359	0.002483
961.757547	0.046528	0.020354	0.002904
962.157861	0.048789	0.021531	0.002865
962.547646	0.045843	0.019232	0.002673
962.938877	0.048665	0.019358	0.002852
963.337576	0.050140	0.022628	0.002815
963.733205	0.048040	0.021878	0.002977
964.135868	0.048302	0.020424	0.002356
964.547222	0.050192	0.021328	0.002637
964.994679	0.047710	0.020690	0.002616
964.709018	0.048882	0.020411	0.002823
964.294073	0.046165	0.021223	0.002683
963.888297	0.049133	0.020106	0.002641
963.462950	0.047991	0.022302	0.002587
963.067013	0.049135	0.021142	0.002634
962.689553	0.052052	0.021696	0.002879
962.292585	0.048906	0.021980	0.002641
961.873167	0.049216	0.020623	0.002823
961.451571	0.046645	0.022628	0.002765
961.032376	0.048788	0.022929	0.002572
960.616570	0.049158	0.022708	0.002672
960.229866	0.046435	0.021906	0.002667
959.820935	0.049621	0.022118	0.002846
959.420366	0.050942	0.020974	0.002788
959.008938	0.048629	0.022054	0.002592
958.622904	0.047297	0.020003	0.002903
958.239164	0.047651	0.021358	0.002763
957.805955	0.044208	0.021300	0.002686
957.380301	0.048400	0.019426	0.002735
956.998145	0.051508	0.020461	0.002555
956.559336	0.050253	0.022603	0.002620
956.147664	0.049780	0.019950	0.002989
955.745905	0.046055	0.021228	0.002797
955.323778	0.047547	0.020144	0.002752
954.929064	0.048711	0.021489	0.002477
954.503994	0.047053	0.021134	0.002736
954.067629	0.047866	0.021519	0.002867
953.665042	0.049673	0.022473	0.002799
953.248089	0.048472	0.021476	0.002706
952.812586	0.049052	0.020488	0.002767
952.420113	0.051014	0.021028	0.002826
952.012170	0.048537	0.020996	0.002539
951.627762	0.047457	0.018983	0.002515
951.227331	0.045799	0.020154	0.002817
950.801061	0.050264	0.020897	0.002746
950.427671	0.047130	0.019569	0.002676
950.017465	0.050631	0.021525	0.002816
949.605018	0.045926	0.021983	0.002770
949.192103	0.046391	0.020011	0.003013
948.772729	0.053869	0.018569	0.002754
948.383476	0.048655	0.020541	0.002803
947.971443	0.045779	0.021724	0.003031
947.559506	0.045844	0.019940	0.002718
947.162103	0.044920	0.020458	0.002844
946.738011	0.050970	0.020575	0.002573
946.322600	0.048798	0.019646	0.002756
945.896925	0.049306	0.022052	0.002546
945.485806	0.047065	0.020518	0.002534
945.098529	0.045826	0.019096	0.002507
944.680557	0.044214	0.022402	0.002851
944.259685	0.050007	0.019832	0.002604
943.860646	0.046961	0.019027	0.002495
943.454394	0.047687	0.020271	0.002655
943.046080	0.050509	0.020389	0.002418
942.627959	0.047725	0.021267	0.002613
942.216968	0.045328	0.018504	0.002677
941.813659	0.045640	0.021311	0.002658
941.403932	0.050416	0.019814	0.002644
940.987097	0.047010	0.019890	0.002585
940.528390	0.047374	0.021562	0.002475
940.131158	0.048549	0.018851	0.002825
939.732045	0.049233	0.020115	0.002795
939.332051	0.048244	0.019807	0.002623
938.886072	0.046993	0.018610	0.002952
938.479990	0.049417	0.019593	0.002665
938.077605	0.047351	0.018688	0.002577
937.648616	0.045831	0.018005	0.002789
937.249588	0.046072	0.020607	0.002853
936.866838	0.051228	0.020818	0.002742
936.437371	0.046219	0.022434	0.002816
936.062622	0.048881	0.019577	0.002552
935.639189	0.049071	0.019579	0.002976
935.231141	0.044544	0.020081	0.002763
934.811640	0.051477	0.020252	0.002959
934.423939	0.051423	0.019629	0.002543
934.023435	0.046288	0.021731	0.002849
933.611148	0.047225	0.019797	0.002615
933.205512	0.048679	0.018267	0.002473
932.785544	0.046398	0.020854	0.002483
932.380535	0.047692	0.018282	0.002677
931.956529	0.047996	0.020497	0.002843
931.506874	0.045918	0.017705	0.002610
931.084653	0.045356	0.019272	0.002740
930.712815	0.042796	0.020512	0.002656
930.306266	0.047536	0.020936	0.002324
929.882016	0.046400	0.020474	0.002573
929.480237	0.051462	0.019493	0.002777
929.066771	0.047720	0.019810	0.002869
928.641426	0.044582	0.019540	0.002495
928.246990	0.047451	0.020776	0.002571
927.813336	0.047190	0.019721	0.002605
927.392922	0.048788	0.022451	0.002550
926.988360	0.045578	0.019798	0.002640
926.569454	0.046856	0.021427	0.002629
926.183559	0.049446	0.020762	0.002734
925.766258	0.046734	0.019650	0.002826
925.300794	0.049093	0.019428	0.002517
924.819542	0.046520	0.019736	0.002596
924.340043	0.046020	0.018673	0.002503
923.899558	0.049652	0.019740	0.002582
923.466500	0.048959	0.020113	0.002633
923.066199	0.051068	0.020835	0.002397
922.643883	0.048860	0.019746	0.002756
922.153493	0.051520	0.019503	0.002605
921.681166	0.052667	0.019200	0.002651
921.212217	0.047453	0.017826	0.002712
920.760375	0.048567	0.019703	0.002729
920.357077	0.046577	0.018138	0.002505
919.936376	0.046901	0.018517	0.002685
919.514315	0.048460	0.019236	0.002823
919.066500	0.048229	0.018918	0.002526
918.666634	0.046061	0.020766	0.002620
918.160478	0.050209	0.019148	0.002571
917.651899	0.047751	0.018644	0.002635
917.192247	0.048731	0.019854	0.002491
916.761889	0.047600	0.017998	0.002559
916.299666	0.045721	0.019195	0.002651
915.828370	0.043932	0.019906	0.002664
915.340499	0.046538	0.019633	0.002676
914.856017	0.048991	0.018479	0.002582
914.361283	0.050351	0.019408	0.002611
913.898710	0.048971	0.018010	0.002373
913.473536	0.044075	0.020292	0.002549
913.032499	0.044636	0.018704	0.002809
912.556018	0.045781	0.018430	0.002708
912.052338	0.045633	0.019210	0.002805
911.564797	0.046419	0.017385	0.002609
911.057631	0.049195	0.020162	0.002782
910.566775	0.046472	0.019700	0.002323
910.163775	0.046816	0.018881	0.002624
909.701957	0.047761	0.018841	0.002441
909.220068	0.049373	0.019847	0.002806
908.728819	0.049972	0.019151	0.002716
908.269699	0.045161	0.017107	0.002610
907.819504	0.047406	0.018583	0.002524
907.364550	0.050750	0.019588	0.002581
906.968403	0.048735	0.017887	0.002559
906.544239	0.047300	0.020881	0.002635
906.103787	0.045798	0.017540	0.002487
905.639143	0.044138	0.017130	0.002539
905.162280	0.046082	0.018148	0.002548
904.677066	0.047768	0.018399	0.002766
904.195103	0.049207	0.018907	0.002596
903.741392	0.049198	0.019763	0.002794
903.327119	0.046182	0.017261	0.002686
902.900937	0.052640	0.019098	0.002636
902.500668	0.048508	0.020595	0.002599
902.057497	0.046330	0.019446	0.002888
901.589123	0.046397	0.020862	0.002798
901.062717	0.044743	0.019241	0.003143
900.614488	0.047278	0.019076	0.002746
900.176332	0.046816	0.019492	0.002725
899.768806	0.046787	0.019122	0.002845
899.295524	0.046749	0.017511	0.003059
898.818237	0.047223	0.018230	0.002684
898.335148	0.046408	0.017816	0.002640
897.914916	0.045158	0.017804	0.002765
897.453395	0.045786	0.018841	0.002726
897.016928	0.044167	0.018642	0.002819
896.615151	0.049290	0.019387	0.002689
896.207552	0.049003	0.019233	0.002855
895.727311	0.045787	0.017829	0.002487
895.225724	0.048718	0.018780	0.002345
894.774659	0.047853	0.017791	0.002751
894.362332	0.049845	0.019446	0.002478
893.955816	0.050378	0.017638	0.002567
893.550809	0.048492	0.017443	0.002633
893.131778	0.051019	0.018305	0.002853
892.736535	0.046931	0.017041	0.002896
892.299346	0.050436	0.019014	0.002753
891.905261	0.048276	0.016636	0.002619
891.482033	0.045462	0.018184	0.002764
891.092900	0.046635	0.016210	0.002903
890.676588	0.047335	0.017126	0.002587
890.270137	0.048442	0.018873	0.002606
889.881088	0.049155	0.016246	0.002492
889.461993	0.049402	0.019692	0.002365
889.042633	0.048115	0.015985	0.002577
888.625057	0.046780	0.019191	0.002716
888.188728	0.048010	0.019613	0.002406
887.731267	0.049719	0.017685	0.002515
887.322425	0.048362	0.017312	0.002635
886.898570	0.049910	0.015701	0.002705
886.478264	0.049631	0.016082	0.002490
886.061337	0.046908	0.018271	0.002421
885.641859	0.048541	0.017093	0.002786
885.260780	0.050754	0.017041	0.002723
884.853956	0.045837	0.016394	0.002992
884.430590	0.049458	0.016983	0.002435
884.002762	0.045871	0.017500	0.002764
883.601368	0.044637	0.016226	0.002838
883.208686	0.047051	0.018130	0.002512
882.813497	0.049378	0.016701	0.002834
882.404741	0.047732	0.016157	0.002959
881.998279	0.049906	0.016451	0.002537
881.589756	0.046431	0.015079	0.002844
881.141474	0.046775	0.018430	0.002710
880.739050	0.047606	0.017116	0.002746
880.316428	0.049508	0.015636	0.002726
879.905769	0.046051	0.017411	0.002701
879.482733	0.046568	0.015229	0.002821
879.065912	0.048199	0.016072	0.002828
878.671042	0.046627	0.016500	0.002502
878.264070	0.051601	0.017319	0.002600
877.850043	0.047169	0.016059	0.002799
877.430577	0.049571	0.017002	0.002747
877.018845	0.047696	0.016605	0.002358
876.616347	0.046250	0.015442	0.002605
876.237042	0.045678	0.016716	0.002705
875.821241	0.047247	0.016424	0.002832
875.416798	0.049800	0.016771	0.002430
875.001178	0.047295	0.016445	0.002815
874.547542	0.049920	0.017250	0.002622
874.129011	0.048671	0.015408	0.002696
873.717885	0.045818	0.016289	0.002688
873.283512	0.045663	0.014973	0.002629
872.840831	0.046580	0.016431	0.002536
872.438832	0.046736	0.016796	0.002819
872.037396	0.046554	0.016924	0.002783
871.610057	0.049806	0.016310	0.002418
871.199271	0.051051	0.015735	0.002605
870.816418	0.047402	0.017568	0.002681
870.402891	0.046871	0.017409	0.002923
869.984370	0.048535	0.016043	0.002488
869.559868	0.049751	0.015105	0.002444
869.155138	0.048419	0.017027	0.002800
868.740188	0.050080	0.015296	0.003058
868.281793	0.048373	0.016722	0.002750
867.879316	0.045386	0.016210	0.002768
867.466182	0.047236	0.014024	0.002638
867.042976	0.044803	0.016606	0.002830
866.624211	0.047643	0.015411	0.002421
866.218504	0.047688	0.016231	0.002983
865.830477	0.048236	0.015739	0.002453
865.447401	0.046931	0.015506	0.002589
865.026299	0.049133	0.016473	0.002708
864.628242	0.046416	0.015733	0.002571
864.210061	0.049553	0.016634	0.002726
863.797639	0.046675	0.015761	0.002459
863.374997	0.046354	0.015556	0.002533
862.939147	0.045620	0.016224	0.002864
862.533260	0.044785	0.016730	0.002821
862.112285	0.048453	0.015115	0.002458
861.702616	0.047006	0.014753	0.002496
861.328624	0.049433	0.016085	0.002712
860.921568	0.048753	0.015347	0.002621
860.520887	0.046465	0.014709	0.002569
860.069589	0.048886	0.015231	0.002541
859.641103	0.048471	0.015103	0.002731
859.215783	0.045950	0.016114	0.002812
858.793608	0.049193	0.015949	0.002667
858.363284	0.048435	0.017526	0.002469
857.960552	0.047937	0.016038	0.002590
857.535274	0.049165	0.016080	0.002419
857.116021	0.049205	0.014829	0.002334
856.718273	0.049440	0.014442	0.002567
856.305851	0.047480	0.016803	0.002669
855.912916	0.048090	0.015381	0.002818
855.500005	0.048617	0.014711	0.002668
855.085587	0.050859	0.014839	0.002743
854.712732	0.047479	0.015804	0.002606
854.311509	0.049544	0.014481	0.002596
853.907045	0.048624	0.016758	0.002454
853.489078	0.047465	0.013188	0.002837
853.074617	0.047977	0.015076	0.002630
852.652017	0.047623	0.016768	0.002559
852.249275	0.047910	0.014382	0.002613
851.861248	0.045958	0.016148	0.002818
851.419895	0.047106	0.014051	0.002929
850.997816	0.046741	0.015247	0.002480
850.585331	0.045627	0.015089	0.002759
850.171784	0.048261	0.014992	0.002557
849.760361	0.048221	0.014283	0.002527
849.357216	0.049875	0.016418	0.002470
848.942935	0.048492	0.013762	0.002672
848.533754	0.049507	0.016657	0.002589
848.091435	0.048634	0.015002	0.002409
847.694601	0.046466	0.014766	0.002608
847.286504	0.049001	0.014021	0.002646
846.838181	0.048078	0.014624	0.002557
846.420225	0.047754	0.015587	0.002499
846.022190	0.049741	0.015590	0.002629
845.613912	0.051297	0.015172	0.002850
845.198208	0.048004	0.015144	0.002621
844.793766	0.048177	0.014421	0.002745
844.399386	0.048173	0.013714	0.002516
843.980771	0.046886	0.014941	0.002659
843.554453	0.045931	0.014900	0.002527
843.136730	0.049162	0.014176	0.002734
842.739449	0.046066	0.014447	0.002503
842.333233	0.047068	0.014481	0.002775
841.935931	0.048914	0.015058	0.002762
841.552983	0.050249	0.014645	0.003055
841.146278	0.050196	0.014422	0.002524
840.726643	0.046951	0.016141	0.002624
840.327801	0.048260	0.014311	0.002580
839.923253	0.048837	0.016044	0.002690
839.522965	0.048688	0.014852	0.002738
839.124686	0.048312	0.015839	0.002497
838.709694	0.047312	0.016028	0.002738
838.306941	0.046016	0.015143	0.002523
837.879752	0.050106	0.014255	0.002768
837.464526	0.047972	0.012856	0.002589
837.063006	0.048354	0.016018	0.002604
836.660637	0.047823	0.015942	0.002522
836.242776	0.048732	0.015204	0.002727
835.834223	0.049248	0.014326	0.002507
835.403697	0.046110	0.014751	0.002389
834.998692	0.045138	0.015563	0.002832
834.592657	0.048846	0.015252	0.002582
834.202442	0.049098	0.014942	0.002581
833.790808	0.048421	0.013883	0.002581
833.384252	0.049277	0.016037	0.002906
832.971162	0.045541	0.015219	0.002658
832.554629	0.046012	0.016192	0.002692
832.133454	0.047213	0.014689	0.002857
831.735918	0.048515	0.015820	0.002666
831.339467	0.047841	0.014380	0.002509
830.937979	0.046531	0.016973	0.003067
830.532337	0.049206	0.014198	0.002388
830.109684	0.049315	0.015214	0.002461
829.703012	0.048655	0.015777	0.002749
829.282484	0.046519	0.015869	0.002472
828.877374	0.046643	0.016383	0.002618
828.459619	0.047140	0.015297	0.002596
828.076215	0.048319	0.016062	0.002607
827.658705	0.046095	0.014779	0.002667
827.241971	0.047762	0.015103	0.002683
826.813188	0.044960	0.016394	0.002685
826.410139	0.049204	0.016741	0.002813
825.989569	0.046096	0.016562	0.002828
825.547006	0.047830	0.014897	0.002451
825.151309	0.050411	0.014807	0.002659
824.745263	0.047030	0.014691	0.002305
824.331801	0.045636	0.014507	0.002644
823.897377	0.047029	0.015371	0.002445
823.495836	0.050602	0.015618	0.002590
823.095645	0.048776	0.015720	0.002546
822.700585	0.048987	0.016117	0.002556
822.342882	0.049371	0.017069	0.002447
821.957119	0.049683	0.015199	0.002808
821.560604	0.050408	0.016971	0.002599
821.146866	0.046764	0.015488	0.002583
820.744911	0.046189	0.015801	0.002500
820.327518	0.046998	0.015089	0.002594
819.894124	0.044827	0.015862	0.002389
819.496026	0.051404	0.016558	0.002533
819.080610	0.048608	0.015761	0.002867
818.689502	0.048415	0.016664	0.002731
818.251381	0.047486	0.016685	0.002734
817.832214	0.048379	0.014950	0.002546
817.415926	0.047241	0.016665	0.002541
816.985380	0.046899	0.016608	0.002726
816.570919	0.049349	0.015797	0.002579
816.159168	0.047339	0.016840	0.002764
815.786134	0.052162	0.015821	0.002592
815.367084	0.046998	0.017016	0.002548
814.971716	0.049290	0.016944	0.002714
814.588471	0.046237	0.017005	0.002445
814.147088	0.047085	0.015889	0.002913
813.738493	0.051543	0.016944	0.002620
813.343348	0.047362	0.016274	0.002627
812.947503	0.048698	0.015713	0.002461
812.531980	0.046583	0.015477	0.002645
812.135422	0.047058	0.016903	0.002583
811.698448	0.047104	0.017532	0.002457
811.344432	0.048956	0.017560	0.002606
810.946653	0.049114	0.017134	0.002444
810.549245	0.046168	0.017288	0.002682
810.149394	0.047662	0.016366	0.002435
809.730025	0.048004	0.018014	0.002445
809.316670	0.046751	0.017096	0.002654
808.935444	0.052912	0.017451	0.002797
808.509775	0.047281	0.018321	0.002468
808.118094	0.049239	0.017886	0.002776
807.705621	0.048993	0.017415	0.002631
807.296325	0.046010	0.018427	0.002813
806.870889	0.049362	0.019058	0.002615
806.482970	0.049349	0.017744	0.002644
806.072908	0.048690	0.017859	0.002603
805.688346	0.044349	0.018852	0.002531
805.262146	0.049440	0.017717	0.002663
804.855282	0.048240	0.017493	0.002666
804.465535	0.049374	0.018556	0.002776
804.032620	0.047849	0.018267	0.002806
803.622378	0.045962	0.018325	0.002267
803.190345	0.049249	0.019865	0.002691
802.785766	0.049390	0.018727	0.002787
802.378063	0.047049	0.018104	0.002953
801.941068	0.051231	0.018981	0.002917
801.520711	0.047472	0.018337	0.002765
801.097262	0.046474	0.019492	0.002718
800.635480	0.046290	0.017779	0.002489
800.236574	0.045737	0.019247	0.002314
799.818874	0.049722	0.020099	0.002690
799.378468	0.047250	0.020112	0.002663
798.950143	0.045307	0.018921	0.002866
798.533994	0.046968	0.019114	0.002363
798.130105	0.048644	0.019563	0.002555
797.718992	0.046644	0.018677	0.002338
797.296479	0.050794	0.020053	0.002574
796.872924	0.047679	0.020212	0.002521
796.434845	0.049418	0.020173	0.002731
796.009718	0.048182	0.020083	0.002540
795.606648	0.049101	0.019052	0.002456
795.169929	0.048505	0.020417	0.002641
794.756542	0.050436	0.019994	0.002328
794.357733	0.049573	0.019519	0.002734
793.908902	0.044854	0.020020	0.002675
793.458552	0.049313	0.018737	0.002495
793.053909	0.049757	0.020518	0.002638
792.640416	0.046883	0.020050	0.002594
792.231173	0.048192	0.019963	0.002516
791.814673	0.048641	0.021336	0.002573
791.421250	0.046898	0.021175	0.002712
791.027189	0.049252	0.021171	0.002849
790.610190	0.047042	0.019915	0.002725
790.147643	0.047458	0.020069	0.002565
789.773600	0.047298	0.021578	0.002537
789.353594	0.047568	0.020094	0.002593
788.975927	0.048661	0.021879	0.002554
788.550651	0.045768	0.019969	0.002580
788.155465	0.049955	0.021667	0.002747
787.733982	0.052500	0.021499	0.002734
787.331921	0.044354	0.020442	0.002320
786.901875	0.047977	0.021728	0.002663
786.482326	0.046030	0.021543	0.002663
786.075877	0.047193	0.020825	0.002539
785.669885	0.047948	0.021635	0.002642
785.235302	0.052137	0.021459	0.002540
784.822298	0.046451	0.022772	0.002571
784.406000	0.047943	0.022723	0.002566
784.007116	0.045785	0.021971	0.002565
783.607563	0.048063	0.022524	0.002483
783.216647	0.048234	0.021354	0.002696
782.806894	0.047683	0.022658	0.002603
782.403027	0.048636	0.022826	0.002570
782.016744	0.046585	0.023225	0.002538
781.585710	0.047540	0.023221	0.002532
781.149013	0.050508	0.023014	0.002496
780.730005	0.046934	0.023521	0.002634
780.287358	0.045323	0.023144	0.002754
779.823334	0.046260	0.023929	0.002586
779.424833	0.048722	0.023133	0.002446
779.017555	0.048695	0.022850	0.002618
778.586277	0.049035	0.022978	0.002511
778.145839	0.051472	0.022931	0.002518
777.721063	0.049014	0.023216	0.002322
777.313531	0.048183	0.023247	0.002536
776.906030	0.050312	0.024218	0.002425
776.491677	0.046916	0.023010	0.002426
776.061620	0.047723	0.024203	0.002707
775.667230	0.048508	0.024601	0.002650
775.250008	0.048230	0.023978	0.002487
774.850678	0.047409	0.024396	0.002430
774.442465	0.044719	0.024007	0.002652
774.044070	0.046604	0.024405	0.002704
773.632501	0.047772	0.023895	0.002533
773.233691	0.047202	0.024125	0.002622
772.846091	0.046887	0.024048	0.002768
772.454421	0.045464	0.024011	0.002608
772.048928	0.047401	0.024311	0.002516
771.632025	0.049931	0.024282	0.002711
771.236658	0.045745	0.024459	0.002717
770.824430	0.050492	0.023676	0.002581
770.415707	0.045481	0.024212	0.002230
769.999197	0.045731	0.024978	0.002469
769.601822	0.048704	0.024499	0.002456
769.202885	0.047104	0.025525	0.002538
768.786991	0.049619	0.023957	0.002809
768.367644	0.048214	0.025205	0.002718
767.956935	0.050085	0.024876	0.002779
767.558964	0.049099	0.024051	0.002653
767.144685	0.052133	0.025814	0.002472
766.685825	0.053352	0.024833	0.002792
766.258446	0.047870	0.025815	0.002533
765.852358	0.047842	0.026249	0.002700
765.437335	0.048193	0.026048	0.002646
765.018211	0.045558	0.025837	0.002357
764.603656	0.049016	0.026441	0.002775
764.203423	0.046676	0.025759	0.002570
763.785053	0.046289	0.025274	0.002231
763.377287	0.048530	0.025785	0.002476
762.982823	0.047530	0.026297	0.002591
762.557739	0.049973	0.026400	0.002477
762.118205	0.047756	0.025491	0.002308
761.680307	0.048462	0.027028	0.002708
761.280202	0.049779	0.026404	0.002659
760.872000	0.047593	0.026955	0.002400
760.438373	0.047749	0.026524	0.002326
760.032296	0.050241	0.025987	0.002698
759.636972	0.048137	0.026448	0.002904
759.202633	0.050881	0.026442	0.002627
758.759200	0.048781	0.026601	0.002937
758.334158	0.046399	0.026844	0.002454
757.904622	0.047867	0.027171	0.002542
757.486359	0.048037	0.026876	0.002747
757.076765	0.048227	0.027074	0.002567
756.677690	0.051331	0.027031	0.002554
756.253275	0.047859	0.027839	0.002717
755.846157	0.048718	0.026129	0.003013
755.408185	0.049249	0.027120	0.002755
754.986511	0.046877	0.026893	0.002880
754.549495	0.046571	0.027511	0.002694
754.139254	0.048017	0.027131	0.002596
753.709930	0.045989	0.027081	0.002580
753.276919	0.048113	0.026974	0.002677
752.878949	0.045866	0.027224	0.002484
752.454981	0.046695	0.026855	0.002710
752.034444	0.049380	0.027725	0.002682
751.629440	0.050532	0.028190	0.002503
751.245569	0.048611	0.026837	0.002519
750.860646	0.048571	0.027898	0.002771
750.459637	0.047540	0.027802	0.002668
750.036263	0.046226	0.028037	0.002658
749.624938	0.048879	0.027810	0.002468
749.226872	0.047814	0.027293	0.002524
748.824535	0.049352	0.028055	0.002778
748.405167	0.047320	0.028018	0.002669
748.008111	0.050031	0.028267	0.002781
747.599441	0.050296	0.028414	0.002515
747.173156	0.049307	0.028070	0.002662
746.686916	0.049623	0.028598	0.002471
746.189732	0.047962	0.028214	0.002629
745.687013	0.049594	0.027471	0.002577
745.211993	0.051477	0.028352	0.002503
744.711356	0.044835	0.028774	0.002375
744.227899	0.048295	0.028348	0.002718
743.732415	0.047628	0.028551	0.002538
743.245081	0.044722	0.028138	0.002347
742.795995	0.049369	0.028144	0.002673
742.360424	0.048898	0.028644	0.002556
741.956366	0.046115	0.028301	0.002804
741.527892	0.049759	0.029430	0.002260
741.119818	0.047613	0.029281	0.002578
740.715229	0.048272	0.029212	0.002933
740.271424	0.048193	0.028689	0.002672
739.851460	0.048048	0.028312	0.002834
739.440709	0.049653	0.029076	0.002603
738.995554	0.047651	0.029165	0.002739
738.588702	0.047924	0.029697	0.002483
738.174996	0.049799	0.029748	0.002626
737.714085	0.047017	0.028116	0.002554
737.318431	0.050037	0.029977	0.002479
736.933349	0.047877	0.029359	0.002722
736.533084	0.047178	0.029568	0.002580
736.131278	0.048471	0.029153	0.002304
735.711708	0.046703	0.029878	0.002829
735.315565	0.048702	0.029150	0.002536
734.884053	0.047294	0.029972	0.002610
734.490163	0.046690	0.029814	0.002566
734.050565	0.045596	0.029332	0.002637
733.667884	0.046755	0.029453	0.002409
733.257058	0.049482	0.028922	0.002535
732.838274	0.047885	0.029780	0.002571
732.410331	0.046887	0.029324	0.002692
732.007760	0.047024	0.029716	0.002417
731.620532	0.047427	0.029722	0.002640
731.230424	0.048887	0.029911	0.002339
730.830626	0.047181	0.029228	0.002710
730.382592	0.051585	0.029777	0.002677
729.957635	0.046700	0.029570	0.002843
729.561726	0.049428	0.029977	0.002711
729.170333	0.046230	0.029677	0.002869
728.737726	0.048812	0.029801	0.002578
728.331086	0.047948	0.029927	0.002542
727.923671	0.048500	0.029945	0.002538
727.530991	0.050583	0.029899	0.002478
727.145314	0.047765	0.029869	0.002586
726.744284	0.047026	0.030163	0.002479
726.340683	0.049220	0.030436	0.002816
725.912772	0.047510	0.029824	0.002837
725.536848	0.046627	0.030062	0.002889
725.164664	0.047788	0.030391	0.002733
724.719743	0.048707	0.030018	0.002617
724.322293	0.049211	0.030638	0.002659
723.912062	0.048090	0.030317	0.002509
723.495860	0.048159	0.030958	0.002576
723.066600	0.051301	0.030743	0.002670
722.649601	0.049841	0.030894	0.002665
722.263711	0.048299	0.030290	0.002829
721.863520	0.049111	0.031104	0.002606
721.462522	0.044948	0.030620	0.002790
721.005021	0.051184	0.030906	0.002777
720.607231	0.046170	0.030235	0.002914
720.210993	0.047339	0.031115	0.002640
719.810781	0.047275	0.029678	0.002366
719.388809	0.047500	0.030748	0.002635
718.976187	0.047954	0.031167	0.002881
718.569027	0.047346	0.030102	0.002368
718.132393	0.048112	0.030592	0.002472
717.701380	0.046898	0.031052	0.002718
717.294049	0.049584	0.031023	0.002755
716.863971	0.047392	0.031007	0.002831
716.456215	0.048778	0.029899	0.002515
716.061751	0.047476	0.031075	0.002712
715.637325	0.049078	0.030937	0.002650
715.251966	0.047150	0.031484	0.002697
714.840662	0.046835	0.030904	0.002740
714.428805	0.051217	0.031566	0.002698
713.996612	0.047384	0.031222	0.002748
713.572579	0.046770	0.030824	0.002449
713.149907	0.049615	0.031005	0.002551
712.748111	0.047300	0.031285	0.002482
712.311233	0.048105	0.031547	0.002715
711.912806	0.048648	0.031445	0.002803
711.499748	0.049721	0.031813	0.002473
711.081485	0.049607	0.031912	0.002601
710.681825	0.048923	0.031376	0.002489
710.275227	0.046501	0.031942	0.002655
709.868120	0.047182	0.032315	0.002539
709.492408	0.048974	0.032203	0.002528
709.083016	0.050577	0.032662	0.002910
708.665453	0.048200	0.031924	0.002523
708.244852	0.046715	0.032314	0.002662
707.819502	0.049931	0.032185	0.002839
707.398656	0.050185	0.032878	0.002501
706.987363	0.047743	0.033163	0.002654
706.561460	0.049039	0.032930	0.002627
706.125038	0.049492	0.033450	0.002610
705.747850	0.050774	0.033675	0.002768
705.352844	0.048408	0.032950	0.002604
704.943823	0.046367	0.033303	0.002790
704.491412	0.047577	0.033874	0.002602
704.090190	0.049582	0.033991	0.002376
703.670152	0.050777	0.034402	0.002564
703.240573	0.047809	0.034728	0.002835
702.817921	0.045625	0.035397	0.002593
702.421704	0.045730	0.035957	0.002589
702.001326	0.049001	0.036400	0.002854
701.540340	0.046475	0.036540	0.002620
701.118602	0.047479	0.036825	0.002409
700.721077	0.048841	0.037120	0.002782
700.347884	0.049261	0.036969	0.002465
699.953185	0.049062	0.037899	0.002493
699.549201	0.049236	0.037973	0.002615
699.159752	0.047758	0.039265	0.002779
698.743931	0.046580	0.039924	0.002872
698.282042	0.045977	0.040852	0.002578
697.877835	0.049811	0.041047	0.002589
697.468974	0.049345	0.042658	0.002443
697.028165	0.046121	0.042434	0.002470
696.635899	0.047632	0.044108	0.002725
696.222395	0.049147	0.045300	0.002463
695.831480	0.049392	0.046872	0.002589
695.432446	0.049511	0.048719	0.002704
695.012918	0.046615	0.049310	0.002522
694.578154	0.050164	0.052150	0.002684
694.166913	0.047126	0.053968	0.002454
693.758020	0.045754	0.056434	0.002871
693.330906	0.045868	0.059224	0.002969
692.906320	0.046228	0.061606	0.002653
692.488651	0.048259	0.064823	0.002601
692.064331	0.047205	0.068973	0.002598
691.664288	0.047748	0.071931	0.002874
691.256330	0.046760	0.076661	0.002538
690.818251	0.049990	0.081267	0.002673
690.416222	0.046644	0.085455	0.002762
690.002282	0.046784	0.089598	0.002732
689.602824	0.046668	0.092965	0.002749
689.183465	0.048275	0.095911	0.002656
688.770429	0.048621	0.098492	0.002919
688.347554	0.049163	0.099753	0.002580
687.947405	0.050753	0.099430	0.002511
687.540934	0.047940	0.098035	0.002715
687.093016	0.049830	0.095770	0.002400
686.669514	0.049371	0.091776	0.003079
686.244015	0.047190	0.087779	0.002376
685.825984	0.047612	0.083038	0.002743
685.374550	0.046532	0.078587	0.002412
684.985408	0.048757	0.074055	0.002606
684.587703	0.046524	0.069522	0.002451
684.196733	0.046110	0.065700	0.002534
683.783250	0.047128	0.061032	0.002462
683.368492	0.047570	0.058083	0.002455
682.968450	0.045773	0.054953	0.002884
682.568758	0.045720	0.052486	0.002507
682.167971	0.046637	0.049687	0.002753
681.783855	0.046427	0.047782	0.002739
681.364475	0.049374	0.045243	0.002325
680.951459	0.046495	0.043545	0.002679
680.526385	0.047947	0.040974	0.002645
680.121178	0.047538	0.039722	0.002623
679.701798	0.045344	0.038209	0.002487
679.323621	0.048498	0.036946	0.002595
678.923206	0.044576	0.036356	0.002680
678.513038	0.051363	0.034486	0.002520
678.095369	0.047307	0.033758	0.002768
677.674512	0.047881	0.032264	0.002621
677.272429	0.050437	0.031589	0.002838
676.855440	0.048905	0.030740	0.002611
676.461570	0.048200	0.029824	0.002704
676.035666	0.047784	0.029075	0.002728
675.633945	0.048295	0.027945	0.002536
675.156617	0.047846	0.027170	0.002589
674.751676	0.048131	0.026721	0.002467
674.355278	0.048705	0.025567	0.002605
673.937396	0.046478	0.025460	0.002512
673.524709	0.051980	0.024972	0.002798
673.101536	0.045507	0.023840	0.002693
672.701631	0.045202	0.023302	0.002520
672.258388	0.050854	0.023369	0.002329
671.837956	0.047095	0.023211	0.003058
671.446392	0.046745	0.022397	0.002583
671.038263	0.049081	0.021708	0.002762
670.594010	0.046609	0.021143	0.002518
670.181590	0.054400	0.020886	0.002894
669.788718	0.048153	0.020863	0.002455
669.383936	0.049276	0.020056	0.002601
668.960540	0.045718	0.019756	0.002559
668.520303	0.049471	0.019705	0.002564
668.133839	0.047948	0.019164	0.002503
667.732106	0.047573	0.018692	0.002552
667.324955	0.047594	0.018344	0.003065
666.912609	0.048571	0.018091	0.002821
666.493165	0.050854	0.017961	0.002676
666.101143	0.047311	0.017652	0.002431
665.685237	0.047736	0.016781	0.002296
665.282028	0.049802	0.016893	0.002616
664.880656	0.048459	0.016441	0.002638
664.475853	0.046391	0.016018	0.002631
664.054784	0.048850	0.015672	0.002553
663.613166	0.046937	0.015783	0.002533
663.206854	0.049247	0.015978	0.002637
662.814609	0.048937	0.015287	0.002512
662.402358	0.049028	0.015048	0.002465
661.978643	0.048600	0.014806	0.002793
661.560272	0.048606	0.014563	0.002896
661.151410	0.047192	0.014329	0.002736
660.752142	0.047605	0.014416	0.002610
660.323826	0.047739	0.013400	0.002493
659.907420	0.048941	0.013610	0.002794
659.519457	0.047272	0.013469	0.002644
659.115993	0.049032	0.013351	0.002700
658.713495	0.047540	0.013228	0.002795
658.289758	0.051189	0.013548	0.003129
657.877773	0.047815	0.013023	0.002316
657.466541	0.048678	0.012528	0.002606
657.045833	0.049602	0.012553	0.002465
656.667942	0.050372	0.012074	0.002373
656.236810	0.048931	0.011867	0.002646
655.822105	0.048558	0.011929	0.002493
655.396594	0.047988	0.011476	0.002571
654.981229	0.051906	0.011645	0.002675
654.578710	0.051717	0.011270	0.002436
654.183023	0.044922	0.011521	0.002638
653.762101	0.049481	0.011586	0.002516
653.366871	0.051141	0.011245	0.002886
652.946130	0.047314	0.011519	0.002480
652.519673	0.047397	0.011164	0.002519
652.099676	0.047805	0.011060	0.002579
651.674335	0.046801	0.011344	0.002787
651.291429	0.051361	0.011107	0.002363
650.891099	0.048044	0.011578	0.002854
650.489302	0.048762	0.011636	0.003027
650.039800	0.049469	0.011512	0.002605
649.636006	0.047638	0.011534	0.002269
649.241189	0.049128	0.011980	0.002773
648.798253	0.051334	0.012361	0.002390
648.374931	0.049767	0.012869	0.002649
647.955826	0.047572	0.013522	0.002577
647.499896	0.047759	0.013711	0.002488
647.101127	0.048282	0.013906	0.002573
646.698565	0.048167	0.014590	0.002397
646.296652	0.046449	0.015063	0.002577
645.867379	0.046386	0.015476	0.002659
645.420746	0.048535	0.016278	0.002548
644.996711	0.048975	0.017450	0.002782
644.594701	0.047225	0.018448	0.002478
644.184075	0.048816	0.019158	0.002676
643.774108	0.047819	0.020002	0.002534
643.344070	0.051392	0.021862	0.002433
642.932477	0.048836	0.022047	0.002430
642.528587	0.049279	0.023161	0.002701
642.111936	0.047688	0.024236	0.002807
641.696518	0.048957	0.024656	0.002614
641.302201	0.046834	0.025760	0.002885
640.874161	0.051163	0.026230	0.002560
640.464406	0.049898	0.026547	0.002890
640.060303	0.051158	0.026267	0.002377
639.608506	0.047686	0.024965	0.002669
639.200132	0.048371	0.023667	0.002846
638.797771	0.045614	0.021814	0.002356
638.381036	0.047376	0.020020	0.002676
637.961251	0.049643	0.016675	0.002866
637.568931	0.050545	0.014326	0.002556
637.168047	0.047496	0.011856	0.002438
636.771828	0.045235	0.010162	0.002538
636.355932	0.048981	0.011041	0.003006
635.928125	0.047427	0.014300	0.002716
635.509933	0.046614	0.018771	0.002711
635.113162	0.048937	0.023087	0.002818
635.311314	0.048695	0.023193	0.002749
635.710721	0.046483	0.018814	0.002824
636.134639	0.049193	0.014203	0.002648
636.549674	0.048853	0.011480	0.002724
636.976089	0.048501	0.010105	0.002555
637.354023	0.046520	0.011392	0.002632
637.776635	0.046856	0.014187	0.002759
638.218105	0.050194	0.017408	0.002730
638.641577	0.049844	0.020042	0.002870
639.030698	0.049714	0.022328	0.002454
639.435194	0.048027	0.024372	0.002586
639.840795	0.049346	0.025144	0.002672
640.256946	0.047979	0.026312	0.002509
640.662122	0.048444	0.026197	0.002552
641.087570	0.047316	0.025983	0.002419
641.518872	0.047937	0.025254	0.002455
641.898623	0.046474	0.025127	0.002449
642.300739	0.048239	0.024421	0.002435
642.731201	0.048081	0.023152	0.002550
643.125667	0.051378	0.021715	0.002703
643.524288	0.047131	0.021398	0.002565
643.940874	0.050292	0.020528	0.002539
644.356898	0.049597	0.018761	0.002541
644.745679	0.052689	0.018568	0.002699
645.167833	0.050459	0.017493	0.002364
645.610823	0.046497	0.016051	0.002615
646.035240	0.047118	0.015874	0.002561
646.429865	0.049471	0.015233	0.002542
646.829728	0.047690	0.014492	0.002775
647.285488	0.048820	0.014001	0.002335
647.676926	0.050516	0.013718	0.002554
648.099887	0.047136	0.013287	0.002831
648.506062	0.048441	0.013184	0.002757
648.950443	0.048679	0.011804	0.002643
649.325295	0.051366	0.012637	0.002859
649.734136	0.052568	0.011617	0.002805
650.155769	0.048895	0.011441	0.002485
650.566725	0.050068	0.011505	0.002536
650.969881	0.050145	0.011576	0.002755
651.382717	0.046351	0.011097	0.002680
651.808282	0.048588	0.011033	0.002555
652.247159	0.048406	0.011581	0.002850
652.653832	0.047834	0.011314	0.002609
653.061590	0.049864	0.011526	0.002471
653.472662	0.048424	0.011531	0.002631
653.916033	0.047819	0.011570	0.002435
654.317022	0.048142	0.011688	0.002385
654.712816	0.047163	0.011396	0.002757
655.133365	0.048280	0.011987	0.002720
655.551758	0.048976	0.011731	0.002565
655.969523	0.047529	0.012076	0.002625
656.404522	0.048004	0.011543	0.002523
656.801251	0.047532	0.011637	0.002548
657.226953	0.046575	0.012594	0.002555
657.638312	0.048329	0.012470	0.002609
658.058808	0.049207	0.012643	0.002437
658.496909	0.049397	0.013224	0.002731
658.923547	0.045574	0.013026	0.002948
659.348494	0.047674	0.013092	0.002556
659.767726	0.047681	0.013497	0.002646
660.148284	0.050018	0.013801	0.002454
660.526759	0.048822	0.013597	0.002387
660.943812	0.046897	0.013644	0.002632
661.360760	0.049665	0.014383	0.002763
661.746683	0.046865	0.014461	0.002426
662.174637	0.049069	0.014910	0.002417
662.567796	0.049856	0.014860	0.002464
662.981938	0.049148	0.014727	0.002535
663.365343	0.047257	0.015218	0.002599
663.783619	0.048741	0.016155	0.002484
664.182408	0.048667	0.016066	0.002538
664.588518	0.050344	0.016018	0.002635
665.040846	0.045812	0.016265	0.002554
665.446966	0.049375	0.016936	0.002628
665.859717	0.046943	0.016722	0.002279
666.273413	0.048470	0.017342	0.002624
666.663671	0.046590	0.017368	0.002674
667.062375	0.046444	0.017877	0.002623
667.484613	0.047676	0.018299	0.002571
667.866435	0.049402	0.019047	0.002562
668.330089	0.047510	0.018877	0.002647
668.731290	0.046427	0.019602	0.002624
669.147036	0.051350	0.019386	0.002462
669.599459	0.050335	0.020084	0.002644
670.033183	0.047627	0.020839	0.002605
670.446879	0.048521	0.020999	0.002823
670.895190	0.047246	0.021173	0.002705
671.332760	0.050912	0.021681	0.002646
671.712882	0.045660	0.022886	0.002576
672.125674	0.049445	0.022995	0.002520
672.540528	0.044324	0.023504	0.002644
672.958442	0.049038	0.024153	0.002540
673.364106	0.049609	0.024135	0.002589
673.749306	0.047853	0.025238	0.002804
674.183412	0.048770	0.025412	0.002488
674.632350	0.046893	0.026000	0.002445
675.026655	0.046557	0.026757	0.002647
675.457223	0.047384	0.027196	0.002609
675.890192	0.046122	0.028132	0.002636
676.296706	0.046638	0.029174	0.002233
676.705503	0.047849	0.029812	0.002497
677.108989	0.048757	0.030873	0.002756
677.517436	0.047307	0.032087	0.002560
677.934531	0.049148	0.032274	0.002831
678.333129	0.046226	0.033338	0.002483
678.720263	0.044756	0.034783	0.002575
679.116035	0.047872	0.036087	0.002823
679.522697	0.049382	0.037863	0.002528
679.942066	0.047517	0.039202	0.002583
680.354381	0.048940	0.040315	0.002774
680.771157	0.048223	0.042352	0.002712
681.228457	0.051291	0.043995	0.002784
681.632484	0.049915	0.045873	0.002602
682.030338	0.045995	0.047954	0.002639
682.430052	0.049399	0.050546	0.002637
682.885184	0.047653	0.053175	0.002740
683.289752	0.049061	0.056588	0.002531
683.690486	0.047945	0.059422	0.002449
684.114243	0.049459	0.062498	0.002487
684.502163	0.047703	0.066410	0.002694
684.913723	0.051414	0.070894	0.002489
685.315752	0.048453	0.075510	0.002691
685.729235	0.047727	0.080057	0.002572
686.138490	0.046909	0.084183	0.003060
686.551176	0.049066	0.088597	0.002397
686.957083	0.048964	0.092302	0.002777
687.386727	0.047425	0.095394	0.002555
687.781149	0.048280	0.098503	0.002911
688.220237	0.048137	0.099411	0.002578
688.611993	0.049586	0.098977	0.002687
689.009167	0.048335	0.098514	0.002590
689.415435	0.047753	0.095558	0.002629
689.828111	0.048791	0.092190	0.002731
690.273978	0.047801	0.087917	0.002428
690.672820	0.047619	0.084640	0.002584
691.101262	0.049200	0.080216	0.002394
691.496396	0.049446	0.075350	0.002557
691.904864	0.049553	0.071865	0.002729
692.303770	0.049339	0.068291	0.002501
692.732552	0.048806	0.064271	0.002540
693.157999	0.047508	0.060854	0.002526
693.569335	0.047667	0.058584	0.002198
694.011409	0.046694	0.055384	0.002545
694.413088	0.049366	0.053656	0.002815
694.844484	0.047572	0.051513	0.002931
695.263343	0.051499	0.049109	0.002770
695.672810	0.047335	0.047722	0.002501
696.069622	0.050075	0.046594	0.002758
696.469378	0.048061	0.045132	0.002447
696.870111	0.047766	0.044306	0.002753
697.257276	0.048115	0.043110	0.002824
697.659518	0.047017	0.042308	0.002853
698.059752	0.044783	0.042071	0.002344
698.451624	0.047534	0.040514	0.002470
698.858126	0.047422	0.039361	0.002731
699.260984	0.048630	0.039367	0.002567
699.705725	0.048127	0.038378	0.002515
700.110931	0.047603	0.037920	0.002508
700.540659	0.046945	0.037299	0.002675
701.015584	0.049799	0.037149	0.002637
701.442975	0.047651	0.036486	0.002634
701.864139	0.051706	0.035458	0.002698
702.269759	0.047804	0.035644	0.002282
702.684347	0.050749	0.035107	0.002544
703.103939	0.048492	0.034877	0.002539
703.527770	0.050441	0.034688	0.002704
703.899667	0.049376	0.033794	0.002578
704.319036	0.048898	0.033876	0.002785
704.742644	0.051217	0.033896	0.002652
705.154236	0.047363	0.033802	0.002627
705.579480	0.048642	0.032700	0.002615
705.964477	0.049324	0.033578	0.002689
706.359441	0.048521	0.033626	0.002623
706.784303	0.050164	0.033141	0.002755
707.190295	0.048011	0.032255	0.002691
707.626993	0.052748	0.032264	0.002598
708.005573	0.047825	0.031971	0.002520
708.380105	0.046384	0.032333	0.002745
708.771977	0.046539	0.031941	0.002659
709.206932	0.044112	0.031990	0.002558
709.610119	0.049331	0.032189	0.002686
710.035661	0.050120	0.031815	0.002541
710.439836	0.049277	0.032103	0.002479
710.883748	0.046419	0.032148	0.002499
711.267184	0.047648	0.031477	0.002326
711.677128	0.047548	0.031487	0.002631
712.084629	0.048167	0.031524	0.002358
712.522920	0.047824	0.031194	0.002626
712.939579	0.047423	0.031952	0.002515
713.359915	0.048962	0.031351	0.002408
713.794987	0.048642	0.030773	0.002648
714.230728	0.047745	0.030895	0.002491
714.699395	0.046714	0.031007	0.003053
715.215151	0.046021	0.031024	0.002633
715.722301	0.049125	0.031417	0.002634
716.220962	0.047577	0.030162	0.002578
716.692265	0.043407	0.031025	0.002524
717.098947	0.049027	0.030949	0.002503
717.515840	0.048050	0.030297	0.002812
717.935931	0.051025	0.031079	0.002476
718.316785	0.048364	0.030855	0.002613
718.744473	0.046596	0.030792	0.002433
719.147065	0.048055	0.030134	0.002558
719.539255	0.051796	0.030357	0.002662
719.949306	0.048839	0.030885	0.002690
720.344365	0.046775	0.030695	0.002457
720.756849	0.046914	0.030795	0.002783
721.178140	0.046371	0.029861	0.002551
721.590273	0.051777	0.029541	0.002612
721.982804	0.048669	0.029968	0.002658
722.422072	0.050119	0.030106	0.002320
722.831783	0.046961	0.029804	0.002604
723.263370	0.049052	0.030544	0.002765
723.668373	0.050012	0.030133	0.002720
724.083641	0.047811	0.030177	0.002400
724.485075	0.050051	0.029706	0.002574
724.917554	0.048228	0.029706	0.002245
725.288070	0.045801	0.029411	0.002547
725.701340	0.045755	0.030011	0.002643
726.125022	0.049791	0.029695	0.002598
726.516490	0.049222	0.030122	0.002780
726.928729	0.046532	0.029820	0.002510
727.336793	0.047679	0.029249	0.002443
727.724850	0.048293	0.029531	0.002615
728.152612	0.045012	0.029504	0.002508
728.573797	0.049023	0.029864	0.002888
728.968888	0.048039	0.029762	0.002487
729.352313	0.048567	0.030570	0.002368
729.756308	0.048836	0.029853	0.002534
730.169206	0.050042	0.029873	0.002585
730.555010	0.050971	0.029968	0.002632
730.955233	0.048669	0.029979	0.002384
731.333941	0.050155	0.029764	0.002520
731.773857	0.047653	0.029053	0.002647
732.185831	0.047625	0.029892	0.002543
732.587658	0.047013	0.029615	0.002845
732.990611	0.048706	0.029034	0.002565
733.387561	0.049507	0.028651	0.002527
733.785170	0.047291	0.029149	0.002627
734.227413	0.049999	0.029204	0.002394
734.631004	0.048033	0.029007	0.002684
735.025553	0.048717	0.028864	0.002604
735.422599	0.046215	0.029530	0.002292
735.819932	0.050247	0.028727	0.002423
736.221599	0.048313	0.029117	0.002225
736.635209	0.047889	0.028881	0.002554
737.014065	0.047101	0.029966	0.002614
737.419802	0.046445	0.029257	0.002799
737.844886	0.045514	0.029243	0.002709
738.228864	0.049707	0.029608	0.002521
738.630053	0.047020	0.028959	0.002652
739.027949	0.045532	0.028706	0.002592
739.432230	0.045532	0.027488	0.002453
739.846913	0.051277	0.029136	0.002435
740.262935	0.048505	0.029101	0.002338
740.650907	0.048969	0.028888	0.002509
741.066461	0.045845	0.028364	0.002642
741.457482	0.048611	0.027941	0.002591
741.873812	0.046422	0.028266	0.002451
742.297398	0.049179	0.028092	0.002727
742.711444	0.049968	0.028215	0.002701
743.136294	0.047294	0.027694	0.002537
743.580726	0.048821	0.028224	0.002785
743.990862	0.048638	0.028127	0.002512
744.430874	0.048334	0.027973	0.002677
744.871864	0.047974	0.027988	0.002687
745.256627	0.047630	0.028298	0.002428
745.660005	0.045536	0.028449	0.002636
746.049614	0.049748	0.027411	0.002657
746.493727	0.046302	0.028248	0.002518
746.903310	0.047500	0.029143	0.002450
747.304255	0.049104	0.027780	0.002505
747.769235	0.050343	0.028471	0.002666
748.192588	0.048483	0.028020	0.002373
748.593681	0.046804	0.028348	0.002629
748.986520	0.048109	0.027734	0.002770
749.418871	0.048570	0.027963	0.002801
749.822717	0.048027	0.028115	0.002556
750.234563	0.048255	0.028312	0.002614
750.657607	0.046081	0.027728	0.002645
751.051561	0.046461	0.027878	0.002527
751.457054	0.047487	0.027296	0.002663
751.889161	0.048625	0.027837	0.002660
752.271014	0.044871	0.026854	0.002702
752.664309	0.045632	0.027524	0.002633
753.079087	0.048605	0.027715	0.002925
753.476611	0.048523	0.027098	0.002372
753.867718	0.048260	0.027355	0.002492
754.259292	0.049210	0.027465	0.002335
754.691197	0.049163	0.027254	0.002533
755.066855	0.048131	0.027378	0.002528
755.493183	0.047775	0.026971	0.002637
755.900800	0.047458	0.028235	0.002863
756.283906	0.047127	0.027239	0.002526
756.668988	0.048905	0.027153	0.002802
757.040822	0.047996	0.026254	0.002696
757.426828	0.047453	0.027263	0.002527
757.815034	0.049425	0.027225	0.002511
758.221876	0.048427	0.027135	0.002390
758.621132	0.047627	0.026558	0.002537
759.040277	0.047158	0.026037	0.002416
759.478409	0.044598	0.025736	0.002697
759.887088	0.048882	0.026439	0.002892
760.293781	0.048151	0.026152	0.002936
760.702812	0.048284	0.026180	0.002924
761.097116	0.046583	0.025742	0.002876
761.493195	0.045471	0.026978	0.002307
761.931550	0.048217	0.025736	0.002560
762.312977	0.045476	0.025716	0.002848
762.728053	0.047341	0.025369	0.002381
763.104838	0.049983	0.025571	0.002596
763.491195	0.048542	0.025802	0.002528
763.904635	0.049359	0.025791	0.002526
764.319381	0.046699	0.025234	0.002774
764.694816	0.050968	0.025122	0.002758
765.101435	0.049215	0.025502	0.002650
765.487792	0.048120	0.025780	0.002600
765.863079	0.049512	0.025443	0.002677
766.254079	0.048112	0.025724	0.002568
766.687557	0.047952	0.025709	0.002510
767.114819	0.049846	0.025874	0.002556
767.538023	0.046726	0.024658	0.002512
767.957455	0.046766	0.025541	0.002492
768.362129	0.049405	0.024942	0.002624
768.781307	0.051021	0.024298	0.002592
769.222955	0.049315	0.024652	0.002623
769.639922	0.047372	0.024089	0.002563
770.032325	0.050768	0.024931	0.002552
770.460947	0.048238	0.025186	0.002740
770.865165	0.049477	0.024372	0.002607
771.285787	0.048221	0.025150	0.002717
771.707482	0.048812	0.024470	0.002806
772.131493	0.049483	0.023121	0.002514
772.526680	0.051014	0.025177	0.002481
772.933681	0.049225	0.023609	0.002473
773.334445	0.048269	0.024174	0.002561
773.738822	0.049289	0.024248	0.002286
774.173108	0.049745	0.023524	0.002533
774.581107	0.048933	0.023624	0.002875
774.977420	0.046927	0.024125	0.003005
775.356797	0.049295	0.024027	0.002485
775.766327	0.049875	0.023030	0.002519
776.145810	0.047579	0.024738	0.002523
776.561598	0.047639	0.023401	0.002762
776.972498	0.050521	0.022997	0.002793
777.384270	0.049214	0.022781	0.002749
777.805530	0.049863	0.022907	0.002817
778.246020	0.050402	0.024302	0.002683
778.636362	0.048633	0.023053	0.002753
779.058322	0.046996	0.024405	0.002780
779.472336	0.043649	0.022303	0.002735
779.876681	0.047568	0.022908	0.002631
780.279645	0.048776	0.022638	0.002655
780.683873	0.049721	0.021899	0.002477
781.103592	0.049640	0.021493	0.002642
781.505738	0.047163	0.022772	0.002803
781.912314	0.048889	0.022312	0.002718
782.302177	0.046922	0.022943	0.002495
782.708244	0.047551	0.021702	0.002510
783.152899	0.046709	0.021523	0.002743
783.547554	0.047207	0.022278	0.002988
783.955374	0.049149	0.022371	0.002455
784.350688	0.049067	0.022219	0.002615
784.781807	0.048089	0.021346	0.002450
785.191348	0.050215	0.022078	0.002844
785.613595	0.047488	0.021515	0.002733
785.981211	0.048134	0.021307	0.002556
786.386544	0.045868	0.021503	0.002557
786.791080	0.048668	0.022627	0.002691
787.193375	0.050079	0.021461	0.002693
787.608047	0.047460	0.021341	0.002413
788.005327	0.047187	0.020686	0.002599
788.430241	0.049649	0.022589	0.002264
788.856197	0.049601	0.020053	0.002497
789.265993	0.047900	0.021293	0.002669
789.674343	0.047639	0.019998	0.002738
790.054974	0.047539	0.020280	0.002814
790.447855	0.045702	0.021071	0.002605
790.877604	0.047706	0.020660	0.002608
791.297822	0.050730	0.020388	0.002295
791.708681	0.049410	0.021633	0.002476
792.121791	0.046464	0.020316	0.002658
792.531002	0.045668	0.019974	0.002544
792.936325	0.049459	0.018903	0.002897
793.342668	0.049499	0.019579	0.002754
793.744335	0.049898	0.019410	0.002417
794.168389	0.047559	0.019143	0.002721
794.574945	0.046670	0.020185	0.002637
794.983115	0.048047	0.018899	0.002987
795.386801	0.049787	0.019404	0.002562
795.810377	0.047261	0.019020	0.002390
796.226080	0.047749	0.020493	0.002330
796.617017	0.048226	0.020174	0.002608
797.007582	0.048653	0.020000	0.002492
797.437554	0.048958	0.018623	0.002529
797.842112	0.046102	0.019589	0.002674
798.237298	0.050631	0.019759	0.002531
798.637086	0.049302	0.018722	0.002843
799.029021	0.047447	0.019653	0.002576
799.441590	0.050119	0.017207	0.002407
