800.323209	0.043651	0.023344	0.002709
800.720552	0.044355	0.022665	0.002492
801.130890	0.043585	0.022801	0.002487
801.506654	0.048266	0.022035	0.002872
801.888422	0.045919	0.022065	0.002314
802.272294	0.044834	0.021999	0.002655
802.657259	0.044461	0.021405	0.002676
803.030060	0.047505	0.021866	0.002790
803.402435	0.043187	0.020936	0.002396
803.770083	0.045809	0.021429	0.002516
804.175979	0.046262	0.020611	0.002723
804.548249	0.044837	0.021441	0.002565
804.923089	0.049631	0.020610	0.002828
805.309925	0.044433	0.020233	0.002464
805.682460	0.050957	0.020136	0.002656
806.069954	0.045869	0.020245	0.002801
806.461338	0.042598	0.019809	0.002554
806.838505	0.041824	0.020215	0.002590
807.224693	0.045102	0.020387	0.002515
807.591299	0.043011	0.020001	0.002846
807.955111	0.044096	0.019847	0.002365
808.309148	0.048977	0.018906	0.002778
808.701052	0.045740	0.019060	0.002653
809.088440	0.045262	0.019363	0.002537
809.454409	0.047351	0.018998	0.002782
809.828942	0.045199	0.018835	0.002661
810.191532	0.051944	0.018790	0.002764
810.545622	0.049952	0.018925	0.002557
810.936581	0.048585	0.018838	0.002567
811.306183	0.045594	0.018859	0.002915
811.620920	0.051512	0.018090	0.002655
812.012239	0.049649	0.018365	0.002629
812.388440	0.043271	0.018007	0.002825
812.761378	0.044674	0.018009	0.002373
813.166383	0.046910	0.017914	0.002678
813.549309	0.049719	0.018480	0.002602
813.917828	0.046099	0.017936	0.002836
814.318593	0.045660	0.017879	0.002604
814.711357	0.053188	0.018191	0.002588
815.082203	0.047751	0.017936	0.002648
815.478835	0.050491	0.017058	0.002312
815.851168	0.046109	0.017333	0.002644
816.212749	0.052734	0.017815	0.002483
816.597067	0.044458	0.017383	0.002552
816.970813	0.047220	0.017521	0.002524
817.359615	0.042897	0.017807	0.002938
817.745420	0.043730	0.017375	0.002677
818.128580	0.051929	0.017913	0.002489
818.523650	0.044730	0.017177	0.002531
818.906969	0.052321	0.017096	0.002800
819.298480	0.045022	0.017179	0.002540
819.688631	0.048142	0.017390	0.002678
820.067254	0.050946	0.017135	0.002679
820.462357	0.046488	0.017218	0.002673
820.838706	0.046712	0.017023	0.002585
821.225712	0.044287	0.017129	0.002702
821.593009	0.053671	0.017030	0.002703
821.980663	0.042755	0.017228	0.002444
822.347599	0.048288	0.017207	0.002589
822.719370	0.042683	0.017444	0.002632
823.102476	0.042491	0.017822	0.002417
823.505048	0.048204	0.016993	0.002326
823.880994	0.045130	0.017201	0.002680
824.257046	0.050018	0.017043	0.002583
824.646931	0.042209	0.017520	0.002382
825.050023	0.050082	0.017362	0.002622
825.435860	0.042981	0.018324	0.002453
825.833375	0.048143	0.017807	0.002573
826.213528	0.049040	0.018855	0.002508
826.596773	0.044232	0.017840	0.002759
826.999312	0.042804	0.017849	0.002526
827.374132	0.042159	0.017827	0.002651
827.762711	0.048919	0.017767	0.002584
828.149356	0.049452	0.017768	0.002972
828.548825	0.050872	0.018499	0.002469
828.917684	0.045592	0.018561	0.002605
829.285087	0.048168	0.018530	0.003090
829.655147	0.049604	0.018896	0.002616
830.035587	0.046037	0.018744	0.002665
830.413584	0.048265	0.019184	0.002235
830.798508	0.048047	0.019958	0.002788
831.182146	0.044261	0.020433	0.002760
831.577843	0.051678	0.020531	0.002745
831.970672	0.043872	0.021390	0.002490
832.343505	0.047261	0.021661	0.002261
832.709166	0.047719	0.022949	0.002482
833.084804	0.044179	0.024241	0.002533
833.502675	0.050696	0.026000	0.002685
833.875976	0.046613	0.027687	0.002532
834.256373	0.043328	0.028607	0.002616
834.625201	0.046503	0.031671	0.002508
834.985582	0.045313	0.033850	0.002631
835.364173	0.049119	0.035355	0.002690
835.732533	0.041454	0.037571	0.002435
836.122143	0.045851	0.040062	0.002486
836.520401	0.045579	0.042237	0.002567
836.921347	0.049337	0.044552	0.002743
837.308895	0.053322	0.046676	0.002779
837.678541	0.052763	0.048481	0.002635
838.037540	0.044867	0.048975	0.002669
838.419712	0.046290	0.049893	0.002869
838.793480	0.046257	0.050026	0.002755
839.171371	0.044061	0.049354	0.003070
839.543832	0.041296	0.047176	0.002596
839.920820	0.045367	0.044564	0.002605
840.295544	0.050081	0.041027	0.002590
840.660748	0.045014	0.036359	0.002641
841.034453	0.044396	0.031988	0.002689
841.416073	0.046413	0.026267	0.002593
841.803663	0.047286	0.020318	0.002725
842.197427	0.043714	0.015228	0.002587
842.571907	0.044975	0.009838	0.002423
842.986262	0.044693	0.006848	0.002324
843.371367	0.043009	0.007857	0.002676
843.746081	0.051322	0.011153	0.002374
844.132004	0.045082	0.014780	0.002651
844.537540	0.046749	0.018963	0.002857
844.964357	0.043411	0.021777	0.002722
845.411808	0.043896	0.023752	0.002826
845.884110	0.040824	0.024572	0.002498
846.326430	0.043098	0.025678	0.002668
846.780011	0.044788	0.026107	0.002280
847.210537	0.047971	0.025778	0.002673
847.583540	0.046599	0.025783	0.002498
847.957202	0.045390	0.024439	0.002641
848.333159	0.043245	0.023643	0.002524
848.710657	0.050957	0.022952	0.002891
849.070953	0.052973	0.021808	0.002573
849.455973	0.048953	0.021642	0.002816
849.854146	0.043674	0.020371	0.002631
850.239198	0.044639	0.019908	0.002715
850.627724	0.050994	0.018429	0.002586
851.001227	0.048379	0.018513	0.002598
851.404723	0.045899	0.017210	0.002714
851.781307	0.044086	0.016832	0.002547
852.148520	0.048452	0.015371	0.002601
852.512790	0.045623	0.015388	0.002568
852.908456	0.044779	0.014868	0.002761
853.288791	0.045301	0.014100	0.002931
853.701690	0.050374	0.013421	0.002781
854.096751	0.047112	0.012937	0.002430
854.471380	0.049779	0.012433	0.002755
854.822358	0.043450	0.012267	0.002438
855.204669	0.046408	0.011668	0.002800
855.579330	0.045611	0.011430	0.003003
855.991804	0.043224	0.011558	0.002563
856.351548	0.048155	0.011142	0.002515
856.730332	0.049140	0.010278	0.002752
857.114757	0.045602	0.010176	0.003003
857.492329	0.046979	0.009487	0.002621
857.861221	0.044836	0.009120	0.002665
858.261466	0.043506	0.009540	0.002612
858.637541	0.050040	0.009001	0.002953
859.013944	0.052050	0.008245	0.002528
859.399740	0.044077	0.008692	0.002609
859.796851	0.044978	0.008794	0.002597
860.195747	0.049284	0.007938	0.002525
860.587801	0.048539	0.007847	0.002705
860.958351	0.046938	0.007561	0.002694
861.338292	0.045137	0.007805	0.002595
861.700129	0.043232	0.007570	0.003062
862.084799	0.046910	0.007340	0.002641
862.469894	0.044050	0.007781	0.002464
862.858229	0.044431	0.007207	0.002684
863.226547	0.045651	0.007211	0.002616
863.680916	0.049280	0.007483	0.002745
864.136421	0.048153	0.006481	0.002596
864.594954	0.046692	0.006759	0.002413
865.035223	0.041707	0.006275	0.002902
865.409449	0.052503	0.006785	0.002780
865.799240	0.045646	0.006525	0.002466
866.234165	0.045790	0.006693	0.002808
866.702664	0.049843	0.006380	0.002399
867.156108	0.050577	0.006448	0.002497
867.624417	0.041256	0.006207	0.002758
868.095562	0.042438	0.006113	0.002683
868.530051	0.041308	0.006482	0.002945
868.907294	0.043907	0.005939	0.002633
869.289584	0.049291	0.006018	0.002124
869.723128	0.043996	0.006359	0.002661
870.161167	0.043047	0.006457	0.002621
870.603232	0.043152	0.006136	0.002408
871.070785	0.047924	0.006038	0.002870
871.535619	0.045551	0.005525	0.002933
872.037375	0.048965	0.006304	0.002459
872.393666	0.045540	0.006372	0.002757
872.771844	0.045206	0.006362	0.002537
873.181387	0.047057	0.006262	0.002758
873.631973	0.047637	0.005683	0.002555
874.056975	0.050100	0.005850	0.002276
874.496342	0.046789	0.006327	0.002599
874.916360	0.044693	0.006398	0.002504
875.345325	0.043653	0.006478	0.002453
875.726001	0.050478	0.006403	0.002658
876.146466	0.042084	0.006416	0.002424
876.579670	0.047095	0.006210	0.002559
877.054555	0.052530	0.006297	0.002895
877.481905	0.042312	0.006419	0.002662
877.988909	0.052071	0.006425	0.002697
878.443597	0.045088	0.006283	0.002592
878.914413	0.043952	0.006326	0.002893
879.296119	0.048755	0.006775	0.002424
879.699872	0.043441	0.006634	0.002206
880.117064	0.051243	0.007393	0.002537
880.577596	0.051365	0.006718	0.002714
881.037617	0.044386	0.006805	0.002562
881.480023	0.049580	0.006955	0.002612
881.960677	0.049608	0.006814	0.002854
882.391151	0.052224	0.007060	0.002651
882.766653	0.044490	0.007179	0.002601
883.199719	0.044433	0.007332	0.002349
883.655969	0.046671	0.007136	0.002633
884.094645	0.041761	0.007246	0.002573
884.539250	0.043960	0.006688	0.002581
884.909205	0.047139	0.007330	0.002750
885.345576	0.049350	0.006526	0.002837
885.744803	0.042477	0.006945	0.002577
886.118583	0.043615	0.007036	0.002843
886.498483	0.043194	0.007194	0.002534
886.921605	0.045854	0.007160	0.002556
887.387587	0.041485	0.007350	0.002637
887.819623	0.050410	0.006835	0.002638
888.309596	0.041177	0.006848	0.002648
888.759620	0.046004	0.007069	0.002354
889.224370	0.045512	0.006866	0.002493
889.610762	0.050285	0.007567	0.002606
890.070964	0.042701	0.007161	0.002438
890.506060	0.040544	0.007648	0.002658
890.935408	0.045330	0.006879	0.002498
891.384922	0.043709	0.007415	0.002641
891.797834	0.045430	0.007150	0.002599
892.207431	0.045236	0.007484	0.002576
892.578948	0.049368	0.007431	0.002451
892.962737	0.050331	0.007531	0.002504
893.349331	0.044307	0.007485	0.002491
893.771242	0.043858	0.007537	0.002782
894.212076	0.042452	0.007872	0.002647
894.640574	0.046876	0.007335	0.002395
895.020697	0.045035	0.006832	0.002555
895.416546	0.051527	0.007936	0.002500
895.798061	0.045608	0.007387	0.002589
896.183200	0.046800	0.007651	0.002326
896.554080	0.046801	0.007333	0.002463
896.953413	0.050319	0.008438	0.002593
897.315145	0.041455	0.007992	0.002997
897.709124	0.042567	0.008019	0.002619
898.043295	0.042048	0.008802	0.002519
898.419318	0.048425	0.009063	0.002822
898.797858	0.048936	0.009841	0.002441
899.165498	0.049544	0.010320	0.002578
899.548363	0.052136	0.011026	0.002930
899.950002	0.045885	0.011676	0.002503
900.321020	0.042637	0.012768	0.002505
900.700283	0.044106	0.013271	0.002648
901.098512	0.048128	0.013904	0.002441
901.489739	0.045406	0.014868	0.002589
901.864051	0.045532	0.015564	0.002595
902.258253	0.042058	0.015416	0.002607
902.634785	0.049219	0.015753	0.002760
903.026150	0.049720	0.015217	0.002591
903.411449	0.044477	0.014480	0.002716
903.792476	0.052655	0.013233	0.002909
904.184414	0.051667	0.011341	0.002584
904.591069	0.050720	0.009125	0.002540
904.968930	0.049778	0.008166	0.002550
905.365267	0.048551	0.009853	0.002581
905.749460	0.047951	0.012456	0.002321
906.132931	0.043170	0.017164	0.002479
906.505862	0.049456	0.022337	0.003020
906.899703	0.047167	0.027560	0.002664
907.268884	0.046091	0.033592	0.002539
907.664531	0.046164	0.039537	0.002888
908.093912	0.049558	0.046731	0.002493
908.491322	0.044095	0.052865	0.002683
908.870554	0.042572	0.058306	0.002329
909.258700	0.045103	0.063126	0.002820
909.679804	0.046027	0.067772	0.002824
910.143461	0.051780	0.071950	0.002700
910.580247	0.044667	0.074024	0.002758
911.031675	0.051885	0.074725	0.002511
911.503534	0.049358	0.075241	0.002689
911.988812	0.043956	0.072815	0.002525
912.459003	0.049598	0.070979	0.002674
912.838628	0.045980	0.068406	0.002746
913.229154	0.040964	0.065499	0.002365
913.604869	0.049821	0.062998	0.002845
914.003067	0.045418	0.060461	0.002561
914.408266	0.048832	0.057526	0.002587
914.766917	0.049335	0.055277	0.002788
915.146394	0.045649	0.053159	0.002711
915.530056	0.048994	0.050757	0.002906
915.919403	0.042955	0.049238	0.002665
916.284791	0.047950	0.047785	0.002640
916.673118	0.052005	0.045449	0.002498
917.075512	0.042795	0.043963	0.002422
917.453193	0.043205	0.042147	0.002992
917.838620	0.043334	0.040953	0.002528
918.197293	0.042841	0.040011	0.002495
918.558123	0.053930	0.038786	0.002811
918.917465	0.051937	0.037633	0.002880
919.283725	0.045006	0.037376	0.002511
919.626864	0.045899	0.036294	0.002711
920.009964	0.045557	0.034996	0.002525
920.415896	0.051173	0.035046	0.002481
920.780615	0.048989	0.033644	0.002684
921.154471	0.048871	0.032876	0.002607
921.520093	0.046528	0.032316	0.002725
921.911969	0.042937	0.031704	0.002767
922.297704	0.047365	0.031113	0.002602
922.695902	0.043966	0.030727	0.002399
923.095226	0.048052	0.030021	0.002499
923.508946	0.044067	0.029898	0.002944
923.930848	0.049624	0.029158	0.002816
924.308232	0.049564	0.028950	0.002382
924.691683	0.048229	0.028021	0.002596
925.076429	0.043512	0.028014	0.002697
925.495718	0.041817	0.027761	0.002641
925.897921	0.052887	0.027201	0.002609
926.279576	0.045032	0.026719	0.002465
926.677466	0.043742	0.026854	0.002758
927.054648	0.046213	0.026460	0.002672
927.441031	0.043924	0.026286	0.002880
927.840855	0.045871	0.026027	0.002928
928.217091	0.043833	0.025446	0.002827
928.633851	0.044850	0.025889	0.002539
928.993587	0.051266	0.025020	0.002556
929.384922	0.049908	0.024891	0.002918
929.762497	0.045856	0.024541	0.002677
930.231095	0.049528	0.025169	0.002721
930.619062	0.052131	0.024812	0.002639
931.007347	0.049027	0.024563	0.002481
931.370557	0.043183	0.024670	0.002792
931.761382	0.043704	0.024650	0.003135
932.137927	0.044286	0.024101	0.002726
932.529463	0.042918	0.024530	0.002630
932.890634	0.042343	0.024316	0.002817
933.249499	0.042300	0.024229	0.002773
933.648388	0.047248	0.024104	0.002948
934.025921	0.050448	0.024265	0.002631
934.412018	0.045482	0.024081	0.002735
934.805276	0.049806	0.024634	0.002578
935.182915	0.053575	0.023680	0.002503
935.551035	0.051672	0.023618	0.002506
935.938725	0.049416	0.024602	0.002712
936.310245	0.046775	0.024143	0.002487
936.702971	0.046516	0.024601	0.002576
937.141608	0.051549	0.024843	0.002797
937.537225	0.048318	0.024186	0.002579
937.898736	0.044372	0.025032	0.002954
938.282272	0.046699	0.024541	0.002745
938.656926	0.050216	0.024890	0.002467
939.026597	0.046307	0.024936	0.002531
939.415159	0.041762	0.025160	0.002830
939.785680	0.046475	0.025192	0.002578
940.176314	0.051337	0.025926	0.002748
940.572409	0.043595	0.025677	0.002573
940.953268	0.042467	0.026232	0.002559
941.321579	0.047200	0.026514	0.002639
941.706815	0.046938	0.026160	0.002534
942.099946	0.045733	0.027068	0.002728
942.497433	0.046121	0.027228	0.002575
942.881023	0.045460	0.027561	0.002877
943.282165	0.040951	0.027939	0.002701
943.646683	0.044572	0.028962	0.002728
944.034884	0.051650	0.029246	0.002618
944.425358	0.049733	0.029602	0.002704
944.786763	0.044453	0.030438	0.002732
945.166677	0.041268	0.030812	0.002582
945.548694	0.042779	0.032256	0.002863
945.910599	0.045326	0.032702	0.002615
946.301010	0.048532	0.033417	0.002641
946.683941	0.045056	0.034619	0.002641
947.036028	0.050273	0.035020	0.002434
947.448199	0.045415	0.036506	0.002502
947.831906	0.049649	0.037606	0.002491
948.204053	0.045166	0.039058	0.002557
948.589630	0.046962	0.040283	0.002659
948.971871	0.044111	0.041842	0.002694
949.383001	0.043790	0.043172	0.002528
949.792622	0.045181	0.044608	0.002861
950.177795	0.048644	0.046064	0.002836
950.585769	0.045328	0.047844	0.002591
950.949406	0.043026	0.048915	0.002704
951.320745	0.049331	0.049640	0.002630
951.693881	0.049643	0.050447	0.002411
952.036820	0.050283	0.050234	0.002806
952.437591	0.046610	0.049509	0.002697
952.806901	0.050107	0.047790	0.002768
953.169125	0.044863	0.046385	0.002473
953.549103	0.051374	0.043340	0.002634
953.982057	0.049552	0.038775	0.002783
954.360334	0.044061	0.034844	0.002699
954.728168	0.048148	0.030436	0.002765
955.102398	0.050713	0.025632	0.002747
955.476851	0.045525	0.021300	0.002956
955.863958	0.047284	0.016986	0.002794
956.239740	0.044228	0.013694	0.002733
956.623532	0.049461	0.010897	0.002395
957.003287	0.049882	0.010022	0.002529
957.371270	0.046927	0.011080	0.002375
957.734120	0.045333	0.012780	0.002842
958.114449	0.042643	0.015679	0.002651
958.503214	0.045010	0.017870	0.002823
958.912251	0.045535	0.020514	0.002544
959.274731	0.049366	0.021913	0.002721
959.633289	0.047064	0.023299	0.002522
960.019493	0.047981	0.024275	0.002735
960.409565	0.048746	0.025202	0.002495
960.800551	0.049224	0.024992	0.002869
961.184864	0.049321	0.024706	0.002927
961.564450	0.048294	0.024638	0.002537
961.956285	0.048473	0.023837	0.002692
962.315365	0.048683	0.022887	0.002609
962.709506	0.043611	0.021605	0.002571
963.088953	0.044260	0.021128	0.002686
963.471078	0.047571	0.020419	0.002681
963.853702	0.047865	0.019606	0.002385
964.240226	0.046444	0.019039	0.002822
964.613149	0.046351	0.017325	0.002852
964.993117	0.046179	0.017307	0.002645
964.703206	0.048900	0.017518	0.002879
964.323674	0.044188	0.017545	0.002587
963.947361	0.049347	0.018766	0.002502
963.549309	0.050350	0.019952	0.002933
963.180572	0.042651	0.020621	0.002766
962.814544	0.049885	0.021472	0.002425
962.482898	0.046145	0.022057	0.002576
962.099052	0.049065	0.023168	0.002488
961.721443	0.042982	0.023901	0.002697
961.348785	0.048187	0.024775	0.002497
960.985414	0.043687	0.025187	0.002601
960.591676	0.047126	0.025252	0.002719
960.191999	0.044887	0.025213	0.002621
959.781379	0.044963	0.024597	0.002758
959.403207	0.047397	0.023658	0.002871
959.018384	0.047060	0.022216	0.002568
958.635654	0.045481	0.020470	0.002393
958.252467	0.045906	0.017571	0.002683
957.889807	0.043703	0.015577	0.002682
957.520209	0.051802	0.012816	0.002815
957.142558	0.044849	0.011107	0.002693
956.766118	0.052221	0.010055	0.002573
956.356103	0.047728	0.011293	0.002725
955.975499	0.047746	0.013758	0.002597
955.614667	0.051453	0.017582	0.002516
955.254833	0.052630	0.021375	0.002564
954.883982	0.049616	0.025597	0.002421
954.472799	0.047232	0.030718	0.002697
954.096157	0.050008	0.034678	0.002416
953.697883	0.042817	0.038933	0.002597
953.322517	0.044013	0.043149	0.002751
952.938692	0.050683	0.045888	0.002337
952.548154	0.051082	0.047665	0.002930
952.153343	0.043953	0.049046	0.002734
951.786509	0.047775	0.050265	0.002672
951.419281	0.044523	0.049667	0.002688
951.026341	0.045543	0.049863	0.002755
950.625432	0.045868	0.048887	0.002716
950.260563	0.051022	0.047545	0.003001
949.876154	0.043147	0.046353	0.002575
949.478454	0.046099	0.044585	0.002447
949.086173	0.044687	0.043123	0.002488
948.686550	0.044521	0.041487	0.002874
948.315646	0.043801	0.040187	0.002804
947.932226	0.049338	0.038273	0.002597
947.539754	0.043057	0.037247	0.002684
947.171836	0.049993	0.036056	0.002641
946.804852	0.043463	0.035074	0.002672
946.416354	0.045940	0.034274	0.002329
946.030129	0.043262	0.033486	0.002692
945.633513	0.051471	0.032534	0.002647
945.243888	0.049526	0.031837	0.002864
944.834193	0.044049	0.031349	0.002767
944.447203	0.042518	0.029937	0.002530
944.076119	0.051016	0.029708	0.002526
943.696875	0.044040	0.029302	0.002582
943.301948	0.041556	0.028304	0.002590
942.924372	0.047605	0.028013	0.002779
942.551397	0.047732	0.027861	0.002679
942.154165	0.043524	0.027041	0.002729
941.774984	0.044612	0.026902	0.002603
941.395166	0.045046	0.027259	0.002483
941.016273	0.051123	0.026361	0.002477
940.638049	0.044007	0.025799	0.002646
940.243420	0.043761	0.025890	0.002891
939.820657	0.048784	0.024791	0.002594
939.440882	0.044009	0.025505	0.002961
939.026363	0.051253	0.024879	0.002841
938.641711	0.048803	0.024561	0.002827
938.273018	0.045471	0.024701	0.002700
937.899171	0.043394	0.024862	0.002422
937.541453	0.049413	0.025010	0.002639
937.183842	0.047641	0.024451	0.002607
936.809326	0.052206	0.024599	0.002806
936.433982	0.047276	0.024421	0.002369
936.046663	0.044239	0.024516	0.002675
935.606943	0.043866	0.024525	0.002740
935.238398	0.047834	0.023887	0.002619
934.869460	0.053220	0.024490	0.002599
934.474800	0.043859	0.023656	0.002768
934.095705	0.043401	0.024042	0.002822
933.703106	0.045241	0.023519	0.002873
933.339290	0.042732	0.024466	0.002704
932.944746	0.050481	0.024337	0.002697
932.549034	0.043698	0.024590	0.002334
932.149731	0.044770	0.024437	0.002705
931.749280	0.046791	0.024478	0.002990
931.367051	0.044604	0.024761	0.002650
930.990847	0.043735	0.024138	0.002598
930.600755	0.051110	0.024571	0.002564
930.188808	0.051422	0.025064	0.002606
929.824822	0.047454	0.025183	0.002596
929.460507	0.049724	0.024992	0.002707
929.066729	0.046467	0.025037	0.002425
928.663346	0.043631	0.025037	0.002689
928.258401	0.042621	0.025909	0.002747
927.871316	0.042239	0.025881	0.002545
927.490883	0.043020	0.026198	0.002646
927.106678	0.049626	0.026532	0.002950
926.713920	0.051739	0.027037	0.002487
926.334528	0.052962	0.026648	0.002559
925.953893	0.048216	0.027240	0.002638
925.581109	0.044628	0.027641	0.002497
925.208305	0.050123	0.027572	0.002548
924.825662	0.044156	0.028562	0.002424
924.437770	0.047658	0.028343	0.002634
924.059983	0.051219	0.028883	0.002493
923.686413	0.052380	0.029339	0.002621
923.320132	0.045289	0.030028	0.002854
922.941484	0.047956	0.030256	0.002353
922.554198	0.044831	0.030638	0.002521
922.138374	0.053262	0.031518	0.002564
921.754169	0.049955	0.032020	0.002749
921.381035	0.044287	0.032057	0.003142
920.987013	0.043971	0.033330	0.002982
920.565367	0.043185	0.033668	0.002684
920.189088	0.043065	0.034634	0.002473
919.796352	0.050457	0.035474	0.002662
919.433365	0.049272	0.035980	0.002499
919.033276	0.045228	0.036890	0.002572
918.649879	0.044970	0.038372	0.002819
918.276501	0.044900	0.039289	0.002459
917.909062	0.044085	0.040232	0.002607
917.515965	0.047531	0.041308	0.002710
917.136212	0.050944	0.043141	0.002593
916.744496	0.049033	0.044498	0.002239
916.366825	0.047019	0.046142	0.002513
916.009172	0.046394	0.047643	0.002538
915.611198	0.048113	0.049806	0.002698
915.233762	0.048112	0.051789	0.002606
914.849568	0.053197	0.053941	0.002692
914.460848	0.043911	0.055717	0.002584
914.059686	0.043727	0.059080	0.002886
913.672900	0.047434	0.061027	0.002708
913.244422	0.047929	0.064116	0.002826
912.877090	0.042938	0.066515	0.002780
912.456347	0.045307	0.069209	0.002661
912.083160	0.046790	0.071926	0.002705
911.698159	0.050840	0.072685	0.002618
911.315283	0.042828	0.074227	0.002548
910.953094	0.043795	0.074759	0.002610
910.562291	0.042605	0.074789	0.002534
910.175622	0.048375	0.073127	0.002759
909.820052	0.043652	0.071014	0.002483
909.436549	0.049623	0.067394	0.002705
909.062768	0.047502	0.062494	0.002724
908.670871	0.045052	0.058261	0.002538
908.290534	0.043457	0.053455	0.002635
907.909284	0.047801	0.047054	0.002321
907.529319	0.046055	0.040474	0.002516
907.156176	0.045826	0.035509	0.002463
906.770771	0.048568	0.029631	0.002575
906.369843	0.051239	0.023183	0.002722
905.986468	0.047449	0.018307	0.002459
905.618127	0.044398	0.013760	0.002402
905.231277	0.051499	0.010607	0.002611
904.857125	0.047407	0.008647	0.002909
904.504423	0.047707	0.009171	0.002764
904.120559	0.049571	0.010555	0.002489
903.761812	0.047876	0.012784	0.002678
903.390868	0.045619	0.014139	0.002748
903.019085	0.042741	0.015053	0.002508
902.629048	0.043493	0.015288	0.002394
902.261493	0.052605	0.016243	0.002707
901.863020	0.043625	0.015947	0.002616
901.488740	0.046563	0.014685	0.002894
901.102911	0.052212	0.014483	0.002718
900.701218	0.052409	0.013643	0.002523
900.316685	0.043180	0.012842	0.002508
899.932917	0.047601	0.012464	0.002765
899.567636	0.046801	0.011783	0.002583
899.188841	0.043649	0.010721	0.003058
898.799378	0.043486	0.010106	0.002496
898.403689	0.049858	0.009171	0.002503
898.022120	0.048315	0.009186	0.002521
897.700199	0.049390	0.007699	0.002434
897.327566	0.044215	0.008220	0.002380
896.970721	0.049034	0.008268	0.002067
896.595602	0.050530	0.007461	0.002614
896.232924	0.049485	0.007891	0.002611
895.856158	0.052085	0.007770	0.002561
895.446476	0.043176	0.007594	0.002803
895.069901	0.045347	0.007389	0.002512
894.690372	0.041452	0.007567	0.002533
894.308676	0.046790	0.007731	0.002372
893.940888	0.047772	0.007653	0.002660
893.568032	0.046730	0.007465	0.002861
893.196440	0.053275	0.007584	0.002537
892.815403	0.045861	0.007500	0.002546
892.431741	0.045847	0.007134	0.002651
892.036605	0.044859	0.007569	0.002651
891.644083	0.045230	0.007501	0.002629
891.287642	0.044693	0.006930	0.002929
890.892144	0.050808	0.006587	0.002635
890.537850	0.051117	0.006840	0.002524
890.136147	0.051069	0.007286	0.002383
889.748077	0.045398	0.007050	0.002522
889.359028	0.049137	0.007241	0.002483
888.980106	0.044775	0.007639	0.002747
888.585055	0.044828	0.007452	0.002477
888.183363	0.048900	0.007165	0.002506
887.801327	0.049076	0.007488	0.002564
887.409209	0.044684	0.006997	0.002451
887.008803	0.044928	0.007533	0.002407
886.623473	0.045053	0.007544	0.002568
886.206737	0.046275	0.007090	0.002483
885.834147	0.045814	0.006289	0.002522
885.433252	0.045496	0.006597	0.002575
885.056083	0.050749	0.006572	0.002677
884.679211	0.042767	0.007136	0.002582
884.298482	0.049485	0.006754	0.002774
883.913917	0.045483	0.006997	0.002644
883.547118	0.047417	0.007218	0.002664
883.168982	0.048251	0.007027	0.002665
882.801810	0.044429	0.006661	0.002719
882.434224	0.051349	0.006930	0.002669
882.055791	0.045082	0.007248	0.002848
881.673787	0.049232	0.007156	0.002842
881.296713	0.043153	0.006784	0.002483
880.886384	0.044059	0.006963	0.002628
880.524493	0.050166	0.006425	0.002768
880.136295	0.049269	0.006768	0.002550
879.775446	0.051099	0.006233	0.002553
879.405363	0.050118	0.006431	0.002841
879.034335	0.043977	0.006302	0.002538
878.670564	0.044722	0.006308	0.002650
878.295902	0.046507	0.006388	0.002487
877.913240	0.042151	0.006068	0.002443
877.530482	0.042555	0.006633	0.002912
877.124413	0.045162	0.006174	0.002336
876.745842	0.049567	0.006182	0.002850
876.394671	0.050073	0.006329	0.002422
876.059353	0.044245	0.006258	0.002634
875.659564	0.043226	0.006248	0.002704
875.278708	0.050583	0.005995	0.002572
874.891307	0.051494	0.006174	0.002364
874.505362	0.051398	0.006253	0.002646
874.118556	0.045481	0.006200	0.002631
873.744798	0.052104	0.006198	0.002585
873.345954	0.045833	0.006506	0.002780
872.970974	0.050987	0.006030	0.002470
872.594219	0.046750	0.006334	0.002499
872.204885	0.045508	0.005840	0.002520
871.818685	0.050524	0.006304	0.002678
871.409525	0.044718	0.006231	0.002821
871.023495	0.046342	0.006324	0.002531
870.644562	0.043584	0.006160	0.002505
870.273130	0.051915	0.006656	0.002721
869.886346	0.042005	0.006465	0.002610
869.501963	0.046404	0.005742	0.002780
869.120672	0.040849	0.006393	0.002620
868.741325	0.049742	0.005909	0.002655
868.351714	0.051354	0.005745	0.002547
867.970157	0.043432	0.006058	0.002714
867.584967	0.041916	0.006230	0.002481
867.204058	0.043107	0.006384	0.002611
866.820026	0.044103	0.006483	0.002675
866.444939	0.047336	0.006610	0.002516
866.067218	0.045306	0.006603	0.002561
865.677023	0.051137	0.006610	0.002595
865.308620	0.045559	0.006563	0.002649
864.925023	0.047957	0.006836	0.002509
864.545634	0.043676	0.006466	0.002523
864.176476	0.044932	0.006816	0.002585
863.784667	0.044768	0.008018	0.002660
863.375740	0.043211	0.006866	0.002439
862.973402	0.048741	0.006908	0.002566
862.591696	0.050673	0.006793	0.002601
862.207866	0.048639	0.007262	0.002683
861.824631	0.045675	0.007305	0.002423
861.438101	0.041643	0.007721	0.002626
861.048991	0.049146	0.008182	0.002640
860.631852	0.044681	0.007517	0.002844
860.267592	0.044344	0.007694	0.002886
859.908698	0.051299	0.008001	0.002723
859.525314	0.048167	0.008209	0.002617
859.156975	0.052702	0.008696	0.002645
858.771838	0.042159	0.008253	0.002632
858.385287	0.054462	0.009116	0.002584
857.997112	0.048825	0.009707	0.002677
857.619476	0.043140	0.009108	0.002557
857.236772	0.044746	0.009695	0.002576
856.843539	0.047885	0.010248	0.002705
856.436249	0.042440	0.010666	0.002258
856.069131	0.044297	0.010890	0.002760
855.685216	0.051852	0.010487	0.002430
855.313711	0.051753	0.010936	0.002751
854.937403	0.050832	0.011534	0.002805
854.600386	0.044848	0.011788	0.002490
854.212815	0.049553	0.012248	0.002470
853.834840	0.050559	0.013011	0.002791
853.452157	0.051195	0.013546	0.002649
853.066181	0.044671	0.013978	0.002694
852.677240	0.043421	0.014498	0.002659
852.280777	0.044331	0.014623	0.002460
851.895980	0.045591	0.015619	0.002906
851.526281	0.043805	0.016623	0.002781
851.130700	0.050814	0.017103	0.002748
850.758058	0.044303	0.018424	0.002730
850.395106	0.049058	0.018902	0.002583
850.020402	0.044238	0.019700	0.002415
849.634511	0.044724	0.020232	0.002471
849.229485	0.048323	0.021460	0.002455
848.846877	0.050956	0.022359	0.002586
848.467201	0.046608	0.022892	0.002458
848.094431	0.049304	0.024167	0.002617
847.719877	0.044592	0.024752	0.002471
847.343686	0.052891	0.025715	0.002835
846.959761	0.048408	0.025731	0.002292
846.534080	0.041710	0.026286	0.002483
846.126695	0.053650	0.026204	0.002620
845.752045	0.044868	0.025529	0.002414
845.354466	0.043790	0.024073	0.002897
844.992662	0.044032	0.022459	0.002887
844.616142	0.048127	0.020497	0.002478
844.249864	0.048093	0.017986	0.002608
843.864153	0.043503	0.014175	0.002497
843.474873	0.049784	0.011040	0.002573
843.098066	0.052890	0.007662	0.002494
842.721345	0.046580	0.006617	0.002672
842.335592	0.051498	0.010453	0.002586
841.948564	0.049088	0.015464	0.002625
841.562853	0.044328	0.021077	0.002423
841.156159	0.047956	0.026137	0.002525
840.760249	0.042952	0.032803	0.002705
840.379224	0.048057	0.037759	0.002465
840.004001	0.050587	0.041401	0.002502
839.614720	0.047185	0.045280	0.002637
839.227587	0.047824	0.047408	0.002799
838.843587	0.045088	0.048750	0.002661
838.480900	0.048238	0.050123	0.002632
838.098048	0.044139	0.049945	0.002550
837.724801	0.048538	0.049018	0.002097
837.336509	0.048120	0.048177	0.002401
836.973217	0.051373	0.046113	0.002813
836.560987	0.046172	0.043057	0.002644
836.189355	0.044723	0.041317	0.002802
835.792393	0.045124	0.039191	0.002699
835.432161	0.050562	0.037087	0.002829
835.057118	0.046899	0.035127	0.002678
834.685114	0.049894	0.032964	0.002874
834.283828	0.048937	0.030156	0.002620
833.891105	0.048505	0.028843	0.002570
833.501878	0.045916	0.026885	0.002705
833.123489	0.044553	0.025189	0.002473
832.754682	0.048494	0.024087	0.002530
832.382190	0.052887	0.022985	0.002461
831.998700	0.046977	0.022073	0.002734
831.588341	0.050054	0.021086	0.002260
831.202896	0.052676	0.020848	0.002534
830.824018	0.044200	0.019778	0.002429
830.460131	0.045291	0.019321	0.002548
830.084100	0.045047	0.018909	0.002606
829.731943	0.051137	0.018912	0.002526
829.326492	0.044027	0.018589	0.002652
828.925546	0.049400	0.018586	0.002610
828.546976	0.040071	0.018208	0.002616
828.162137	0.053606	0.018135	0.002627
827.792502	0.045530	0.018069	0.002661
827.393469	0.043666	0.018012	0.002542
826.975991	0.045269	0.017718	0.002573
826.593118	0.043049	0.017691	0.002531
826.234416	0.043351	0.017847	0.002597
825.866811	0.043682	0.017815	0.002538
825.463931	0.045368	0.017626	0.002668
825.079698	0.044324	0.017855	0.002609
824.696315	0.042286	0.017987	0.002516
824.311466	0.045091	0.017186	0.002485
823.939568	0.045224	0.016901	0.002599
823.566342	0.042088	0.016985	0.002557
823.194912	0.050204	0.017903	0.002417
822.814493	0.045277	0.017019	0.002333
822.453634	0.052262	0.017043	0.002664
822.085838	0.046582	0.017577	0.002612
821.701392	0.046488	0.017070	0.002584
821.295123	0.050542	0.017344	0.002851
820.927476	0.042981	0.017386	0.002672
820.552093	0.050815	0.016971	0.002482
820.186379	0.042912	0.017016	0.002981
819.832958	0.044723	0.017145	0.002818
819.455811	0.048490	0.017201	0.002979
819.091479	0.048276	0.017495	0.002552
818.709126	0.050457	0.017485	0.002766
818.333499	0.049853	0.017110	0.002611
817.909370	0.051534	0.017282	0.002361
817.532925	0.051950	0.017509	0.002499
817.165203	0.046075	0.017434	0.002513
816.769219	0.048652	0.017533	0.002444
816.370930	0.044681	0.017728	0.002496
815.977539	0.044929	0.017445	0.002493
815.608170	0.051423	0.018019	0.002689
815.213408	0.050708	0.018061	0.002587
814.813015	0.049467	0.017636	0.002848
814.432798	0.048394	0.018271	0.002534
814.017700	0.048834	0.017889	0.002601
813.632702	0.048079	0.017552	0.002394
813.235932	0.046741	0.017826	0.002483
812.837951	0.045802	0.018362	0.002523
812.443996	0.045851	0.018239	0.002776
812.061708	0.050859	0.018943	0.002921
811.695250	0.048540	0.018330	0.002900
811.371547	0.051749	0.018178	0.002364
811.003431	0.044628	0.018913	0.002580
810.619889	0.052220	0.018194	0.002491
810.244826	0.046657	0.018690	0.002497
809.869348	0.044523	0.018781	0.002770
809.476881	0.044050	0.018726	0.002697
809.088855	0.050856	0.018791	0.002549
808.699416	0.048840	0.018664	0.002445
808.312421	0.048688	0.018779	0.002571
807.923630	0.046957	0.019757	0.002788
807.532162	0.042080	0.019296	0.002457
807.126669	0.045022	0.019508	0.002570
806.750904	0.050049	0.019787	0.002549
806.350936	0.046409	0.019852	0.002530
805.962783	0.052031	0.019747	0.002722
805.580006	0.042814	0.019741	0.002637
805.216109	0.048342	0.020282	0.002644
804.843818	0.051279	0.020207	0.002654
804.466311	0.048084	0.020604	0.002574
804.084872	0.051637	0.020638	0.002581
803.696740	0.044977	0.020752	0.002905
803.288443	0.045568	0.020683	0.002556
802.913007	0.043540	0.021355	0.002570
802.526384	0.043194	0.021493	0.002661
802.154912	0.048482	0.021873	0.002595
801.786999	0.050480	0.021860	0.002517
801.408928	0.046508	0.021952	0.002812
801.017938	0.043230	0.021928	0.002278
800.597762	0.049303	0.022814	0.002596
800.229180	0.052764	0.023000	0.002678
799.852894	0.045546	0.022896	0.002572
799.480402	0.048672	0.023242	0.002821
799.104754	0.044873	0.023831	0.002746
798.718322	0.050605	0.023869	0.002542
798.346595	0.048238	0.023723	0.002867
797.960280	0.043592	0.024010	0.002708
797.606986	0.044503	0.024257	0.002817
797.241953	0.053032	0.024669	0.002472
796.856583	0.046519	0.025082	0.002692
796.491348	0.047264	0.025381	0.002601
796.101813	0.048973	0.026382	0.002354
795.706828	0.045274	0.026240	0.002721
795.326017	0.048676	0.026222	0.002797
794.937736	0.043157	0.027729	0.002412
794.567146	0.052910	0.027531	0.002326
794.184720	0.043472	0.027923	0.002548
793.809422	0.052329	0.028852	0.002557
793.430757	0.043098	0.028823	0.002640
793.054812	0.050571	0.028891	0.002480
792.693423	0.053188	0.029986	0.002516
792.293519	0.044586	0.030733	0.002709
791.892478	0.050249	0.030991	0.002829
791.498024	0.046757	0.032012	0.002732
791.115555	0.044286	0.032710	0.002637
790.752806	0.045526	0.033103	0.002657
790.317840	0.052559	0.034040	0.002338
789.957365	0.044704	0.034866	0.002539
789.595742	0.047459	0.036123	0.002397
789.209352	0.047779	0.037221	0.002796
788.826777	0.045090	0.037536	0.002495
788.457217	0.047437	0.038781	0.002458
788.059045	0.049602	0.039808	0.002835
787.646859	0.041842	0.041330	0.002401
787.269926	0.046909	0.042060	0.002361
786.890719	0.042702	0.043997	0.002393
786.479882	0.045696	0.045837	0.002916
786.095639	0.044208	0.047229	0.002594
785.723784	0.046501	0.048630	0.002590
785.334218	0.041389	0.050453	0.002503
784.957710	0.045915	0.053132	0.002398
784.572266	0.043098	0.054409	0.002613
784.162386	0.044041	0.056411	0.002607
783.796778	0.051243	0.059118	0.002825
783.418708	0.045599	0.061604	0.002519
783.029312	0.045089	0.064471	0.002773
782.629249	0.047413	0.067072	0.002465
782.248299	0.042065	0.069982	0.002767
781.888886	0.048207	0.072107	0.002643
781.507342	0.043196	0.074373	0.002598
781.109744	0.048747	0.076428	0.002881
780.740790	0.048188	0.077752	0.002535
780.360159	0.050326	0.078586	0.002972
779.980368	0.046855	0.078255	0.002623
779.592013	0.042707	0.077347	0.002299
779.219563	0.049682	0.075104	0.002676
778.840792	0.046274	0.071578	0.002448
778.469288	0.043538	0.066692	0.002777
778.086107	0.046743	0.059825	0.002223
777.694183	0.042253	0.053087	0.002554
777.295819	0.046042	0.045049	0.002676
776.895320	0.045582	0.036480	0.002411
776.515912	0.043598	0.028232	0.002899
776.112725	0.051315	0.019469	0.002549
775.750751	0.047330	0.013087	0.002428
775.357073	0.050889	0.007288	0.002756
774.994983	0.044254	0.008519	0.002591
774.623904	0.050006	0.013062	0.002642
774.255311	0.053330	0.016852	0.002644
773.873405	0.044894	0.020745	0.002670
773.500637	0.050709	0.023512	0.002473
773.113228	0.050037	0.025478	0.002789
772.710838	0.043049	0.026490	0.002709
772.338611	0.047265	0.026868	0.002705
771.954570	0.049437	0.025669	0.002705
771.559596	0.043325	0.024658	0.002721
771.142321	0.049981	0.022686	0.002481
770.759077	0.046912	0.021801	0.002401
770.384343	0.049811	0.019675	0.002509
769.985937	0.043381	0.017675	0.002627
769.583558	0.053104	0.015393	0.002628
769.191548	0.050545	0.013165	0.002235
768.782273	0.045220	0.011846	0.002816
768.404671	0.048018	0.010819	0.002492
768.038235	0.047643	0.009790	0.002503
767.654002	0.043201	0.008858	0.002400
767.284783	0.046683	0.007969	0.002683
766.900211	0.050298	0.008055	0.002649
766.540309	0.049687	0.007762	0.002697
766.133690	0.046198	0.007023	0.002554
765.749500	0.048064	0.007260	0.002655
765.355185	0.047728	0.007083	0.002836
764.975723	0.053776	0.006581	0.002691
764.588994	0.044194	0.007478	0.002520
764.180867	0.042794	0.007486	0.002767
763.789101	0.050038	0.007477	0.002684
763.418373	0.049793	0.007097	0.002614
763.008833	0.051645	0.007353	0.002556
762.636213	0.044196	0.007065	0.002313
762.245500	0.044746	0.007391	0.002629
761.867791	0.043145	0.007188	0.002386
761.491389	0.047057	0.007522	0.002463
761.111449	0.046896	0.007374	0.002438
760.738521	0.047821	0.007667	0.002497
760.364786	0.042368	0.007468	0.002592
759.988087	0.046549	0.007452	0.002538
759.609656	0.049236	0.007538	0.002501
759.235581	0.044047	0.007035	0.002508
758.854398	0.046379	0.007533	0.002621
758.456842	0.042385	0.006640	0.002344
758.041500	0.043354	0.006770	0.002927
757.659064	0.042841	0.006620	0.002935
757.283055	0.045281	0.006790	0.002722
756.892097	0.047812	0.007248	0.002510
756.519679	0.047962	0.007258	0.002427
756.139824	0.045264	0.006825	0.002854
755.753116	0.050251	0.006811	0.002685
755.363572	0.042908	0.006857	0.002502
754.976524	0.046325	0.006318	0.002742
754.581231	0.043557	0.006207	0.002532
754.198709	0.051388	0.006575	0.002324
753.802854	0.050051	0.006047	0.002913
753.417474	0.045600	0.006428	0.002629
753.045067	0.051079	0.006397	0.002432
752.658455	0.045088	0.006431	0.002748
752.278472	0.052696	0.006346	0.002536
751.902453	0.044650	0.006399	0.002517
751.519708	0.050896	0.006517	0.002766
751.142945	0.044911	0.006719	0.002298
750.771111	0.049317	0.006396	0.002542
750.398301	0.045284	0.006489	0.002738
750.000500	0.045384	0.005764	0.002481
749.585892	0.044402	0.005713	0.002438
749.214059	0.048739	0.006230	0.002667
748.848685	0.046610	0.006101	0.002701
748.454179	0.046835	0.006417	0.002673
748.073601	0.043416	0.006508	0.002586
747.699282	0.045497	0.006355	0.002808
747.309132	0.044876	0.006199	0.002844
746.930275	0.046961	0.006373	0.002680
746.549177	0.046176	0.006084	0.002459
746.158613	0.045570	0.005777	0.002450
745.761684	0.044521	0.005683	0.002622
745.369377	0.041890	0.006257	0.002862
745.001761	0.048468	0.005921	0.002537
744.593135	0.047380	0.006245	0.002488
744.215479	0.044361	0.005913	0.002655
743.852634	0.045311	0.006301	0.002712
743.464768	0.050899	0.006425	0.002576
743.075755	0.048097	0.005461	0.002402
742.694859	0.043248	0.006056	0.002560
742.312496	0.046504	0.006386	0.002715
741.923302	0.051374	0.005582	0.002918
741.546507	0.049673	0.005874	0.002541
741.149854	0.049015	0.006166	0.002580
740.765314	0.048598	0.005969	0.002601
740.382951	0.052298	0.005878	0.002740
740.019203	0.046774	0.006273	0.002448
739.613690	0.049157	0.005946	0.002413
739.239625	0.047157	0.005695	0.002415
738.854182	0.041561	0.005493	0.002641
738.477248	0.046485	0.005620	0.002752
738.100028	0.052493	0.006456	0.002798
737.682339	0.044150	0.005495	0.002552
737.301400	0.050110	0.005441	0.002737
736.916084	0.049243	0.005962	0.002571
736.524903	0.044908	0.006523	0.002657
736.135836	0.044662	0.005965	0.002352
735.727826	0.049058	0.006014	0.002797
735.326307	0.046476	0.005945	0.002540
734.927083	0.042725	0.006328	0.002526
734.534096	0.050307	0.006393	0.002503
734.162358	0.050054	0.005922	0.002625
733.790610	0.045087	0.006620	0.002557
733.388910	0.051017	0.006417	0.002602
732.997825	0.044458	0.006436	0.002510
732.624749	0.045901	0.006474	0.002518
732.243034	0.043518	0.006705	0.002595
731.862807	0.044526	0.006427	0.002452
731.497189	0.043064	0.006400	0.002557
731.110821	0.042591	0.006057	0.002593
730.731338	0.047080	0.006490	0.002275
730.327960	0.044142	0.006373	0.002531
729.967867	0.046304	0.006274	0.002563
729.608613	0.047644	0.006505	0.002640
729.211015	0.045620	0.006567	0.002721
728.807892	0.045804	0.006417	0.002477
728.367954	0.048388	0.006418	0.002475
727.984635	0.050723	0.006398	0.002742
727.611070	0.044718	0.006385	0.002615
727.230694	0.043671	0.006485	0.002640
726.830110	0.044744	0.007051	0.002418
726.455440	0.043493	0.007355	0.002870
726.073503	0.044138	0.006711	0.002470
725.684277	0.051553	0.006733	0.002475
725.303996	0.044548	0.007129	0.002693
724.942405	0.044183	0.006968	0.002446
724.546177	0.050995	0.007509	0.002536
724.162689	0.046707	0.007261	0.002578
723.778127	0.052007	0.007791	0.002599
723.393512	0.046032	0.007790	0.002768
722.995467	0.045040	0.007739	0.002563
722.610130	0.051156	0.007894	0.002829
722.242174	0.045893	0.007414	0.002449
721.861342	0.043752	0.007457	0.002697
721.497147	0.047523	0.008105	0.002458
721.114020	0.044773	0.008205	0.002353
720.741602	0.046260	0.007863	0.002662
720.350379	0.043869	0.008301	0.002766
719.972170	0.044661	0.007971	0.002665
719.580192	0.047986	0.007727	0.002618
719.212162	0.047668	0.008696	0.002397
718.827994	0.052184	0.009155	0.002736
718.447288	0.052033	0.009243	0.002587
718.067965	0.046903	0.009045	0.002443
717.683838	0.053838	0.009478	0.002567
717.272810	0.042822	0.010001	0.002619
716.856395	0.046530	0.010099	0.002846
716.480875	0.046202	0.011151	0.002397
716.104537	0.052812	0.010721	0.002727
715.723417	0.052646	0.010828	0.002484
715.337612	0.045781	0.011424	0.002622
714.955345	0.048796	0.012386	0.002453
714.583171	0.049077	0.012030	0.002795
714.179559	0.052059	0.012159	0.002658
713.798047	0.053440	0.013395	0.002290
713.416279	0.046068	0.013748	0.002316
713.043107	0.051841	0.013374	0.002743
712.652669	0.051317	0.013717	0.002588
712.257812	0.047399	0.015309	0.002584
711.876437	0.050684	0.015187	0.002630
711.518172	0.043028	0.015092	0.002443
711.136106	0.049114	0.015613	0.002570
710.769532	0.042173	0.016724	0.002550
710.390537	0.049854	0.016709	0.002561
709.983323	0.052761	0.016643	0.002611
709.606932	0.049524	0.016279	0.002582
709.213307	0.045781	0.016015	0.002443
708.842472	0.045015	0.014966	0.002636
708.478055	0.048766	0.013728	0.002883
708.103660	0.048648	0.012196	0.002821
707.726982	0.049882	0.010733	0.002611
707.361438	0.043954	0.009293	0.002601
706.971606	0.050470	0.008411	0.002964
706.582231	0.048513	0.010282	0.002244
706.192420	0.048077	0.012870	0.002620
705.823657	0.050100	0.016262	0.002604
705.456700	0.050915	0.020601	0.002369
705.057508	0.051467	0.024283	0.002776
704.689350	0.049493	0.027874	0.002506
704.300538	0.046456	0.031605	0.002593
703.911408	0.049540	0.033301	0.002431
703.552217	0.046434	0.035285	0.003084
703.156988	0.045301	0.035840	0.002647
702.783964	0.048708	0.036470	0.002521
702.373616	0.042739	0.035870	0.002476
701.983380	0.045552	0.034634	0.002304
701.609496	0.044528	0.033141	0.002793
701.210134	0.045589	0.030588	0.002652
700.838087	0.048805	0.029451	0.002531
700.464118	0.051235	0.027217	0.002381
700.078621	0.046380	0.025090	0.002358
699.680013	0.043775	0.023283	0.002565
699.303356	0.046133	0.021159	0.002600
698.909560	0.045481	0.019708	0.002675
698.536919	0.052114	0.018220	0.002781
698.154535	0.049679	0.017267	0.002684
697.773373	0.049377	0.016271	0.002554
697.407765	0.048312	0.015207	0.002480
697.030109	0.043638	0.014711	0.002661
696.643326	0.049287	0.014673	0.002451
696.249988	0.052482	0.014679	0.002926
695.848256	0.051305	0.014275	0.002575
695.454270	0.042397	0.014465	0.002550
695.080364	0.049952	0.014121	0.002646
694.706926	0.049118	0.014813	0.002938
694.336112	0.050628	0.014424	0.002609
693.956384	0.044299	0.013957	0.002843
693.569272	0.045860	0.013922	0.002294
693.179641	0.049869	0.014361	0.002830
692.819909	0.048251	0.014381	0.002512
692.433997	0.045015	0.014837	0.002585
692.053302	0.050072	0.014802	0.002489
691.687259	0.051290	0.014332	0.002536
691.267061	0.048918	0.014678	0.002430
690.878037	0.048929	0.014564	0.002344
690.512025	0.050160	0.014634	0.002708
690.126740	0.049638	0.014690	0.002527
689.746757	0.050995	0.014334	0.002568
689.397788	0.044568	0.015131	0.002558
689.018761	0.047888	0.014828	0.002591
688.650922	0.050572	0.014586	0.002634
688.285229	0.047920	0.014842	0.002789
687.914712	0.044247	0.014827	0.002592
687.543176	0.043333	0.014439	0.002478
687.184878	0.045495	0.014292	0.002862
686.814383	0.042346	0.015247	0.002698
686.445088	0.044665	0.015406	0.002874
686.073052	0.043688	0.015036	0.002577
685.704862	0.044455	0.015428	0.002858
685.318834	0.049627	0.015439	0.002439
684.922881	0.046164	0.015393	0.002721
684.551037	0.044883	0.015249	0.002635
684.136045	0.046038	0.015885	0.002693
683.757443	0.049006	0.014995	0.002767
683.370267	0.045157	0.015580	0.002495
683.020107	0.044376	0.014976	0.002531
682.645149	0.044086	0.014994	0.002404
682.272614	0.051406	0.015747	0.002512
681.909694	0.050859	0.015489	0.002664
681.511723	0.044913	0.015177	0.002877
681.154902	0.045221	0.015792	0.002632
680.779168	0.042603	0.015229	0.002800
680.409587	0.049853	0.015734	0.002633
680.020934	0.051515	0.016329	0.002778
679.614728	0.044957	0.015682	0.002575
679.229932	0.049755	0.015769	0.002410
678.845391	0.050918	0.016097	0.002386
678.464919	0.045232	0.015828	0.002601
678.072037	0.050912	0.016274	0.002896
677.711954	0.049377	0.016226	0.002679
677.341479	0.048148	0.016276	0.002716
676.957363	0.048674	0.015791	0.002717
676.563196	0.044532	0.016573	0.002457
676.186761	0.050594	0.016296	0.002780
675.792710	0.045455	0.016843	0.002946
675.417646	0.050157	0.016761	0.002709
675.043708	0.046233	0.016738	0.002591
674.646523	0.044939	0.017149	0.002708
674.285951	0.044703	0.017285	0.002681
673.917506	0.047097	0.017096	0.002747
673.519365	0.047109	0.017556	0.002616
673.127747	0.045944	0.017086	0.002791
672.744045	0.046562	0.017041	0.002531
672.377290	0.048656	0.017029	0.002673
671.993609	0.047112	0.017378	0.002588
671.589071	0.043843	0.017272	0.002643
671.180263	0.045515	0.017320	0.002637
670.810341	0.048878	0.017729	0.002452
670.427563	0.047849	0.017725	0.002508
670.061030	0.048399	0.018062	0.002812
669.705516	0.043093	0.017956	0.002407
669.315109	0.048117	0.018133	0.002745
668.955515	0.042998	0.018660	0.002388
668.564184	0.044382	0.018388	0.002650
668.176295	0.044643	0.018514	0.002492
667.819197	0.045227	0.018612	0.002701
667.430735	0.046276	0.018619	0.002487
667.066253	0.043209	0.018547	0.002623
666.690647	0.045156	0.018644	0.002557
666.280170	0.051117	0.018677	0.002505
665.871946	0.048169	0.018781	0.002540
665.485290	0.050235	0.018846	0.002457
665.113955	0.041389	0.018428	0.002708
664.759725	0.048891	0.019445	0.002633
664.383301	0.050353	0.020034	0.002634
663.982025	0.047934	0.018855	0.002733
663.595348	0.047728	0.019444	0.002554
663.203018	0.051970	0.019697	0.002820
662.834180	0.045538	0.019842	0.002298
662.419315	0.049067	0.020041	0.002680
662.050562	0.043055	0.019544	0.002334
661.678993	0.041571	0.020375	0.002461
661.280447	0.044602	0.020336	0.002696
660.858719	0.051041	0.020352	0.002462
660.460630	0.048982	0.020511	0.002921
660.091314	0.047108	0.020293	0.002742
659.689485	0.045331	0.020205	0.002620
659.268649	0.042115	0.020701	0.002662
658.879475	0.049653	0.020711	0.002556
658.498174	0.048445	0.021265	0.002942
658.132565	0.045509	0.021375	0.002553
657.745739	0.049422	0.021796	0.002598
657.357053	0.044188	0.021692	0.002813
656.982201	0.049029	0.021719	0.002630
656.601070	0.047336	0.022181	0.002461
656.227960	0.046869	0.021772	0.002586
655.827587	0.044384	0.021799	0.002799
655.458759	0.053472	0.022384	0.002635
655.055093	0.043218	0.022484	0.002947
654.678859	0.042971	0.022695	0.002622
654.312082	0.050666	0.023486	0.002522
653.938451	0.049277	0.023025	0.002637
653.570229	0.049129	0.023360	0.002745
653.188120	0.050500	0.023479	0.002525
652.807180	0.047691	0.024016	0.002491
652.435398	0.046499	0.024249	0.002784
652.038074	0.050779	0.023757	0.002653
651.662255	0.048744	0.024370	0.002426
651.266705	0.045045	0.024781	0.002745
650.870476	0.049650	0.024865	0.002712
650.474523	0.048159	0.024825	0.002650
650.096048	0.049869	0.025225	0.002654
649.718263	0.049296	0.025810	0.002866
649.345811	0.044986	0.025820	0.002849
648.986142	0.045177	0.026028	0.002433
648.618769	0.044109	0.026460	0.002848
648.255753	0.049978	0.026349	0.002692
647.896678	0.044894	0.026875	0.002719
647.532939	0.044664	0.027779	0.002806
647.155802	0.046213	0.027751	0.002481
646.732501	0.044219	0.028127	0.002865
646.367859	0.045476	0.028984	0.002506
645.972947	0.046490	0.029091	0.002459
645.590625	0.043692	0.029945	0.002817
645.196701	0.041218	0.030431	0.002545
644.822720	0.042756	0.030378	0.002753
644.412147	0.044104	0.031955	0.002560
644.006185	0.052631	0.032254	0.002596
643.607479	0.049703	0.033160	0.003236
643.193591	0.046320	0.034068	0.002543
642.768399	0.047815	0.034698	0.002661
642.329989	0.044919	0.035531	0.002472
641.895818	0.043241	0.036729	0.002793
641.424099	0.043775	0.037958	0.002597
640.994752	0.043990	0.038912	0.002631
640.550488	0.050937	0.040466	0.002709
640.115913	0.044868	0.041119	0.002645
639.735929	0.045658	0.042454	0.002647
639.348730	0.046164	0.043462	0.002791
638.990027	0.045686	0.044828	0.002807
638.620635	0.049859	0.045445	0.002321
638.215810	0.044882	0.046411	0.002775
637.817837	0.044339	0.046795	0.002915
637.448201	0.043441	0.046511	0.002758
637.095342	0.044042	0.045979	0.002626
636.737563	0.049030	0.044861	0.002450
636.352606	0.051290	0.042601	0.002629
635.964908	0.045166	0.040604	0.002871
635.571377	0.052316	0.038059	0.002695
635.187886	0.051592	0.035236	0.002844
635.233721	0.046232	0.033467	0.002524
635.593359	0.051077	0.036600	0.002408
635.963898	0.049922	0.039273	0.002516
636.337614	0.048277	0.041975	0.002514
636.713030	0.048306	0.043639	0.002668
637.112586	0.044223	0.044888	0.002406
637.490276	0.049390	0.046420	0.002676
637.886527	0.045241	0.046362	0.002284
638.288143	0.043708	0.046281	0.002555
638.683130	0.046258	0.045456	0.002562
639.060639	0.049027	0.045082	0.002536
639.455998	0.047167	0.043511	0.002707
639.831382	0.044089	0.041929	0.002491
640.232350	0.045514	0.041379	0.002996
640.609784	0.051486	0.040650	0.002641
640.988483	0.051305	0.039501	0.002810
641.392979	0.048760	0.038152	0.002590
641.772825	0.047188	0.037269	0.002404
642.142780	0.052348	0.036247	0.002596
642.541007	0.051105	0.035378	0.002510
642.923457	0.045707	0.034679	0.002602
643.322959	0.051562	0.033187	0.002799
643.708032	0.046473	0.033312	0.002612
644.070156	0.047222	0.032579	0.002944
644.448845	0.045995	0.032056	0.002570
644.816207	0.044242	0.031151	0.002621
645.198582	0.052220	0.030695	0.002637
645.578704	0.044626	0.029883	0.002668
645.974944	0.044072	0.029152	0.002521
646.331373	0.043389	0.028773	0.002563
646.711156	0.041295	0.028631	0.002587
647.090694	0.045430	0.027800	0.002374
647.473834	0.051384	0.027662	0.002691
647.854243	0.047542	0.026950	0.002386
648.226673	0.044495	0.026899	0.002618
648.607050	0.046574	0.026397	0.002485
648.988915	0.043396	0.025593	0.002780
649.387588	0.043320	0.025891	0.002695
649.794155	0.041679	0.025902	0.002898
650.162495	0.045043	0.025234	0.002897
650.542798	0.043335	0.025057	0.002790
650.904412	0.049983	0.024711	0.002556
651.273187	0.051227	0.024749	0.002590
651.654690	0.050794	0.024801	0.002550
652.029946	0.047803	0.024364	0.002470
652.431498	0.046002	0.023910	0.002886
652.817029	0.047323	0.023894	0.002617
653.231649	0.050398	0.023191	0.002571
653.618231	0.050547	0.023551	0.002860
653.968286	0.043676	0.022482	0.002275
654.353593	0.045663	0.022749	0.002787
654.744775	0.043469	0.022588	0.002924
655.125025	0.049624	0.022644	0.002583
655.513604	0.044043	0.022117	0.002587
655.909079	0.043510	0.021737	0.002628
656.283921	0.048932	0.021657	0.002669
656.658199	0.049467	0.021425	0.002758
657.051740	0.043642	0.021690	0.002643
657.428919	0.049260	0.021698	0.002805
657.811591	0.044367	0.021402	0.002803
658.193094	0.046889	0.020764	0.002887
658.587581	0.048803	0.021437	0.002760
658.964728	0.043559	0.021263	0.003016
659.340962	0.049965	0.021360	0.002637
659.734609	0.050841	0.020782	0.002635
660.102225	0.048075	0.020434	0.002534
660.493100	0.043971	0.020182	0.002471
660.871022	0.044893	0.020364	0.002495
661.249848	0.050669	0.020518	0.002763
661.638300	0.050070	0.020418	0.002683
662.006171	0.046957	0.019965	0.002912
662.407596	0.046630	0.019471	0.002873
662.795028	0.048923	0.020154	0.002828
663.181386	0.049140	0.019675	0.002719
663.542819	0.043466	0.019998	0.002727
663.920349	0.042788	0.019644	0.002854
664.291716	0.045124	0.019369	0.002442
664.700939	0.050741	0.019374	0.002606
665.089550	0.042425	0.018670	0.002843
665.488647	0.047863	0.018906	0.002695
665.865709	0.042229	0.018606	0.002928
666.239743	0.041320	0.018607	0.002525
666.619758	0.049576	0.018554	0.002706
667.001410	0.045313	0.018789	0.002529
667.363640	0.048148	0.018139	0.002619
667.747023	0.048386	0.018699	0.002475
668.130354	0.052092	0.018642	0.002595
668.499861	0.048524	0.018212	0.002845
668.908532	0.047496	0.018306	0.002513
669.304059	0.049797	0.017920	0.002654
669.671293	0.049151	0.017676	0.002793
670.047866	0.047049	0.017604	0.002781
670.423717	0.050025	0.017559	0.002532
670.786828	0.044811	0.017608	0.002489
671.156676	0.048387	0.017577	0.002768
671.524813	0.043187	0.017082	0.002817
671.903277	0.047001	0.017151	0.002547
672.264922	0.050242	0.017751	0.002688
672.639593	0.045187	0.017015	0.002506
673.019768	0.046173	0.017025	0.002716
673.390827	0.043561	0.017051	0.002814
673.756074	0.044546	0.016150	0.002682
674.138225	0.050050	0.016781	0.002517
674.506255	0.045803	0.017115	0.002424
674.878111	0.051183	0.016906	0.002557
675.253589	0.048062	0.017213	0.002566
675.638503	0.047420	0.016797	0.002640
676.019538	0.043596	0.016128	0.002722
676.416000	0.050695	0.017188	0.002828
676.807405	0.049174	0.016861	0.002636
677.183978	0.046077	0.016262	0.002578
677.554835	0.051112	0.015892	0.002676
677.948184	0.044701	0.016943	0.002615
678.336285	0.044074	0.015659	0.002452
678.710329	0.049932	0.016243	0.002728
679.111742	0.048994	0.015660	0.002418
679.489356	0.050590	0.015748	0.003141
679.869223	0.048682	0.015787	0.002370
680.277415	0.050611	0.015981	0.002585
680.679179	0.043258	0.016064	0.002434
681.062424	0.046479	0.015752	0.002404
681.419798	0.042346	0.015834	0.002767
681.802214	0.044449	0.015876	0.002828
682.145255	0.043263	0.015750	0.002613
682.545022	0.048883	0.014983	0.002907
682.942260	0.044127	0.015230	0.002436
683.331720	0.046211	0.015247	0.002691
683.714880	0.051663	0.015806	0.003013
684.106572	0.043582	0.014764	0.002723
684.479713	0.044558	0.014835	0.002651
684.862427	0.049693	0.014631	0.002415
685.241709	0.049489	0.015063	0.002678
685.641826	0.044628	0.015431	0.002656
686.016146	0.050418	0.014375	0.002540
686.382285	0.051526	0.014864	0.002627
686.765477	0.050586	0.014454	0.002504
687.187895	0.049941	0.014307	0.002484
687.578652	0.042089	0.015100	0.002629
687.957541	0.049830	0.015131	0.002720
688.340488	0.047313	0.015133	0.002559
688.721141	0.044908	0.014543	0.002995
689.094590	0.044577	0.014802	0.002715
689.482488	0.048937	0.014800	0.002621
689.864575	0.050189	0.015159	0.002533
690.236494	0.044611	0.014708	0.002501
690.613693	0.048701	0.014297	0.002511
690.999042	0.044155	0.015121	0.002559
691.385623	0.050172	0.014926	0.002594
691.758562	0.049538	0.014421	0.002775
692.148564	0.050967	0.014560	0.002718
692.541392	0.049621	0.013797	0.002540
692.941817	0.050047	0.014378	0.002647
693.329535	0.051282	0.014587	0.002797
693.703961	0.050982	0.014787	0.002760
694.103781	0.047577	0.014786	0.002791
694.484221	0.048111	0.013934	0.002451
694.872608	0.046287	0.014406	0.002770
695.243156	0.044110	0.014326	0.002601
695.648277	0.043372	0.013809	0.002462
696.035113	0.051836	0.014356	0.002699
696.443868	0.044129	0.014411	0.002596
696.826752	0.046307	0.013958	0.002462
697.215755	0.045376	0.015105	0.002545
697.571450	0.044200	0.015408	0.002727
697.945504	0.053471	0.015973	0.002695
698.319176	0.041303	0.016865	0.002368
698.678642	0.050918	0.018290	0.002778
699.018708	0.046686	0.018409	0.002679
699.387599	0.044694	0.020717	0.002509
699.771216	0.051410	0.022590	0.002486
700.165425	0.044925	0.024209	0.002899
700.538109	0.048605	0.025890	0.002723
700.935389	0.051064	0.028576	0.002470
701.325624	0.045201	0.030968	0.002739
701.710112	0.053230	0.032835	0.002532
702.061770	0.050748	0.033907	0.002687
702.403567	0.048087	0.035365	0.002779
702.763926	0.047112	0.035707	0.002190
703.122734	0.042256	0.036561	0.002514
703.506276	0.045312	0.035912	0.002759
703.873871	0.043137	0.034562	0.002814
704.257965	0.045688	0.032844	0.002454
704.613564	0.049190	0.029857	0.002708
704.986970	0.046073	0.026704	0.002611
705.363065	0.053634	0.023558	0.002739
705.738426	0.049960	0.019773	0.002559
706.098668	0.046007	0.016556	0.002489
706.466220	0.048570	0.012889	0.002463
706.834887	0.049526	0.009722	0.002596
707.242144	0.044970	0.008252	0.002856
707.637607	0.051485	0.009153	0.002504
708.003225	0.051417	0.010034	0.002545
708.380690	0.049192	0.012790	0.002484
708.783834	0.048961	0.013939	0.002465
709.171892	0.051289	0.015424	0.002639
709.568980	0.046194	0.016151	0.002903
709.952023	0.041988	0.015793	0.002724
710.333345	0.052419	0.016830	0.002574
710.723315	0.052439	0.015792	0.002670
711.125620	0.047671	0.015820	0.002423
711.496370	0.047441	0.016181	0.002492
711.875917	0.044152	0.015445	0.002607
712.255581	0.048814	0.015409	0.002622
712.651798	0.049473	0.014292	0.002838
713.034108	0.044080	0.013588	0.002652
713.395285	0.042080	0.013585	0.002665
713.767926	0.051354	0.013191	0.002542
714.169243	0.050565	0.012447	0.002847
714.571920	0.045951	0.012319	0.002630
714.955441	0.044382	0.011815	0.002594
715.352359	0.046711	0.011589	0.002717
715.726371	0.046257	0.011315	0.002589
716.089025	0.050583	0.010785	0.002676
716.467020	0.052754	0.010908	0.002605
716.857054	0.043533	0.009940	0.002478
717.252315	0.044984	0.010426	0.002828
717.640086	0.041924	0.009701	0.002615
718.041116	0.050045	0.008937	0.002630
718.425837	0.047591	0.009671	0.002975
718.804534	0.044961	0.009189	0.002456
719.213331	0.049899	0.008624	0.002510
719.586206	0.046758	0.008129	0.002562
719.962342	0.052311	0.008312	0.002603
720.345640	0.053113	0.008338	0.002174
720.741379	0.045569	0.008049	0.002680
721.126536	0.051512	0.007771	0.002620
721.512957	0.045629	0.007732	0.002462
721.900515	0.044363	0.007728	0.002552
722.281581	0.048777	0.007966	0.002572
722.660597	0.044448	0.007753	0.002338
723.067120	0.052485	0.007555	0.002524
723.458057	0.048521	0.007894	0.002661
723.878637	0.046072	0.007424	0.002790
724.252744	0.041930	0.007427	0.002386
724.626702	0.044787	0.007761	0.002671
725.011009	0.042928	0.007107	0.002436
725.345805	0.052662	0.006866	0.002644
725.723461	0.047914	0.007270	0.002906
726.117733	0.044034	0.006428	0.002684
726.512506	0.045562	0.006611	0.002659
726.898427	0.043298	0.006462	0.002446
727.272099	0.044440	0.006749	0.002662
727.653930	0.044450	0.006492	0.002807
728.031501	0.049564	0.006501	0.002717
728.430672	0.047183	0.006410	0.002396
728.823021	0.041191	0.006347	0.002530
729.190743	0.045718	0.006515	0.002481
729.563533	0.047413	0.006993	0.002493
729.942846	0.043003	0.006428	0.002565
730.307932	0.042620	0.006238	0.002876
730.690879	0.047058	0.006254	0.002373
731.062362	0.044818	0.006468	0.002582
731.432028	0.048194	0.006484	0.002482
731.809312	0.045550	0.006379	0.002777
732.199484	0.043424	0.006449	0.002681
732.587806	0.046227	0.005929	0.002498
732.958715	0.051241	0.006813	0.002938
733.338942	0.052206	0.006276	0.002194
733.727425	0.041375	0.006475	0.002390
734.117809	0.044127	0.005975	0.002713
734.492150	0.051655	0.005926	0.002527
734.870336	0.042615	0.006418	0.002630
735.228825	0.044078	0.006497	0.002829
735.615342	0.045094	0.006014	0.002606
736.021642	0.044663	0.005853	0.002814
736.396174	0.046723	0.006303	0.002399
736.795653	0.043401	0.006405	0.002597
737.196449	0.050921	0.005804	0.002656
737.582679	0.042491	0.005601	0.002687
737.978227	0.041162	0.005698	0.002817
738.352419	0.045884	0.006336	0.002774
738.727471	0.044539	0.006452	0.002511
739.116485	0.052851	0.006084	0.002521
739.497190	0.046749	0.006357	0.002713
739.860715	0.044846	0.005928	0.002778
740.245701	0.043723	0.006346	0.002664
740.666143	0.044372	0.006013	0.002765
741.049249	0.046187	0.005843	0.002481
741.430984	0.044338	0.006082	0.002472
741.807025	0.044111	0.005861	0.002497
742.208937	0.051052	0.006493	0.002835
742.611826	0.044605	0.005986	0.002553
743.004983	0.049366	0.006447	0.002425
743.383893	0.044391	0.005894	0.002390
743.763397	0.046174	0.006154	0.002564
744.127166	0.051009	0.006192	0.002626
744.504301	0.052111	0.006281	0.002765
744.910399	0.045429	0.006332	0.002694
745.315839	0.048500	0.006280	0.002359
745.706244	0.044297	0.006221	0.002588
746.082380	0.045554	0.006453	0.002741
746.438351	0.045029	0.006315	0.002512
746.809557	0.050199	0.006454	0.002546
747.181486	0.045185	0.006036	0.002666
747.553904	0.051432	0.006492	0.002560
747.951842	0.043652	0.006201	0.002578
748.349440	0.047027	0.006444	0.002418
748.726660	0.050581	0.006145	0.002834
749.115440	0.044522	0.006154	0.002642
749.515726	0.046957	0.006099	0.002633
749.914058	0.049924	0.006156	0.002334
750.300479	0.051283	0.006496	0.002968
750.685189	0.047355	0.005996	0.002499
751.081428	0.043911	0.006424	0.002688
751.483169	0.044332	0.006346	0.002448
751.850572	0.046151	0.006298	0.002686
752.239883	0.044227	0.006631	0.002561
752.619600	0.044502	0.006549	0.002563
752.999710	0.051146	0.006122	0.002842
753.381042	0.043748	0.005819	0.002555
753.757911	0.044672	0.006241	0.002374
754.137490	0.042877	0.006216	0.002590
754.508802	0.043671	0.006339	0.002567
754.869235	0.047518	0.006336	0.002610
755.258663	0.051607	0.006699	0.002520
755.652649	0.044088	0.006655	0.002692
756.028074	0.043549	0.006265	0.002463
756.418107	0.045782	0.006292	0.002530
756.808257	0.043086	0.007373	0.002477
757.223939	0.043626	0.006940	0.002634
757.626913	0.045165	0.006697	0.002504
758.004845	0.045425	0.007114	0.002643
758.368689	0.043849	0.007512	0.003037
758.740150	0.052305	0.007256	0.002706
759.112068	0.050277	0.007195	0.002356
759.499414	0.044965	0.006979	0.002565
759.888023	0.044976	0.006975	0.002636
760.272978	0.043604	0.007363	0.002469
760.649508	0.051835	0.007569	0.002904
761.029256	0.049508	0.007480	0.002336
761.401185	0.047679	0.007430	0.002490
761.782591	0.050326	0.007466	0.002629
762.162053	0.050468	0.007434	0.002642
762.530657	0.047840	0.007301	0.002579
762.908195	0.048060	0.007385	0.002576
763.272846	0.042049	0.007003	0.003043
763.655878	0.043394	0.007569	0.002611
764.029156	0.048802	0.007675	0.002744
764.411933	0.047297	0.007182	0.002666
764.811178	0.048218	0.006640	0.002617
765.194624	0.047979	0.007341	0.002882
765.583765	0.043866	0.006960	0.002605
765.963875	0.047420	0.006963	0.002587
766.335528	0.051671	0.007390	0.002732
766.728759	0.045104	0.007105	0.002725
767.110973	0.048552	0.007386	0.002381
767.505607	0.041940	0.008004	0.003024
767.895067	0.043548	0.008645	0.002611
768.280308	0.045485	0.009662	0.002479
768.646861	0.045953	0.010421	0.002520
769.044502	0.049644	0.012159	0.002602
769.433409	0.047924	0.013453	0.002499
769.809556	0.044794	0.015431	0.002450
770.198113	0.045662	0.017493	0.002689
770.576353	0.049066	0.019204	0.002681
770.976480	0.049416	0.021163	0.002619
771.369658	0.050875	0.023423	0.002880
771.773929	0.051457	0.025225	0.002505
772.175681	0.042045	0.026488	0.002603
772.566395	0.048402	0.026482	0.002615
772.955929	0.050146	0.026504	0.002627
773.346324	0.046319	0.026486	0.002485
773.720994	0.044106	0.023869	0.002801
774.096386	0.042830	0.020799	0.002470
774.477623	0.041507	0.016951	0.002495
774.859794	0.048672	0.012035	0.002481
775.240743	0.052532	0.007572	0.002828
775.626166	0.043853	0.008331	0.002615
776.010260	0.046444	0.014517	0.002652
776.411194	0.050664	0.022137	0.002664
776.795182	0.046398	0.029552	0.002932
777.174124	0.044280	0.038350	0.002436
777.573124	0.047967	0.045491	0.002734
777.947699	0.050258	0.053657	0.002320
778.306963	0.045476	0.060376	0.002369
778.735511	0.053169	0.067291	0.002450
779.101087	0.049784	0.071139	0.002651
779.447538	0.047278	0.074268	0.002659
779.831791	0.045526	0.076941	0.002814
780.197218	0.046094	0.078623	0.002691
780.592904	0.051418	0.078321	0.002567
780.981864	0.047794	0.078006	0.002602
781.373938	0.047634	0.075563	0.002861
781.744029	0.049416	0.074197	0.002492
782.128113	0.049310	0.071864	0.002660
782.505641	0.045677	0.069063	0.002498
782.867391	0.042911	0.067034	0.002800
783.247618	0.047664	0.064431	0.002573
783.607308	0.044070	0.060872	0.002700
783.983731	0.046953	0.058373	0.002487
784.350337	0.047491	0.056374	0.002759
784.710696	0.048578	0.054778	0.002892
785.075485	0.043729	0.052117	0.002573
785.452355	0.043059	0.050448	0.002607
785.837182	0.051208	0.049080	0.002540
786.202821	0.049814	0.047703	0.002915
786.606848	0.046392	0.045626	0.002563
786.963796	0.042696	0.044775	0.002517
787.345245	0.052495	0.042082	0.002651
787.711851	0.044840	0.041363	0.002488
788.072613	0.043936	0.040631	0.002745
788.454349	0.049760	0.039580	0.002719
788.831399	0.050168	0.038266	0.002802
789.238762	0.046196	0.037135	0.002491
789.608629	0.044445	0.035370	0.002722
789.992596	0.043363	0.034998	0.002805
790.365131	0.042845	0.034738	0.002435
790.742532	0.044840	0.033238	0.002651
791.134032	0.050737	0.033335	0.002726
791.486220	0.046824	0.031909	0.002620
791.868901	0.045429	0.031805	0.002691
792.255833	0.045585	0.030648	0.002440
792.635752	0.045720	0.030279	0.002540
793.014257	0.043826	0.029648	0.002300
793.407670	0.044295	0.028818	0.002748
793.783339	0.045485	0.028968	0.002496
794.178015	0.051773	0.028452	0.002830
794.550508	0.046117	0.028250	0.002534
794.914458	0.048765	0.027702	0.002674
795.296023	0.043339	0.027097	0.002597
795.699795	0.043934	0.026403	0.002441
796.077855	0.048543	0.026252	0.002782
796.468972	0.042815	0.025867	0.002885
796.844822	0.043108	0.025599	0.002887
797.237777	0.042828	0.024489	0.002755
797.610949	0.049289	0.024821	0.002479
797.957007	0.051332	0.024523	0.002575
798.325834	0.046335	0.024069	0.002359
798.688860	0.047748	0.024000	0.002471
799.055902	0.051325	0.023778	0.002458
799.435109	0.044838	0.023595	0.002823
799.813572	0.049572	0.023699	0.002851
