800.336623	0.052468	0.023584	0.002713
800.855261	0.060821	0.023250	0.002699
801.323820	0.053695	0.022787	0.002635
801.798424	0.054899	0.022715	0.002763
802.275989	0.051851	0.022246	0.002728
802.743207	0.054577	0.021954	0.002547
803.211069	0.053613	0.021782	0.002606
803.696315	0.052400	0.021768	0.002646
804.185994	0.055811	0.021396	0.002606
804.658414	0.051363	0.021065	0.002660
805.156697	0.057162	0.020233	0.002611
805.649672	0.055119	0.020428	0.002631
806.111144	0.057335	0.020187	0.002598
806.602859	0.056342	0.020105	0.002736
807.065266	0.053701	0.020181	0.002575
807.558551	0.057200	0.019699	0.002746
808.036713	0.054233	0.019874	0.002736
808.516401	0.054860	0.019966	0.002665
809.051815	0.053109	0.019898	0.002662
809.546649	0.053402	0.019105	0.002643
810.020140	0.055015	0.018982	0.002667
810.495259	0.054858	0.018956	0.002665
810.993723	0.053836	0.018792	0.002710
811.456011	0.054363	0.018817	0.002693
811.916030	0.054979	0.018852	0.002695
812.429302	0.052285	0.018969	0.002785
812.887305	0.052873	0.018400	0.002653
813.372517	0.058558	0.018183	0.002764
813.841616	0.054723	0.018043	0.002629
814.371546	0.054007	0.018299	0.002818
814.875176	0.056156	0.018043	0.002641
815.363839	0.053745	0.018216	0.002565
815.828129	0.052591	0.017992	0.002583
816.273410	0.054080	0.018099	0.002588
816.727460	0.056015	0.017823	0.002727
817.210225	0.056331	0.017591	0.002618
817.670150	0.052209	0.018245	0.002588
818.144547	0.052651	0.017710	0.002631
818.626961	0.057042	0.017850	0.002538
819.087492	0.055210	0.017072	0.002619
819.592533	0.055235	0.017799	0.002815
820.112446	0.051808	0.017673	0.002675
820.629193	0.053127	0.017062	0.002600
821.190629	0.058255	0.017628	0.002573
821.655738	0.055298	0.017734	0.002556
822.136677	0.057900	0.017423	0.002581
822.585955	0.051974	0.017807	0.002608
823.055536	0.057597	0.017812	0.002706
823.520953	0.054788	0.017567	0.002596
824.029068	0.053661	0.017755	0.002501
824.517707	0.051134	0.017658	0.002565
824.998844	0.055912	0.017664	0.002711
825.474471	0.057725	0.018208	0.002621
825.960117	0.055715	0.018062	0.002616
826.443477	0.050225	0.018219	0.002564
826.919973	0.053267	0.018397	0.002605
827.427330	0.052834	0.018399	0.002586
827.908191	0.051710	0.017930	0.002730
828.397256	0.058245	0.018624	0.002588
828.886687	0.053707	0.018595	0.002630
829.366226	0.054336	0.018712	0.002603
829.863730	0.056446	0.019153	0.002763
830.360033	0.057492	0.019878	0.002582
830.866238	0.053471	0.019872	0.002633
831.369532	0.054313	0.020626	0.002685
831.848583	0.058209	0.021656	0.002677
832.335048	0.056030	0.023025	0.002706
832.828739	0.051944	0.024137	0.002507
833.311372	0.053685	0.025808	0.002668
833.794344	0.057240	0.027357	0.002801
834.282525	0.058470	0.029854	0.002667
834.753518	0.053588	0.032802	0.002628
835.281192	0.053809	0.035679	0.002732
835.745491	0.050927	0.038029	0.002636
836.222591	0.052728	0.041048	0.002660
836.707706	0.052838	0.044252	0.002635
837.193746	0.054481	0.046512	0.002500
837.644431	0.054348	0.049138	0.002630
838.143630	0.054454	0.050330	0.002721
838.630922	0.054655	0.050694	0.002674
839.121966	0.056612	0.049912	0.002701
839.610859	0.052600	0.047409	0.002670
840.081615	0.053885	0.043044	0.002514
840.571928	0.056686	0.038131	0.002611
841.081554	0.051853	0.030988	0.002802
841.556268	0.057439	0.024483	0.002664
842.046114	0.052967	0.016935	0.002560
842.528943	0.050700	0.010790	0.002647
843.010406	0.056884	0.006853	0.002641
843.490999	0.053233	0.008851	0.002611
843.968939	0.056530	0.013927	0.002666
844.461787	0.054723	0.018226	0.002610
844.937715	0.053814	0.021206	0.002580
845.447639	0.052223	0.024061	0.002691
845.945419	0.052089	0.025805	0.002681
846.420807	0.057216	0.026447	0.002699
846.898777	0.055066	0.026891	0.002564
847.408008	0.052239	0.025792	0.002622
847.893611	0.053590	0.025362	0.002602
848.383136	0.053439	0.023969	0.002560
848.837438	0.055355	0.022975	0.002740
849.310936	0.051764	0.021798	0.002620
849.785893	0.056468	0.020500	0.002796
850.265928	0.051791	0.019756	0.002613
850.736723	0.056167	0.018571	0.002592
851.203947	0.052618	0.017062	0.002653
851.701817	0.056306	0.016205	0.002664
852.189867	0.057605	0.015915	0.002664
852.702057	0.056319	0.015019	0.002603
853.194864	0.053376	0.014199	0.002675
853.648925	0.056682	0.013684	0.002691
854.121069	0.056829	0.013125	0.002492
854.624045	0.056532	0.012147	0.002662
855.064581	0.051209	0.011996	0.002623
855.567509	0.052619	0.011357	0.002615
856.062453	0.057641	0.010922	0.002499
856.547014	0.055451	0.010907	0.002568
857.064925	0.052484	0.010251	0.002593
857.520400	0.055664	0.009590	0.002666
857.980067	0.052600	0.009514	0.002587
858.444805	0.051691	0.008928	0.002673
858.924343	0.052584	0.008884	0.002829
859.430490	0.052379	0.008482	0.002845
859.937202	0.058450	0.008090	0.002621
860.428967	0.056189	0.007838	0.002583
860.923045	0.052537	0.007888	0.002659
861.418546	0.051065	0.007805	0.002595
861.894856	0.057899	0.007398	0.002706
862.397429	0.052169	0.007372	0.002695
862.884398	0.056629	0.007061	0.002606
863.373063	0.053701	0.007111	0.002703
863.860515	0.053291	0.007048	0.002669
864.340514	0.058145	0.006760	0.002622
864.795276	0.053111	0.006905	0.002571
865.269155	0.052382	0.006774	0.002649
865.719335	0.052303	0.006225	0.002681
866.186611	0.052495	0.006546	0.002934
866.655289	0.052744	0.006558	0.002519
867.092838	0.051463	0.006312	0.002539
867.589076	0.057277	0.006189	0.002593
868.079461	0.056159	0.006418	0.002682
868.561853	0.055858	0.006149	0.002678
869.023880	0.052404	0.006003	0.002543
869.538493	0.051914	0.006269	0.002735
869.996674	0.052151	0.006231	0.002641
870.467608	0.054134	0.006202	0.002627
870.962347	0.052828	0.006348	0.002544
871.467143	0.054894	0.006015	0.002661
871.936397	0.056426	0.006399	0.002625
872.408683	0.052620	0.006291	0.002681
872.894845	0.058137	0.006247	0.002580
873.388723	0.052371	0.006135	0.002749
873.917053	0.052397	0.006146	0.002608
874.401252	0.051864	0.006768	0.002619
874.870536	0.050925	0.006188	0.002595
875.372550	0.056615	0.006308	0.002627
875.870491	0.055882	0.006295	0.002566
876.331356	0.051038	0.006293	0.002579
876.797682	0.056613	0.006552	0.002508
877.300487	0.052564	0.006650	0.002677
877.793749	0.059557	0.006345	0.002750
878.268503	0.054758	0.006317	0.002632
878.745891	0.052209	0.006325	0.002785
879.259515	0.050432	0.006472	0.002695
879.746225	0.053354	0.006240	0.002551
880.229037	0.052468	0.006803	0.002778
880.721326	0.052407	0.006899	0.002665
881.210062	0.050068	0.007055	0.002645
881.683938	0.054274	0.007105	0.002533
882.165088	0.055109	0.006840	0.002745
882.639130	0.050428	0.007320	0.002611
883.111578	0.051148	0.007289	0.002660
883.603659	0.054178	0.007116	0.002632
884.098725	0.051967	0.007108	0.002626
884.630815	0.051549	0.006762	0.002666
885.106310	0.055401	0.006777	0.002618
885.606593	0.055695	0.007189	0.002702
886.095908	0.057454	0.007370	0.002723
886.552336	0.052260	0.007098	0.002643
887.038956	0.055309	0.007265	0.002591
887.502199	0.054958	0.007272	0.002631
887.985123	0.054256	0.007151	0.002504
888.437750	0.055215	0.007327	0.002551
888.923807	0.054717	0.007146	0.002694
889.395433	0.058178	0.007053	0.002676
889.859690	0.059553	0.006975	0.002638
890.310264	0.056882	0.007065	0.002655
890.790854	0.051877	0.006948	0.002564
891.291635	0.053123	0.007395	0.002515
891.753418	0.054147	0.007293	0.002658
892.228017	0.059058	0.007455	0.002672
892.718171	0.057625	0.007575	0.002623
893.216978	0.051856	0.007402	0.002516
893.693577	0.054615	0.007455	0.002645
894.153297	0.054956	0.007472	0.002610
894.649150	0.057252	0.007486	0.002706
895.152322	0.052858	0.007430	0.002634
895.648906	0.053935	0.007425	0.002617
896.128027	0.055961	0.007598	0.002588
896.624503	0.055161	0.007382	0.002634
897.080018	0.055792	0.007614	0.002617
897.559112	0.054512	0.008356	0.002604
898.013161	0.058226	0.008669	0.002581
898.477185	0.052415	0.009180	0.002567
898.995172	0.058546	0.010350	0.002623
899.491316	0.052836	0.011138	0.002587
899.999025	0.057261	0.012173	0.002674
900.510280	0.053720	0.012977	0.002704
900.977402	0.054624	0.013635	0.002697
901.459522	0.053040	0.014841	0.002627
901.941482	0.052681	0.015815	0.002712
902.431679	0.055203	0.016028	0.002656
902.934539	0.053188	0.015728	0.002653
903.471861	0.057025	0.013843	0.002563
903.948682	0.058937	0.012142	0.002713
904.413961	0.050405	0.010471	0.002608
904.879855	0.058554	0.008758	0.002617
905.358123	0.049644	0.009747	0.002750
905.860938	0.055022	0.014424	0.002825
906.346248	0.053169	0.020659	0.002656
906.807845	0.055956	0.026982	0.002861
907.326891	0.054774	0.034874	0.002777
907.821563	0.055087	0.042762	0.002823
908.280857	0.052466	0.050203	0.002660
908.783798	0.052991	0.057280	0.002700
909.276280	0.053733	0.063881	0.002619
909.751836	0.054664	0.068753	0.002593
910.216545	0.052784	0.072418	0.002652
910.712531	0.051632	0.074768	0.002647
911.189761	0.052714	0.075244	0.002721
911.675743	0.057182	0.074781	0.002633
912.144693	0.056268	0.073039	0.002646
912.628176	0.052768	0.070310	0.002621
913.121892	0.055722	0.067094	0.002675
913.629028	0.053146	0.063189	0.002765
914.148982	0.058042	0.059718	0.002684
914.638714	0.051085	0.056627	0.002512
915.095140	0.054934	0.054055	0.002647
915.539141	0.057084	0.051533	0.002602
916.019317	0.054382	0.048524	0.002641
916.481710	0.058143	0.046718	0.002658
916.988880	0.053531	0.044927	0.002654
917.515140	0.055473	0.042800	0.002743
918.025107	0.051759	0.040890	0.002750
918.501331	0.053677	0.039304	0.002570
918.985549	0.055548	0.037853	0.002690
919.451597	0.056612	0.036922	0.002590
919.898265	0.055081	0.036034	0.002656
920.367704	0.053140	0.034918	0.002647
920.835089	0.052509	0.033753	0.002753
921.330890	0.056952	0.033019	0.002563
921.770223	0.057057	0.032293	0.002572
922.276303	0.054573	0.031970	0.002584
922.774298	0.051207	0.030686	0.002590
923.268687	0.057310	0.030724	0.002614
923.772264	0.056541	0.029742	0.002715
924.251857	0.056509	0.029446	0.002657
924.777374	0.051835	0.028484	0.002526
925.297751	0.055866	0.028122	0.002559
925.803951	0.051506	0.027623	0.002646
926.293877	0.056858	0.027423	0.002661
926.761016	0.056017	0.026861	0.002630
927.214469	0.054293	0.026510	0.002675
927.697827	0.057543	0.026380	0.002677
928.215043	0.052503	0.025913	0.002702
928.714081	0.051025	0.025925	0.002727
929.197102	0.053183	0.025723	0.002541
929.682753	0.057370	0.025713	0.002713
930.184136	0.052261	0.025090	0.002615
930.691343	0.055311	0.024971	0.002578
931.197205	0.057264	0.024944	0.002490
931.676188	0.051536	0.024936	0.002638
932.127255	0.053134	0.024954	0.002604
932.604177	0.050657	0.024970	0.002635
933.094850	0.056018	0.024582	0.002696
933.551105	0.053738	0.024562	0.002599
934.051193	0.057303	0.024575	0.002769
934.539540	0.053416	0.024548	0.002610
935.027673	0.057322	0.024655	0.002647
935.512779	0.057952	0.024549	0.002657
935.990887	0.056675	0.024877	0.002603
936.495680	0.055979	0.024939	0.002617
936.968603	0.058237	0.024673	0.002616
937.431796	0.054055	0.025072	0.002722
937.913772	0.057773	0.024967	0.002800
938.411336	0.056633	0.025043	0.002624
938.886810	0.052681	0.025179	0.002787
939.382022	0.052313	0.025850	0.002669
939.873229	0.055791	0.026121	0.002742
940.364253	0.053077	0.026171	0.002645
940.828855	0.054652	0.026650	0.002750
941.254291	0.057811	0.026554	0.002708
941.717317	0.053782	0.027387	0.002665
942.220753	0.053271	0.027495	0.002622
942.686012	0.052146	0.028094	0.002648
943.183179	0.055865	0.028849	0.002750
943.669975	0.056045	0.029507	0.002636
944.183145	0.059323	0.029694	0.002709
944.676756	0.050889	0.030681	0.002580
945.154841	0.057373	0.031790	0.002716
945.683195	0.051689	0.032599	0.002796
946.187980	0.059473	0.034258	0.002676
946.669447	0.057405	0.034844	0.002654
947.121569	0.054595	0.036117	0.002660
947.627745	0.052383	0.037647	0.002778
948.063752	0.049658	0.039004	0.002666
948.591853	0.053135	0.041430	0.002635
949.054704	0.057417	0.043179	0.002647
949.550451	0.051667	0.044670	0.002763
950.037430	0.053968	0.046765	0.002767
950.532175	0.054156	0.048152	0.002653
951.004883	0.058072	0.050310	0.002684
951.491368	0.061000	0.050723	0.002699
951.962348	0.055941	0.051036	0.002637
952.434399	0.056839	0.050363	0.002671
952.935225	0.056719	0.047934	0.002644
953.439981	0.057718	0.044174	0.002779
953.932375	0.057743	0.039833	0.002696
954.434566	0.056606	0.034307	0.002798
954.907227	0.054723	0.028876	0.002804
955.356911	0.058468	0.023281	0.002666
955.847222	0.054734	0.017582	0.002650
956.354591	0.060362	0.012801	0.002621
956.812094	0.051351	0.010126	0.002577
957.324225	0.052340	0.010976	0.002687
957.806880	0.051229	0.013234	0.002704
958.284365	0.051746	0.017074	0.002695
958.789364	0.050901	0.020251	0.002687
959.246502	0.051647	0.021877	0.002754
959.715466	0.054239	0.024769	0.002647
960.213302	0.054434	0.025602	0.002783
960.691450	0.060327	0.026033	0.002797
961.177552	0.058623	0.025597	0.002699
961.639687	0.053034	0.025074	0.002780
962.103292	0.050940	0.024275	0.002773
962.565447	0.056845	0.022945	0.002741
962.995754	0.054035	0.021917	0.002647
963.482222	0.056005	0.020958	0.002742
963.921755	0.055812	0.019780	0.002758
964.421023	0.057620	0.018623	0.002593
964.929957	0.051445	0.017270	0.002653
964.674727	0.055709	0.017499	0.002629
964.202832	0.050309	0.018630	0.002768
963.708585	0.057681	0.019932	0.002678
963.205126	0.052800	0.020891	0.002828
962.710677	0.049849	0.022647	0.002512
962.224399	0.052524	0.023034	0.002651
961.725608	0.058019	0.024498	0.002786
961.233558	0.058656	0.025426	0.002605
960.738070	0.054083	0.025885	0.002652
960.276070	0.054837	0.025927	0.002704
959.788336	0.054410	0.025118	0.002687
959.276169	0.056530	0.023435	0.002759
958.763237	0.056484	0.021234	0.002747
958.273498	0.055343	0.017606	0.002603
957.806278	0.052093	0.014990	0.002702
957.337842	0.053445	0.012268	0.002657
956.875053	0.052881	0.010098	0.002670
956.407247	0.054119	0.010859	0.002674
955.924550	0.055472	0.014617	0.002704
955.463814	0.057723	0.019257	0.002750
954.955860	0.057809	0.025654	0.002693
954.464019	0.060326	0.031659	0.002606
953.992720	0.055760	0.036925	0.002796
953.515097	0.054395	0.042035	0.002677
953.018328	0.054380	0.046276	0.002744
952.543039	0.053813	0.048922	0.002563
952.036425	0.056849	0.050989	0.002630
951.545460	0.059097	0.051342	0.002608
951.062943	0.057130	0.050994	0.002665
950.565146	0.051150	0.049706	0.002644
950.078150	0.058174	0.048040	0.002502
949.584091	0.058776	0.045930	0.002672
949.117463	0.058771	0.044365	0.002691
948.615844	0.050356	0.042085	0.002733
948.136555	0.058779	0.040204	0.002736
947.622987	0.058701	0.038603	0.002755
947.152290	0.055887	0.037041	0.002711
946.663488	0.052877	0.036025	0.002621
946.155507	0.057212	0.034345	0.002659
945.678569	0.054179	0.033588	0.002657
945.218044	0.053611	0.032144	0.002668
944.713624	0.054978	0.031552	0.002637
944.227521	0.056283	0.030561	0.002758
943.716994	0.056921	0.029964	0.002699
943.207497	0.053182	0.029173	0.002707
942.752436	0.054522	0.029000	0.002693
942.242795	0.056403	0.027678	0.002656
941.768084	0.054294	0.027235	0.002628
941.290665	0.054427	0.027602	0.002706
940.807159	0.054803	0.026217	0.002750
940.294394	0.052172	0.026283	0.002770
939.774866	0.049229	0.025928	0.002843
939.294067	0.055274	0.025754	0.002744
938.831246	0.058953	0.025727	0.002608
938.355964	0.057168	0.025660	0.002729
937.893175	0.057384	0.024918	0.002673
937.407276	0.054931	0.024880	0.002678
936.918630	0.054383	0.025060	0.002636
936.444398	0.054891	0.024914	0.002625
935.983585	0.055673	0.024561	0.002553
935.522131	0.051862	0.024918	0.002707
935.041785	0.052366	0.024534	0.002528
934.573116	0.056301	0.024921	0.002741
934.069035	0.055310	0.024913	0.002646
933.558806	0.054291	0.024944	0.002773
933.048097	0.051192	0.024762	0.002734
932.523271	0.052611	0.024966	0.002573
932.033251	0.053901	0.025005	0.002612
931.555419	0.052732	0.024970	0.002636
931.078128	0.052962	0.025202	0.002705
930.597055	0.055123	0.025211	0.002656
930.108888	0.056861	0.025612	0.002786
929.653220	0.053756	0.025633	0.002705
929.145123	0.055390	0.025948	0.002620
928.654637	0.052689	0.026119	0.002724
928.126542	0.051923	0.026281	0.002605
927.603022	0.058558	0.026363	0.002624
927.109772	0.056583	0.026714	0.002581
926.633077	0.051953	0.027373	0.002603
926.176879	0.052203	0.027825	0.002654
925.688973	0.052986	0.027605	0.002588
925.195970	0.053225	0.028031	0.002767
924.716413	0.052034	0.028051	0.002696
924.215086	0.053454	0.029202	0.002628
923.752640	0.055683	0.029675	0.002717
923.262267	0.052543	0.030172	0.002624
922.749349	0.053066	0.031223	0.002579
922.279920	0.054235	0.031611	0.002621
921.801533	0.057920	0.031854	0.002789
921.285015	0.055565	0.032919	0.002559
920.797143	0.055313	0.034508	0.002703
920.296029	0.052635	0.035095	0.002625
919.809985	0.057638	0.035613	0.002657
919.394831	0.058090	0.036932	0.002494
918.895225	0.055837	0.038047	0.002559
918.381974	0.055194	0.039345	0.002684
917.894661	0.052210	0.041037	0.002528
917.405454	0.055668	0.042705	0.002595
916.918834	0.053592	0.044394	0.002681
916.401924	0.055834	0.046586	0.002735
915.902607	0.053326	0.049253	0.002707
915.426519	0.057197	0.050853	0.002617
914.955625	0.059223	0.053911	0.002542
914.498109	0.052942	0.057208	0.002561
913.995659	0.056621	0.060028	0.002691
913.502756	0.053657	0.063824	0.002638
912.999605	0.054882	0.066912	0.002651
912.528154	0.051370	0.070018	0.002646
912.070328	0.057030	0.072366	0.002698
911.555449	0.054674	0.074325	0.002659
911.067332	0.057930	0.076110	0.002630
910.575313	0.055395	0.075543	0.002737
910.065747	0.056072	0.073081	0.002592
909.585213	0.053320	0.069504	0.002693
909.098097	0.055442	0.064816	0.002696
908.632688	0.057997	0.058380	0.002677
908.174692	0.054753	0.051625	0.002630
907.701159	0.049781	0.044305	0.002693
907.223764	0.050713	0.037102	0.002595
906.765265	0.054139	0.029761	0.002584
906.278629	0.053082	0.022694	0.002643
905.781305	0.051518	0.015995	0.002598
905.280453	0.051625	0.010587	0.002576
904.775813	0.058409	0.008963	0.002661
904.335149	0.054301	0.010051	0.002590
903.837270	0.055114	0.012063	0.002601
903.357751	0.050284	0.013746	0.002653
902.884256	0.052867	0.015310	0.002597
902.390678	0.050998	0.016266	0.002646
901.913422	0.050883	0.016241	0.002633
901.444826	0.050815	0.015469	0.002712
900.964820	0.053560	0.014655	0.002616
900.504914	0.056923	0.013497	0.002675
900.003071	0.053459	0.012365	0.002670
899.498280	0.051621	0.011574	0.002558
898.975535	0.051166	0.010252	0.002609
898.494705	0.053446	0.009615	0.002582
897.996302	0.053681	0.008778	0.002741
897.529490	0.057188	0.008420	0.002572
897.056907	0.053015	0.007598	0.002554
896.562131	0.054714	0.008185	0.002708
896.083361	0.057637	0.007559	0.002679
895.594216	0.055317	0.007534	0.002688
895.092224	0.058687	0.008305	0.002541
894.599477	0.047870	0.007676	0.002648
894.097544	0.051287	0.007761	0.002709
893.588104	0.056313	0.007336	0.002549
893.115018	0.054985	0.007456	0.002657
892.639044	0.055202	0.007407	0.002674
892.157639	0.053758	0.007538	0.002648
891.682740	0.052597	0.007405	0.002639
891.187157	0.055258	0.007144	0.002739
890.681858	0.052497	0.007308	0.002638
890.204616	0.057520	0.006936	0.002526
889.730986	0.051776	0.007066	0.002589
889.220908	0.057245	0.007237	0.002641
888.727996	0.052637	0.007006	0.002618
888.241538	0.057248	0.007006	0.002619
887.744285	0.055749	0.007461	0.002688
887.249601	0.052785	0.007307	0.002631
886.762958	0.052119	0.007281	0.002691
886.291601	0.051293	0.007095	0.002627
885.809948	0.055853	0.007052	0.002656
885.341613	0.057511	0.007123	0.002576
884.860314	0.057562	0.006738	0.002600
884.361457	0.055580	0.006825	0.002563
883.884030	0.053710	0.006953	0.002613
883.393885	0.055357	0.007649	0.002720
882.933940	0.052786	0.007078	0.002736
882.434059	0.052002	0.007080	0.002701
881.988731	0.051418	0.006800	0.002778
881.499243	0.052557	0.006916	0.002678
881.023446	0.056837	0.006837	0.002603
880.556450	0.054676	0.007105	0.002590
880.044384	0.059665	0.006675	0.002661
879.555009	0.057213	0.006412	0.002603
879.078917	0.055237	0.006333	0.002635
878.572733	0.052990	0.006282	0.002758
878.088238	0.051167	0.006089	0.002587
877.607516	0.055494	0.006320	0.002577
877.092749	0.053819	0.006321	0.002647
876.600512	0.056400	0.006200	0.002598
876.123860	0.052533	0.006297	0.002646
875.662467	0.057343	0.006454	0.002757
875.215119	0.051817	0.006342	0.002643
874.729851	0.057767	0.006466	0.002623
874.235295	0.054943	0.006222	0.002668
873.728368	0.054165	0.006098	0.002669
873.204432	0.056461	0.006260	0.002631
872.722333	0.054359	0.005706	0.002617
872.185745	0.056400	0.006359	0.002527
871.631648	0.056956	0.006276	0.002585
871.080987	0.055583	0.006395	0.002613
870.615771	0.056530	0.006301	0.002722
870.133417	0.055071	0.006383	0.002652
869.629146	0.056804	0.006030	0.002618
869.104422	0.056215	0.006408	0.002698
868.605051	0.053875	0.006245	0.002681
868.094624	0.053665	0.006128	0.002577
867.608926	0.056348	0.006115	0.002490
867.134419	0.052754	0.006536	0.002609
866.650728	0.053252	0.006739	0.002608
866.176428	0.052886	0.006462	0.002672
865.676447	0.051640	0.006575	0.002453
865.195583	0.058273	0.006760	0.002676
864.722213	0.054797	0.006812	0.002620
864.218000	0.053612	0.006852	0.002576
863.709824	0.056870	0.007139	0.002714
863.264397	0.053488	0.007114	0.002701
862.789597	0.058200	0.007379	0.002586
862.290507	0.056458	0.007194	0.002730
861.843598	0.053818	0.007354	0.002662
861.348312	0.053263	0.007554	0.002611
860.860509	0.056717	0.007782	0.002610
860.360971	0.053300	0.007818	0.002705
859.881363	0.055673	0.008189	0.002577
859.424105	0.058807	0.008454	0.002616
858.951970	0.052998	0.008657	0.002575
858.474459	0.052089	0.009159	0.002595
857.999086	0.051521	0.009433	0.002628
857.495818	0.052938	0.009601	0.002623
856.998832	0.052005	0.010508	0.002548
856.517947	0.058475	0.010550	0.002581
856.045895	0.055166	0.010731	0.002487
855.580877	0.053220	0.011064	0.002650
855.097493	0.056985	0.011508	0.002619
854.643133	0.055718	0.012179	0.002494
854.157775	0.054097	0.012352	0.002554
853.665538	0.052231	0.013184	0.002699
853.161334	0.050995	0.014064	0.002654
852.635984	0.051625	0.014042	0.002720
852.161519	0.057379	0.015450	0.002602
851.668117	0.052687	0.016436	0.002695
851.218805	0.058177	0.016811	0.002535
850.733528	0.051959	0.018172	0.002724
850.231771	0.056207	0.019242	0.002695
849.729301	0.058699	0.020251	0.002498
849.229869	0.050058	0.021390	0.002678
848.758982	0.051162	0.022674	0.002678
848.284861	0.053388	0.023899	0.002620
847.824380	0.053291	0.025061	0.002665
847.332137	0.052896	0.025532	0.002525
846.819875	0.057292	0.026551	0.002488
846.316746	0.055435	0.026289	0.002703
845.850481	0.054711	0.025814	0.002730
845.374885	0.051832	0.024534	0.002601
844.883137	0.056318	0.022270	0.002568
844.336845	0.056471	0.018297	0.002606
843.816557	0.052194	0.013809	0.002625
843.345725	0.053620	0.009649	0.002637
842.879870	0.052657	0.006610	0.002631
842.426129	0.052448	0.009279	0.002651
841.956855	0.056874	0.015277	0.002687
841.481421	0.052660	0.022363	0.002699
841.005762	0.057630	0.028913	0.002644
840.564186	0.052352	0.035356	0.002603
840.085871	0.053562	0.040880	0.002650
839.593484	0.057471	0.045597	0.002648
839.069603	0.053528	0.048762	0.002611
838.563695	0.053320	0.050687	0.002486
838.063813	0.056972	0.050457	0.002597
837.594433	0.053782	0.049136	0.002405
837.132471	0.052612	0.047457	0.002634
836.619506	0.058899	0.044352	0.002613
836.136133	0.056685	0.042041	0.002649
835.656411	0.053276	0.038434	0.002559
835.153790	0.053151	0.035512	0.002734
834.651425	0.055304	0.032858	0.002598
834.163747	0.052829	0.030068	0.002705
833.668738	0.053096	0.027478	0.002539
833.197469	0.055041	0.025418	0.002636
832.704876	0.051230	0.024096	0.002640
832.220953	0.051451	0.023069	0.002533
831.748417	0.053324	0.021400	0.002558
831.252422	0.057212	0.020839	0.002508
830.789283	0.056700	0.019822	0.002639
830.260426	0.057137	0.019751	0.002713
829.782612	0.057543	0.018751	0.002616
829.281131	0.053405	0.018652	0.002578
828.794031	0.057728	0.018685	0.002531
828.317095	0.054240	0.018620	0.002799
827.855120	0.057079	0.018083	0.002645
827.346223	0.058320	0.017848	0.002682
826.866004	0.054855	0.017930	0.002529
826.386386	0.057895	0.017781	0.002582
825.917051	0.055083	0.018195	0.002639
825.431494	0.051080	0.017741	0.002588
824.966755	0.055214	0.017876	0.002690
824.445301	0.052668	0.017883	0.002569
823.944145	0.052678	0.017895	0.002619
823.427175	0.053696	0.017359	0.002783
822.927323	0.052226	0.017396	0.002610
822.450045	0.059123	0.017454	0.002664
822.010102	0.051858	0.017160	0.002711
821.508840	0.051977	0.017196	0.002688
821.026857	0.054370	0.017805	0.002578
820.567469	0.053839	0.017596	0.002539
820.064061	0.052545	0.017270	0.002705
819.622091	0.055427	0.017197	0.002753
819.138387	0.056412	0.017096	0.002754
818.662885	0.054690	0.017119	0.002639
818.179194	0.056820	0.017378	0.002635
817.722303	0.054225	0.017630	0.002554
817.260526	0.059015	0.017923	0.002657
816.772949	0.052482	0.017683	0.002802
816.286763	0.053045	0.017861	0.002662
815.786769	0.056581	0.017774	0.002666
815.293743	0.053817	0.017683	0.002644
814.844857	0.059295	0.018004	0.002525
814.366421	0.051542	0.017989	0.002609
813.864600	0.056423	0.018358	0.002707
813.375662	0.054657	0.018166	0.002575
812.893421	0.055049	0.018634	0.002631
812.385809	0.053003	0.018123	0.002600
811.895643	0.053594	0.018757	0.002582
811.421789	0.052923	0.018847	0.002740
810.927524	0.053496	0.018741	0.002660
810.431241	0.052935	0.019048	0.002578
809.918398	0.052028	0.018841	0.002641
809.411938	0.051935	0.019626	0.002545
808.897858	0.054563	0.019612	0.002693
808.406226	0.055595	0.019090	0.002589
807.937570	0.052657	0.020157	0.002496
807.461356	0.057695	0.019811	0.002580
806.966291	0.058357	0.019637	0.002668
806.478225	0.054992	0.019723	0.002623
805.997991	0.052937	0.020280	0.002709
805.518089	0.057688	0.020237	0.002581
805.021070	0.055442	0.020308	0.002679
804.542796	0.055495	0.020612	0.002538
804.048619	0.056802	0.021379	0.002807
803.585848	0.055862	0.021486	0.002595
803.110481	0.054441	0.021718	0.002835
802.637094	0.055488	0.021705	0.002600
802.151333	0.055335	0.022036	0.002560
801.685883	0.054277	0.022356	0.002541
801.163969	0.054203	0.022518	0.002650
800.657775	0.054764	0.023044	0.002556
800.155370	0.053861	0.022730	0.002693
799.696452	0.054380	0.023009	0.002569
799.197746	0.055691	0.023544	0.002516
798.721584	0.054684	0.023906	0.002740
798.225392	0.056559	0.024566	0.002599
797.748440	0.053130	0.024527	0.002608
797.291951	0.054505	0.025460	0.002555
796.821241	0.054261	0.025402	0.002542
796.368536	0.054750	0.025586	0.002713
795.878020	0.055210	0.026361	0.002671
795.383988	0.053954	0.027029	0.002835
794.879358	0.056761	0.027358	0.002705
794.376768	0.054771	0.027691	0.002587
793.904289	0.053433	0.028750	0.002580
793.374803	0.054960	0.029501	0.002572
792.874026	0.053902	0.030076	0.002691
792.390327	0.055827	0.030958	0.002646
791.917960	0.055060	0.031949	0.002584
791.423528	0.054701	0.032719	0.002697
790.920492	0.055671	0.033317	0.002495
790.412432	0.054529	0.035007	0.002618
789.950656	0.054298	0.035044	0.002697
789.477690	0.054648	0.036426	0.002594
789.011960	0.054636	0.037972	0.002649
788.539585	0.054007	0.039264	0.002632
788.059143	0.055518	0.040622	0.002450
787.588857	0.056114	0.041773	0.002639
787.113881	0.054673	0.043624	0.002608
786.642304	0.051983	0.044882	0.002689
786.165675	0.054634	0.047188	0.002556
785.693004	0.055638	0.048949	0.002558
785.212470	0.055195	0.051165	0.002658
784.698545	0.055641	0.054389	0.002716
784.187114	0.055667	0.057145	0.002789
783.704335	0.054487	0.060211	0.002624
783.207612	0.053821	0.063138	0.002539
782.717865	0.054637	0.067474	0.002553
782.227868	0.054950	0.070385	0.002600
781.750810	0.054782	0.073706	0.002590
781.273641	0.055271	0.075826	0.002575
780.759094	0.054593	0.078149	0.002655
780.228136	0.054577	0.078706	0.002688
779.728281	0.054820	0.077678	0.002554
779.254040	0.052808	0.075816	0.002604
778.781982	0.055135	0.070730	0.002588
778.295542	0.054832	0.064099	0.002651
777.834212	0.054681	0.056045	0.002484
777.346778	0.053908	0.046084	0.002662
776.825654	0.054431	0.035410	0.002606
776.348164	0.054703	0.025240	0.002803
775.843254	0.052658	0.014710	0.002693
775.366587	0.055429	0.007540	0.002543
774.902529	0.056347	0.008999	0.002633
774.408622	0.055150	0.015520	0.002670
773.955252	0.055242	0.020671	0.002553
773.468028	0.055675	0.024124	0.002556
773.000274	0.055545	0.026918	0.002649
772.546299	0.054291	0.026972	0.002532
772.054075	0.054787	0.026602	0.002749
771.587036	0.054774	0.024939	0.002591
771.100574	0.053351	0.022907	0.002649
770.592332	0.053094	0.020536	0.002667
770.105888	0.053805	0.018676	0.002696
769.623696	0.055498	0.015968	0.002551
769.122345	0.053895	0.013216	0.002682
768.649154	0.054487	0.011981	0.002545
768.166775	0.055623	0.009749	0.002622
767.660660	0.053495	0.009084	0.002521
767.133893	0.054200	0.008850	0.002598
766.594091	0.054438	0.007378	0.002445
766.126134	0.054015	0.007418	0.002554
765.637227	0.055575	0.007265	0.002702
765.167557	0.054622	0.007235	0.002651
764.688879	0.055232	0.007621	0.002628
764.213249	0.053953	0.007459	0.002650
763.720963	0.053564	0.007240	0.002754
763.224270	0.054493	0.007562	0.002458
762.760157	0.053821	0.007294	0.002638
762.267285	0.054037	0.007447	0.002645
761.755375	0.053693	0.007481	0.002689
761.263321	0.053981	0.007456	0.002584
760.797257	0.053960	0.007483	0.002519
760.306760	0.054362	0.007031	0.002602
759.822314	0.054056	0.007572	0.002659
759.306201	0.055644	0.007146	0.002566
758.823647	0.054765	0.006922	0.002621
758.344609	0.055119	0.007318	0.002579
757.854864	0.055978	0.007019	0.002700
757.367846	0.055090	0.007212	0.002594
756.893803	0.053331	0.007207	0.002686
756.438404	0.053178	0.006805	0.002604
755.981576	0.055512	0.007079	0.002710
755.501421	0.054081	0.006765	0.002649
755.033477	0.053943	0.007134	0.002644
754.562049	0.055245	0.006515	0.002559
754.090883	0.054292	0.006798	0.002638
753.609947	0.054711	0.006757	0.002620
753.144565	0.053532	0.006499	0.002596
752.686937	0.054611	0.006388	0.002633
752.196789	0.054126	0.006744	0.002584
751.749276	0.055793	0.006412	0.002564
751.261062	0.054052	0.006785	0.002597
750.763810	0.055004	0.006418	0.002680
750.281038	0.054794	0.006435	0.002626
749.805314	0.055108	0.006181	0.002554
749.316821	0.053777	0.006120	0.002512
748.833371	0.055304	0.006381	0.002760
748.327917	0.056372	0.006394	0.002511
747.884445	0.055390	0.006500	0.002678
747.400625	0.053446	0.006329	0.002650
746.883144	0.055384	0.006379	0.002566
746.415385	0.054615	0.006328	0.002617
745.915290	0.053701	0.006249	0.002660
745.441261	0.052797	0.006369	0.002728
744.946409	0.054713	0.006293	0.002623
744.465568	0.054856	0.006033	0.002574
743.955683	0.055922	0.006135	0.002545
743.477063	0.055804	0.006194	0.002759
742.998201	0.054227	0.006259	0.002540
742.513038	0.054006	0.006139	0.002668
742.038561	0.054087	0.006364	0.002742
741.526617	0.053707	0.006065	0.002660
741.031750	0.054488	0.006300	0.002561
740.579326	0.053851	0.005964	0.002660
740.133226	0.054482	0.005872	0.002721
739.628647	0.054437	0.006432	0.002569
739.109122	0.054555	0.006397	0.002745
738.611777	0.055498	0.006573	0.002498
738.114083	0.055436	0.006413	0.002687
737.648352	0.054713	0.005851	0.002584
737.165378	0.055016	0.006459	0.002684
736.685810	0.055254	0.006203	0.002764
736.172218	0.056067	0.006140	0.002618
735.693319	0.054795	0.005859	0.002535
735.201607	0.055447	0.006419	0.002589
734.718263	0.054288	0.005886	0.002543
734.239742	0.054108	0.006225	0.002653
733.757969	0.054958	0.006029	0.002705
733.266303	0.054842	0.006245	0.002696
732.767077	0.054747	0.006437	0.002636
732.303406	0.053058	0.006368	0.002694
731.818517	0.055674	0.006510	0.002573
731.296901	0.054661	0.006395	0.002520
730.820828	0.054706	0.006202	0.002507
730.309921	0.054140	0.006238	0.002635
729.847993	0.054997	0.006487	0.002600
729.366325	0.054130	0.007062	0.002600
728.861166	0.054487	0.006399	0.002733
728.344841	0.054163	0.006518	0.002523
727.876805	0.055795	0.006940	0.002618
727.412624	0.056389	0.006503	0.002526
726.903661	0.053330	0.007001	0.002686
726.390498	0.054445	0.006616	0.002607
725.921299	0.055785	0.007205	0.002666
725.464489	0.054719	0.007067	0.002654
725.012769	0.055955	0.007252	0.002719
724.525374	0.053006	0.007590	0.002709
724.037891	0.054262	0.007415	0.002617
723.562381	0.055358	0.007125	0.002524
723.078240	0.055466	0.007784	0.002466
722.589800	0.056330	0.007788	0.002498
722.102599	0.054080	0.007773	0.002566
721.626493	0.055190	0.008189	0.002684
721.167345	0.053417	0.007984	0.002489
720.673073	0.055171	0.008091	0.002540
720.197597	0.054803	0.008233	0.002643
719.714899	0.054636	0.008226	0.002557
719.223444	0.053943	0.008867	0.002586
718.758363	0.053450	0.009208	0.002595
718.265006	0.056077	0.009120	0.002629
717.795608	0.056291	0.009270	0.002625
717.291837	0.054888	0.009521	0.002598
716.821308	0.053017	0.010064	0.002500
716.338918	0.055125	0.010923	0.002510
715.847896	0.054590	0.010981	0.002582
715.357081	0.056003	0.011049	0.002579
714.846510	0.055406	0.012354	0.002616
714.370269	0.056424	0.012330	0.002557
713.895922	0.055632	0.012908	0.002587
713.406256	0.053471	0.012860	0.002588
712.907127	0.055787	0.013486	0.002600
712.406862	0.055249	0.014204	0.002615
711.927264	0.054232	0.015257	0.002653
711.445896	0.056041	0.015759	0.002781
710.971534	0.055670	0.016300	0.002621
710.507577	0.054317	0.016741	0.002729
710.030342	0.055254	0.016066	0.002821
709.544745	0.054959	0.016213	0.002726
709.069693	0.054314	0.015501	0.002582
708.577466	0.053846	0.013792	0.002546
708.078293	0.056148	0.011836	0.002700
707.626213	0.055369	0.009737	0.002585
707.113984	0.053533	0.008432	0.002542
706.638374	0.055722	0.009583	0.002622
706.151959	0.054277	0.013199	0.002640
705.650251	0.054531	0.018313	0.002673
705.135188	0.054037	0.024068	0.002597
704.636635	0.055110	0.028284	0.002574
704.132455	0.054273	0.032796	0.002692
703.642222	0.054610	0.035601	0.002615
703.188146	0.054064	0.036137	0.002729
702.707881	0.055548	0.037141	0.002545
702.230314	0.054746	0.035776	0.002665
701.737305	0.057245	0.034104	0.002636
701.223899	0.055164	0.031343	0.002619
700.746177	0.052774	0.028689	0.002527
700.275523	0.052905	0.025669	0.002648
699.794516	0.054789	0.024198	0.002651
699.324977	0.056098	0.021338	0.002614
698.849152	0.054830	0.019703	0.002643
698.356377	0.055142	0.018028	0.002645
697.886233	0.055766	0.016907	0.002545
697.425098	0.056094	0.015672	0.002709
696.962400	0.052565	0.014969	0.002729
696.491509	0.055069	0.014865	0.002606
696.016329	0.054262	0.014529	0.002722
695.520806	0.054012	0.014101	0.002675
695.022874	0.053896	0.014365	0.002691
694.505462	0.055051	0.014507	0.002606
694.002240	0.055545	0.014552	0.002644
693.524278	0.054261	0.014959	0.002509
693.069648	0.054365	0.015135	0.002693
692.607132	0.055781	0.014430	0.002610
692.143232	0.054352	0.014801	0.002629
691.650449	0.055582	0.014462	0.002666
691.134093	0.053946	0.014660	0.002714
690.684129	0.053740	0.014778	0.002691
690.185463	0.053504	0.014798	0.002632
689.702841	0.055164	0.014428	0.002521
689.240648	0.055370	0.015150	0.002625
688.760297	0.052170	0.014681	0.002676
688.309651	0.053092	0.014882	0.002687
687.842422	0.054109	0.015128	0.002690
687.336280	0.056426	0.014385	0.002640
686.825356	0.053420	0.015145	0.002593
686.381869	0.055974	0.014933	0.002561
685.900600	0.054434	0.014906	0.002620
685.398003	0.053634	0.014720	0.002594
684.906817	0.054575	0.015221	0.002558
684.398744	0.056535	0.015068	0.002666
683.909362	0.054128	0.015433	0.002567
683.398588	0.054244	0.014991	0.002557
682.928662	0.056387	0.015594	0.002659
682.446917	0.055297	0.015640	0.002665
681.991585	0.052827	0.015839	0.002579
681.524673	0.054917	0.015876	0.002556
681.058671	0.054779	0.015814	0.002724
680.585224	0.056302	0.015535	0.002717
680.071119	0.055769	0.016075	0.002581
679.579660	0.055327	0.015981	0.002671
679.069441	0.055707	0.015862	0.002569
678.590291	0.056006	0.016253	0.002703
678.116380	0.052911	0.015939	0.002573
677.650825	0.055933	0.016225	0.002701
677.152440	0.056188	0.016451	0.002653
676.669902	0.054275	0.016326	0.002670
676.202532	0.053725	0.016363	0.002596
675.713112	0.057512	0.016709	0.002663
675.226785	0.054437	0.017230	0.002640
674.752146	0.054051	0.017026	0.002640
674.267617	0.055660	0.017182	0.002588
673.772876	0.053023	0.017163	0.002656
673.253319	0.054409	0.017414	0.002588
672.761744	0.054025	0.017267	0.002639
672.252287	0.055478	0.017565	0.002834
671.770406	0.054286	0.017534	0.002694
671.255520	0.055003	0.017909	0.002587
670.790381	0.052964	0.017869	0.002585
670.336849	0.053967	0.018115	0.002683
669.872658	0.052281	0.017937	0.002628
669.411756	0.053546	0.018341	0.002604
668.918262	0.056459	0.018162	0.002597
668.405452	0.053960	0.018231	0.002594
667.932070	0.055627	0.018691	0.002547
667.431674	0.053628	0.018445	0.002638
666.947742	0.054086	0.018641	0.002594
666.486460	0.054616	0.018992	0.002598
666.033308	0.054344	0.018881	0.002654
665.549784	0.053899	0.018843	0.002594
665.059866	0.053598	0.019060	0.002621
664.551946	0.054067	0.019452	0.002572
664.097225	0.055056	0.019689	0.002690
663.603106	0.054390	0.019923	0.002618
663.124794	0.054523	0.019651	0.002670
662.664768	0.053580	0.020344	0.002614
662.189002	0.054904	0.020291	0.002612
661.730123	0.055036	0.020032	0.002583
661.236435	0.055183	0.020463	0.002725
660.718956	0.054281	0.020362	0.002577
660.216021	0.055662	0.020502	0.002586
659.722106	0.054855	0.020406	0.002677
659.236274	0.055013	0.020560	0.002639
658.754968	0.053185	0.021441	0.002668
658.245226	0.052649	0.021330	0.002509
657.774147	0.054405	0.021490	0.002807
657.308694	0.054801	0.021578	0.002630
656.821687	0.054105	0.021727	0.002619
656.344839	0.055485	0.021922	0.002568
655.880250	0.055213	0.022231	0.002522
655.387803	0.055134	0.022227	0.002611
654.909142	0.055101	0.022827	0.002617
654.416995	0.054921	0.023203	0.002586
653.928339	0.054885	0.023388	0.002666
653.456127	0.054701	0.023463	0.002652
652.970191	0.055435	0.023734	0.002626
652.491475	0.055168	0.023697	0.002615
652.035103	0.054190	0.024273	0.002711
651.546009	0.055534	0.024565	0.002648
651.061968	0.057199	0.024815	0.002593
650.579634	0.054337	0.025224	0.002660
650.076532	0.054307	0.025278	0.002684
649.606828	0.053838	0.025819	0.002767
649.068834	0.055550	0.026054	0.002618
648.598861	0.055116	0.026392	0.002562
648.103109	0.054385	0.027247	0.002696
647.639618	0.054358	0.027808	0.002718
647.136873	0.053912	0.028358	0.002781
646.665724	0.054478	0.029222	0.002534
646.170829	0.054994	0.029321	0.002704
645.687459	0.055573	0.030182	0.002657
645.182262	0.056094	0.030357	0.002709
644.643714	0.055418	0.031247	0.002582
644.167554	0.057171	0.032223	0.002580
643.672316	0.055333	0.033287	0.002661
643.184431	0.053151	0.034185	0.002658
642.685778	0.054545	0.034619	0.002637
642.195949	0.054826	0.036209	0.002634
641.631792	0.055357	0.037510	0.002756
641.079302	0.055302	0.039138	0.002622
640.498887	0.055858	0.040553	0.002715
639.973654	0.055392	0.042240	0.002644
639.392752	0.056081	0.043626	0.002579
638.822293	0.053803	0.045148	0.002596
638.241231	0.055403	0.046395	0.002761
637.700041	0.056656	0.046630	0.002619
637.178326	0.055441	0.046321	0.002596
636.696896	0.054076	0.045053	0.002509
636.226815	0.054208	0.042868	0.002677
635.753381	0.054477	0.039636	0.002592
635.208496	0.053605	0.035592	0.002815
635.386136	0.053729	0.035436	0.002682
635.953875	0.055422	0.039803	0.002638
636.472326	0.057597	0.043141	0.002515
636.988374	0.054312	0.045284	0.002625
637.548909	0.053434	0.046597	0.002604
638.083561	0.056861	0.047100	0.002652
638.622953	0.055328	0.046358	0.002671
639.149481	0.053528	0.045130	0.002715
639.723194	0.056345	0.043634	0.002691
640.172413	0.054479	0.042043	0.002655
640.642097	0.056790	0.040686	0.002678
641.150819	0.055499	0.039105	0.002720
641.721691	0.055979	0.037741	0.002682
642.258990	0.055396	0.036431	0.002782
642.810826	0.055495	0.034835	0.002572
643.352187	0.052968	0.033960	0.002661
643.912079	0.054558	0.033188	0.002585
644.419465	0.055862	0.032138	0.002762
644.963475	0.053500	0.031202	0.002607
645.534662	0.056147	0.030349	0.002587
646.065652	0.057211	0.029816	0.002657
646.562808	0.055704	0.029108	0.002614
647.058503	0.054029	0.028658	0.002616
647.564463	0.058692	0.027941	0.002753
648.095034	0.052558	0.027709	0.002665
648.633338	0.053884	0.026103	0.002694
649.183318	0.055901	0.025918	0.002618
649.705881	0.054948	0.025936	0.002636
650.180916	0.052718	0.025497	0.002784
650.690750	0.054639	0.025584	0.002675
651.258765	0.054252	0.024917	0.002663
651.811775	0.053431	0.024914	0.002791
652.377786	0.052398	0.023951	0.002626
652.923765	0.054083	0.024103	0.002689
653.393129	0.053223	0.023417	0.002625
653.903428	0.057083	0.023482	0.002616
654.411340	0.054563	0.022969	0.002549
654.978267	0.053403	0.023082	0.002598
655.473417	0.054261	0.022577	0.002454
655.928031	0.056678	0.022463	0.002581
656.409614	0.053676	0.022254	0.002589
656.890852	0.052257	0.022204	0.002653
657.359178	0.053741	0.021757	0.002606
657.837484	0.054947	0.021662	0.002625
658.314776	0.055884	0.021669	0.002602
658.815659	0.054342	0.021226	0.002576
659.299584	0.055504	0.021390	0.002628
659.780969	0.054133	0.021276	0.002643
660.259893	0.054510	0.020663	0.002694
660.718047	0.054210	0.020558	0.002648
661.204691	0.055193	0.020476	0.002806
661.668553	0.052591	0.020337	0.002628
662.162838	0.052813	0.020324	0.002594
662.658599	0.055481	0.020327	0.002619
663.149537	0.056181	0.020255	0.002570
663.656542	0.054534	0.019677	0.002649
664.124255	0.054904	0.019557	0.002592
664.608074	0.053170	0.018993	0.002582
665.106443	0.054505	0.019553	0.002668
665.578794	0.054900	0.019022	0.002543
666.061145	0.054634	0.018945	0.002738
666.527780	0.052547	0.018794	0.002816
667.004789	0.054111	0.018727	0.002608
667.465204	0.054821	0.018772	0.002525
667.930691	0.054115	0.018449	0.002718
668.407180	0.053361	0.018609	0.002705
668.910799	0.055034	0.018665	0.002658
669.435165	0.054606	0.018319	0.002739
669.902720	0.052290	0.017602	0.002601
670.405546	0.055323	0.017859	0.002628
670.918839	0.052759	0.017716	0.002622
671.381538	0.055412	0.018147	0.002696
671.882257	0.053549	0.018136	0.002528
672.345808	0.054546	0.017475	0.002611
672.797834	0.054288	0.017196	0.002553
673.292981	0.054267	0.017257	0.002589
673.793207	0.054049	0.017044	0.002579
674.278204	0.053106	0.017208	0.002587
674.772335	0.054178	0.017223	0.002518
675.211866	0.054242	0.017113	0.002515
675.721044	0.058687	0.017151	0.002570
676.200586	0.053528	0.016670	0.002755
676.679976	0.053556	0.016881	0.002704
677.177219	0.054149	0.016555	0.002545
677.660685	0.055503	0.016332	0.002719
678.134706	0.054149	0.016726	0.002600
678.629154	0.053563	0.015845	0.002585
679.127973	0.055478	0.016303	0.002643
679.584397	0.054730	0.016116	0.002493
680.107734	0.056840	0.016187	0.002577
680.625713	0.054799	0.015739	0.002530
681.108805	0.055604	0.015803	0.002561
681.611417	0.056518	0.015777	0.002661
682.081800	0.053557	0.015828	0.002698
682.552194	0.054139	0.015767	0.002700
683.054933	0.056037	0.015765	0.002721
683.554802	0.053037	0.015309	0.002654
684.039207	0.054155	0.015416	0.002676
684.516653	0.052960	0.015115	0.002664
685.024135	0.055247	0.015171	0.002637
685.516881	0.053895	0.015554	0.002667
686.019714	0.053007	0.015053	0.002743
686.504276	0.053941	0.014804	0.002610
686.987430	0.054671	0.015472	0.002606
687.449340	0.053874	0.014736	0.002767
687.967893	0.055493	0.014971	0.002629
688.456812	0.053712	0.014842	0.002634
688.939162	0.053868	0.014464	0.002574
689.417284	0.053665	0.015198	0.002541
689.902512	0.054334	0.014763	0.002566
690.376275	0.054356	0.015036	0.002738
690.889176	0.056544	0.014887	0.002565
691.357406	0.054810	0.014273	0.002600
691.841297	0.056186	0.014477	0.002629
692.321749	0.056230	0.014687	0.002655
692.819165	0.055126	0.014957	0.002633
693.314395	0.055311	0.014683	0.002356
693.786322	0.053391	0.014624	0.002579
694.261271	0.055117	0.014138	0.002632
694.776637	0.054880	0.014391	0.002617
695.271225	0.054459	0.014138	0.002735
695.790158	0.054745	0.014244	0.002577
696.295428	0.055342	0.014651	0.002684
696.791040	0.054824	0.015050	0.002585
697.280419	0.054826	0.014650	0.002570
697.742961	0.055400	0.015589	0.002793
698.240457	0.056230	0.016927	0.002517
698.741843	0.055887	0.018344	0.002639
699.232739	0.054764	0.019972	0.002594
699.730304	0.054711	0.022450	0.002543
700.206925	0.054563	0.024791	0.002540
700.708576	0.056828	0.027726	0.002664
701.201143	0.055991	0.030303	0.002626
701.687044	0.054824	0.032372	0.002584
702.144915	0.054606	0.034709	0.002746
702.622386	0.054757	0.035916	0.002655
703.095152	0.055547	0.036425	0.002620
703.574668	0.054672	0.035879	0.002487
704.072600	0.054014	0.033695	0.002610
704.593679	0.054197	0.030678	0.002639
705.054816	0.054359	0.026151	0.002627
705.560782	0.056569	0.021694	0.002674
706.061868	0.055172	0.016496	0.002679
706.586951	0.055312	0.011654	0.002556
707.087297	0.054720	0.008667	0.002639
707.601576	0.055831	0.009355	0.002588
708.078418	0.056311	0.011183	0.002699
708.595957	0.053842	0.013579	0.002599
709.065156	0.056241	0.014902	0.002707
709.554958	0.055412	0.015515	0.002703
710.016864	0.054882	0.016105	0.002655
710.532050	0.053416	0.016472	0.002473
711.011073	0.054428	0.016298	0.002670
711.502770	0.054688	0.015425	0.002679
711.987381	0.056143	0.015440	0.002622
712.467944	0.056341	0.014718	0.002635
712.961770	0.054670	0.014166	0.002620
713.452520	0.054976	0.013795	0.002666
713.928548	0.054339	0.013106	0.002633
714.435828	0.056839	0.012365	0.002533
714.948700	0.054751	0.012242	0.002605
715.440000	0.056689	0.011050	0.002639
715.911657	0.054881	0.011022	0.002699
716.386389	0.054871	0.010633	0.002564
716.838950	0.053024	0.009660	0.002501
717.330101	0.054459	0.010180	0.002617
717.806190	0.055712	0.009512	0.002655
718.281777	0.054338	0.009214	0.002618
718.762348	0.053265	0.009234	0.002468
719.235628	0.054286	0.008286	0.002611
719.753207	0.054043	0.008446	0.002591
720.219905	0.055612	0.008311	0.002599
720.704996	0.054744	0.008463	0.002568
721.203720	0.054352	0.007883	0.002777
721.702800	0.054091	0.007932	0.002664
722.166120	0.053304	0.007902	0.002644
722.645234	0.054903	0.007636	0.002670
723.103004	0.057220	0.007712	0.002585
723.591882	0.056135	0.007435	0.002590
724.077810	0.054638	0.007325	0.002500
724.583534	0.057172	0.007314	0.002632
725.090680	0.055519	0.007174	0.002706
725.561125	0.054214	0.007449	0.002603
726.038324	0.054877	0.007272	0.002612
726.521356	0.056205	0.007405	0.002761
726.997696	0.054310	0.006867	0.002638
727.469474	0.054979	0.006724	0.002548
727.970751	0.057736	0.006738	0.002643
728.462478	0.054302	0.006512	0.002575
728.929139	0.052817	0.006764	0.002517
729.424162	0.055147	0.006467	0.002684
729.894006	0.056415	0.006437	0.002621
730.401296	0.054120	0.006586	0.002619
730.925174	0.054999	0.007285	0.002563
731.391055	0.055094	0.006424	0.002651
731.855181	0.055180	0.006385	0.002500
732.337086	0.053619	0.006529	0.002502
732.841134	0.057298	0.006529	0.002607
733.327026	0.054134	0.006117	0.002691
733.806054	0.052881	0.006017	0.002695
734.290180	0.053639	0.006410	0.002547
734.752323	0.056130	0.006363	0.002562
735.221188	0.055927	0.006291	0.002669
735.725180	0.053590	0.006426	0.002458
736.230252	0.054900	0.005547	0.002456
736.743876	0.054450	0.006045	0.002760
737.216723	0.054343	0.005930	0.002550
737.698495	0.054754	0.005959	0.002646
738.194829	0.054618	0.006121	0.002668
738.673653	0.053779	0.005763	0.002736
739.164653	0.054586	0.005403	0.002629
739.651371	0.055077	0.005785	0.002578
740.124110	0.053966	0.006402	0.002634
740.637830	0.054217	0.005866	0.002774
741.122313	0.054541	0.005409	0.002742
741.616724	0.053350	0.005976	0.002508
742.103198	0.056302	0.006141	0.002796
742.601935	0.053749	0.006349	0.002629
743.085113	0.054057	0.006413	0.002563
743.572524	0.056731	0.006099	0.002676
744.080226	0.055232	0.006413	0.002671
744.574943	0.054294	0.005869	0.002588
745.078769	0.055185	0.006323	0.002746
745.545864	0.054679	0.006354	0.002579
746.006023	0.053120	0.006457	0.002503
746.482497	0.052334	0.006376	0.002518
746.994661	0.053932	0.006373	0.002558
747.520865	0.055471	0.006544	0.002599
748.025678	0.054319	0.006397	0.002705
748.547732	0.054948	0.006123	0.002655
749.052835	0.055056	0.006370	0.002618
749.573327	0.056722	0.006154	0.002592
750.036452	0.054732	0.006162	0.002503
750.514102	0.055064	0.006445	0.002762
750.983844	0.054645	0.006424	0.002531
751.483246	0.053698	0.006411	0.002641
751.945300	0.055110	0.006288	0.002651
752.431882	0.055762	0.006181	0.002550
752.922237	0.053826	0.006283	0.002725
753.405198	0.054173	0.006378	0.002722
753.856341	0.055216	0.006647	0.002674
754.335802	0.054927	0.006351	0.002520
754.831890	0.054049	0.006559	0.002617
755.360956	0.054120	0.006506	0.002671
755.823475	0.055280	0.006430	0.002731
756.323987	0.053589	0.006820	0.002635
756.831011	0.054103	0.006792	0.002634
757.332944	0.054373	0.007015	0.002604
757.808704	0.055771	0.007066	0.002579
758.279114	0.053655	0.007197	0.002651
758.760390	0.054591	0.007183	0.002656
759.248868	0.054688	0.007446	0.002656
759.692316	0.053951	0.007343	0.002588
760.205675	0.053667	0.007585	0.002523
760.693080	0.055194	0.007552	0.002530
761.161577	0.054344	0.007157	0.002529
761.657105	0.053764	0.007334	0.002653
762.144174	0.054630	0.007458	0.002587
762.623342	0.054664	0.007590	0.002595
763.121068	0.053523	0.007311	0.002552
763.624556	0.053673	0.007380	0.002574
764.124056	0.055808	0.007201	0.002700
764.625794	0.054618	0.007550	0.002724
765.063326	0.054752	0.007388	0.002524
765.556111	0.054353	0.006729	0.002591
766.041115	0.054342	0.007270	0.002680
766.538736	0.054743	0.007426	0.002584
767.030083	0.055528	0.007879	0.002640
767.509200	0.054517	0.008099	0.002649
767.968271	0.054647	0.008751	0.002577
768.455351	0.055262	0.010626	0.002727
768.931226	0.055908	0.011784	0.002550
769.407496	0.054570	0.013375	0.002577
769.890725	0.054578	0.015531	0.002658
770.398391	0.053653	0.018899	0.002528
770.913667	0.054469	0.021115	0.002641
771.397055	0.055434	0.023777	0.002591
771.875327	0.054606	0.026173	0.002611
772.374379	0.055655	0.026504	0.002697
772.853766	0.054469	0.027239	0.002670
773.334031	0.054395	0.026164	0.002556
773.810137	0.054521	0.023309	0.002689
774.293471	0.055007	0.019309	0.002763
774.792363	0.054054	0.012918	0.002582
775.287014	0.055686	0.007394	0.002719
775.768873	0.055511	0.009938	0.002622
776.216260	0.054247	0.017907	0.002625
776.708058	0.053342	0.028564	0.002722
777.189219	0.054929	0.038151	0.002668
777.658571	0.053690	0.047957	0.002683
778.144422	0.055071	0.057279	0.002651
778.603943	0.054214	0.065095	0.002688
779.093762	0.054157	0.071703	0.002658
779.567723	0.054304	0.075650	0.002611
780.049207	0.054469	0.078429	0.002567
780.539234	0.053870	0.078532	0.002632
781.050356	0.054032	0.077695	0.002567
781.569635	0.054534	0.075671	0.002698
782.069900	0.055232	0.072382	0.002532
782.553822	0.055193	0.069187	0.002565
783.054894	0.053410	0.065195	0.002663
783.534248	0.055850	0.062394	0.002617
784.060182	0.053998	0.058664	0.002685
784.589774	0.054499	0.055171	0.002709
785.097295	0.054598	0.052689	0.002639
785.602860	0.054631	0.050426	0.002628
786.066191	0.055053	0.048056	0.002466
786.572013	0.055506	0.045977	0.002739
787.071713	0.054312	0.043991	0.002585
787.552008	0.053979	0.042064	0.002707
788.032237	0.053957	0.040560	0.002525
788.527266	0.055075	0.039526	0.002595
789.032474	0.054927	0.037969	0.002611
789.515393	0.055008	0.036671	0.002558
790.011262	0.052037	0.035482	0.002692
790.474993	0.053608	0.034888	0.002544
790.944740	0.053488	0.033417	0.002762
791.420043	0.055183	0.032481	0.002594
791.901154	0.055496	0.031850	0.002595
792.402399	0.053224	0.030634	0.002465
792.898503	0.054136	0.029830	0.002437
793.396238	0.054895	0.029316	0.002621
793.889055	0.054105	0.028738	0.002704
794.377609	0.054616	0.028144	0.002559
794.871430	0.053557	0.027690	0.002684
795.374706	0.054040	0.026797	0.002515
795.881367	0.054664	0.026414	0.002651
796.335234	0.054710	0.026255	0.002656
796.792399	0.054607	0.025685	0.002610
797.262764	0.053765	0.025027	0.002610
797.728567	0.053733	0.024546	0.002598
798.210862	0.054299	0.024481	0.002684
798.660349	0.053555	0.024383	0.002573
799.170383	0.056001	0.023872	0.002556
799.640217	0.055566	0.023352	0.002596
