800.426778	0.079170	0.020362	0.002614
801.047420	0.080263	0.019400	0.002600
801.648871	0.079904	0.018525	0.002862
802.319797	0.080011	0.020057	0.002782
802.943277	0.081852	0.019013	0.002583
803.546828	0.081394	0.018822	0.002659
804.158283	0.081877	0.019145	0.002536
804.799713	0.080903	0.018650	0.002577
805.474262	0.081043	0.018491	0.002587
806.087220	0.080760	0.018873	0.002600
806.697634	0.081554	0.017961	0.002536
807.328364	0.080972	0.018860	0.002625
807.978885	0.080636	0.017627	0.002616
808.546309	0.081405	0.018475	0.002688
809.141471	0.079422	0.017702	0.002491
809.778748	0.081745	0.017786	0.002537
810.330406	0.081300	0.018065	0.002531
810.931470	0.079906	0.017997	0.002580
811.527528	0.080324	0.018499	0.002670
812.123193	0.080859	0.017731	0.002576
812.765392	0.082630	0.018607	0.002718
813.372231	0.080656	0.018052	0.002710
814.026765	0.079920	0.017420	0.002704
814.632987	0.080198	0.017861	0.002599
815.308080	0.079897	0.018010	0.002842
815.896130	0.079400	0.016910	0.002732
816.468057	0.082622	0.017540	0.002716
817.081546	0.080522	0.017913	0.002588
817.713166	0.080651	0.017468	0.002658
818.303427	0.079460	0.017115	0.002654
818.943831	0.078247	0.016796	0.002555
819.555382	0.080914	0.016832	0.002722
820.157097	0.080989	0.015567	0.002579
820.809945	0.080915	0.016979	0.002510
821.403596	0.081815	0.017343	0.002521
822.046503	0.079694	0.015483	0.002545
822.643228	0.079576	0.015971	0.002708
823.335615	0.078833	0.016829	0.002635
823.944521	0.079985	0.017160	0.002754
824.601468	0.080451	0.016578	0.002652
825.222890	0.081350	0.016507	0.002603
825.820684	0.080786	0.016225	0.002632
826.420840	0.078907	0.015832	0.002683
827.102819	0.079660	0.015191	0.002790
827.696574	0.081997	0.015971	0.002657
828.305901	0.078325	0.016970	0.002651
828.931615	0.078796	0.015550	0.002565
829.590181	0.080488	0.015066	0.002564
830.205749	0.079779	0.015917	0.002673
830.870726	0.080304	0.015407	0.002459
831.502650	0.079563	0.016202	0.002748
832.151550	0.082090	0.015644	0.002671
832.762209	0.079158	0.016649	0.002853
833.461007	0.081809	0.015697	0.002621
834.074051	0.082852	0.015080	0.002542
834.730736	0.081923	0.015228	0.002653
835.343608	0.080827	0.016601	0.002573
836.042096	0.082182	0.015278	0.002729
836.643597	0.080902	0.014603	0.002631
837.243850	0.078512	0.015416	0.003051
837.856648	0.080781	0.014119	0.002632
838.482080	0.080241	0.016416	0.002686
839.139601	0.079472	0.016377	0.002596
839.759264	0.080913	0.014807	0.002666
840.428761	0.081220	0.016244	0.002428
841.050422	0.082302	0.015737	0.002522
841.651390	0.081428	0.015681	0.002687
842.285813	0.083446	0.015666	0.002614
842.874577	0.080748	0.015396	0.002504
843.537668	0.077465	0.015788	0.002775
844.162605	0.083083	0.014357	0.002658
844.836338	0.082021	0.016022	0.002743
845.432720	0.081012	0.015572	0.002569
846.021491	0.081947	0.015680	0.002711
846.637709	0.078883	0.016248	0.002749
847.272959	0.081547	0.016302	0.002654
847.927978	0.080049	0.014647	0.002900
848.566955	0.078670	0.015306	0.002471
849.194427	0.079134	0.016392	0.002709
849.812852	0.080352	0.015446	0.002986
850.419069	0.078990	0.015466	0.002669
851.056871	0.078625	0.016164	0.002549
851.686573	0.081219	0.017236	0.002678
852.353890	0.082263	0.015823	0.002656
852.981597	0.080843	0.015706	0.002999
853.656609	0.079207	0.016027	0.002642
854.280100	0.080828	0.016055	0.002671
854.895544	0.080388	0.014632	0.002886
855.498308	0.079473	0.016388	0.002571
856.177474	0.079807	0.016367	0.002491
856.784250	0.081732	0.015457	0.002541
857.392123	0.079600	0.016317	0.002789
858.033497	0.080141	0.016125	0.002544
858.668289	0.080272	0.015528	0.002679
859.331937	0.081019	0.015992	0.002640
859.928743	0.082207	0.016341	0.002590
860.545950	0.079757	0.015790	0.002636
861.204867	0.081459	0.017313	0.002798
861.830946	0.078876	0.015485	0.002658
862.495833	0.079287	0.017117	0.002758
863.136983	0.080654	0.015861	0.002639
863.755395	0.082187	0.015928	0.002471
864.337671	0.081914	0.016002	0.002624
864.986598	0.081174	0.017384	0.002713
865.611628	0.075563	0.016240	0.002725
866.266996	0.081464	0.016501	0.002734
866.885576	0.080310	0.015836	0.002724
867.534661	0.081986	0.015983	0.002660
868.181148	0.081780	0.017173	0.003051
868.771627	0.080175	0.017643	0.002648
869.418229	0.080814	0.017144	0.002836
870.024815	0.079024	0.016385	0.002671
870.690544	0.082071	0.016900	0.002706
871.316114	0.080276	0.016262	0.002771
871.974529	0.083914	0.017614	0.002558
872.585957	0.081653	0.016921	0.002755
873.161710	0.081953	0.018747	0.002570
873.809492	0.079591	0.015741	0.002614
874.453849	0.081471	0.016961	0.002957
875.102728	0.079753	0.016815	0.002783
875.732431	0.080804	0.017949	0.002625
876.342784	0.072171	0.018471	0.002808
876.946854	0.080262	0.017741	0.002717
877.597543	0.080163	0.017374	0.002624
878.179769	0.080093	0.017852	0.002618
878.788890	0.080761	0.017312	0.002591
879.461158	0.079535	0.018476	0.002602
880.096367	0.082030	0.017976	0.002699
880.776073	0.079645	0.016457	0.002514
881.405454	0.079778	0.017636	0.002647
882.056953	0.079094	0.018019	0.002816
882.652517	0.078197	0.018136	0.002679
883.297884	0.081068	0.016895	0.002623
883.909268	0.080263	0.018286	0.002614
884.600498	0.081721	0.016814	0.002536
885.248400	0.080708	0.018262	0.002587
885.899351	0.078287	0.017628	0.002792
886.521930	0.081306	0.018356	0.002613
887.229828	0.085256	0.017142	0.002565
887.824959	0.082520	0.018300	0.002847
888.475409	0.081342	0.017330	0.002491
889.095055	0.081888	0.018228	0.002796
889.779981	0.082568	0.017390	0.002635
890.376652	0.081518	0.018045	0.002763
891.062910	0.083023	0.018020	0.002726
891.684382	0.080090	0.017727	0.002905
892.281832	0.079212	0.018304	0.002522
892.926322	0.083229	0.018607	0.002666
893.532658	0.079557	0.019294	0.002666
894.157020	0.079148	0.018589	0.002649
894.775830	0.080610	0.018602	0.002875
895.434625	0.078111	0.018685	0.002556
896.067791	0.080470	0.017933	0.002738
896.713562	0.079914	0.018703	0.002769
897.314884	0.081279	0.019349	0.002865
897.925568	0.070557	0.018177	0.002763
898.467699	0.079540	0.019426	0.002725
899.119218	0.079735	0.018187	0.002532
899.724233	0.081590	0.019001	0.002794
900.367548	0.080231	0.018623	0.002652
900.982364	0.078280	0.019432	0.002539
901.574240	0.083011	0.017972	0.002632
902.211433	0.079966	0.017346	0.003135
902.819600	0.079457	0.019879	0.002741
903.463542	0.083560	0.019112	0.002555
904.056753	0.081260	0.019585	0.002623
904.676479	0.077407	0.019726	0.002672
905.305664	0.079630	0.018726	0.002613
905.900146	0.079261	0.020222	0.002601
906.554303	0.083507	0.019834	0.002761
907.182423	0.080937	0.020518	0.002570
907.798102	0.084781	0.019544	0.002743
908.463919	0.081036	0.020633	0.002629
909.103397	0.078144	0.020494	0.002709
909.751475	0.079171	0.018576	0.002580
910.377574	0.079939	0.020864	0.002621
910.978449	0.081901	0.020080	0.002916
911.626280	0.078377	0.019313	0.002734
912.271590	0.079835	0.020025	0.002651
912.914247	0.079246	0.021466	0.002724
913.557157	0.083697	0.019159	0.002586
914.190765	0.079669	0.019530	0.002711
914.829124	0.080288	0.020148	0.002721
915.460763	0.080410	0.020204	0.002544
916.041024	0.081578	0.020121	0.002721
916.680891	0.082468	0.020120	0.002647
917.318487	0.081603	0.020529	0.003075
917.987055	0.079454	0.020132	0.002792
918.581500	0.079814	0.022572	0.002700
919.174140	0.083559	0.019646	0.002686
919.799157	0.080937	0.020940	0.002519
920.425106	0.080766	0.020137	0.002612
921.091989	0.081616	0.020875	0.002705
921.716470	0.082332	0.020699	0.002831
922.365527	0.080980	0.021521	0.003018
923.003529	0.082570	0.021468	0.002690
923.626461	0.082229	0.018622	0.002508
924.255482	0.079277	0.019493	0.002671
924.914245	0.080178	0.020941	0.002699
925.494381	0.078623	0.020779	0.002792
926.158923	0.079586	0.020566	0.002688
926.833069	0.079547	0.019385	0.002770
927.428487	0.082604	0.021744	0.002764
928.082797	0.080485	0.020601	0.002746
928.675891	0.081916	0.020930	0.003145
929.346234	0.082815	0.020639	0.002730
929.972312	0.080480	0.020738	0.002713
930.578806	0.080370	0.021619	0.002575
931.214272	0.081092	0.022196	0.002721
931.830873	0.082896	0.018896	0.002759
932.489378	0.079804	0.020767	0.002663
933.138548	0.083088	0.021558	0.002835
933.783009	0.082784	0.021379	0.002805
934.383318	0.080389	0.021070	0.002689
934.959054	0.077792	0.019694	0.002865
935.599180	0.082052	0.020922	0.002682
936.237196	0.083253	0.021225	0.002937
936.892268	0.080587	0.020498	0.002809
937.502790	0.082138	0.023016	0.002731
938.147364	0.081088	0.021153	0.002723
938.749205	0.079057	0.019867	0.002621
939.359034	0.080442	0.021176	0.002740
940.002688	0.082128	0.020039	0.002638
940.610730	0.080856	0.020965	0.002777
941.220793	0.080139	0.021042	0.002658
941.862418	0.076912	0.019989	0.003044
942.525421	0.080193	0.020718	0.002958
943.133147	0.079338	0.021380	0.002687
943.785767	0.078595	0.021607	0.002620
944.424060	0.083182	0.020631	0.002844
945.015904	0.081378	0.020944	0.002619
945.626649	0.077862	0.019307	0.002885
946.261734	0.082374	0.021189	0.002798
946.972349	0.080993	0.021422	0.002718
947.582362	0.081956	0.020561	0.002922
948.170196	0.077860	0.020978	0.002610
948.799425	0.079554	0.020800	0.002641
949.415273	0.084364	0.021782	0.002893
950.085520	0.080000	0.021069	0.002729
950.686948	0.080840	0.020420	0.002804
951.356845	0.082393	0.022706	0.003127
951.962325	0.080241	0.020469	0.002946
952.548270	0.080558	0.022520	0.003020
953.198673	0.081574	0.022695	0.003046
953.816075	0.082594	0.021937	0.002715
954.471947	0.083603	0.022451	0.002787
955.094225	0.082893	0.021708	0.002919
955.761991	0.080487	0.022343	0.002746
956.386605	0.079841	0.022888	0.002710
956.986294	0.080541	0.021661	0.002914
957.630407	0.080768	0.021839	0.002673
958.258295	0.081646	0.021575	0.002857
958.884599	0.081142	0.023229	0.002832
959.497069	0.078440	0.021090	0.002774
960.164511	0.080247	0.020835	0.002864
960.784695	0.078806	0.021302	0.002810
961.359164	0.081540	0.022815	0.002900
962.034130	0.079863	0.021942	0.002728
962.639018	0.078843	0.023254	0.002664
963.279088	0.081215	0.022685	0.002572
963.880588	0.080511	0.021256	0.002831
964.542205	0.081659	0.021233	0.002688
964.942269	0.080540	0.021526	0.002685
964.295924	0.078892	0.022430	0.002726
963.698710	0.081103	0.020892	0.002936
963.031522	0.079796	0.022008	0.002807
962.407589	0.081061	0.021889	0.003030
961.707123	0.082313	0.021898	0.002668
961.113973	0.079354	0.022957	0.002655
960.452207	0.081111	0.021818	0.002912
959.825096	0.078557	0.020614	0.002973
959.250954	0.080079	0.022222	0.003094
958.602206	0.079198	0.020858	0.002582
957.971578	0.081238	0.022315	0.002722
957.338371	0.081167	0.021396	0.002743
956.723988	0.079761	0.022035	0.002813
956.043466	0.079223	0.020986	0.003029
955.421045	0.080761	0.021698	0.002594
954.766069	0.078524	0.022876	0.002651
954.191224	0.080499	0.022210	0.002723
953.525718	0.077096	0.019556	0.002844
952.887430	0.079080	0.022427	0.002795
952.230142	0.079073	0.021696	0.002777
951.617023	0.077296	0.021261	0.002611
951.021708	0.078802	0.022653	0.002762
950.356129	0.082803	0.022402	0.002705
949.745150	0.078706	0.020371	0.002881
949.069690	0.081159	0.021525	0.002860
948.473166	0.081152	0.022192	0.002752
947.816506	0.078231	0.022529	0.002862
947.186130	0.077097	0.021343	0.002825
946.563372	0.079938	0.021156	0.002701
945.944837	0.082201	0.020521	0.002944
945.325570	0.080526	0.020431	0.002642
944.721522	0.081144	0.021933	0.002826
944.094353	0.078671	0.020353	0.002697
943.411491	0.079760	0.021132	0.002876
942.795939	0.076228	0.021481	0.002767
942.123682	0.082284	0.021371	0.002930
941.498147	0.079327	0.020838	0.002785
940.852707	0.082120	0.020982	0.002700
940.239699	0.080835	0.020334	0.002612
939.639951	0.077716	0.021510	0.002801
939.015481	0.080444	0.020950	0.002957
938.395501	0.083397	0.021724	0.003213
937.721394	0.075944	0.020514	0.002828
937.141138	0.079092	0.020539	0.002751
936.491726	0.079906	0.021627	0.002813
935.839336	0.081707	0.022083	0.002721
935.233098	0.082237	0.021573	0.002741
934.602203	0.081720	0.021950	0.002677
933.973199	0.080951	0.021156	0.002533
933.322781	0.079289	0.022020	0.003086
932.716986	0.080840	0.020133	0.002609
932.032904	0.080385	0.021021	0.002697
931.415220	0.080129	0.020707	0.002908
930.760521	0.080703	0.020752	0.002701
930.141001	0.081445	0.021136	0.002962
929.501691	0.078876	0.020766	0.002803
928.881714	0.079279	0.020726	0.002788
928.242415	0.081936	0.020516	0.002783
927.572820	0.082647	0.021314	0.002727
926.956785	0.077008	0.019535	0.002674
926.313100	0.081093	0.021568	0.002788
925.705707	0.080295	0.021555	0.002814
925.125843	0.081433	0.022106	0.002776
924.475206	0.080133	0.020991	0.002603
923.857048	0.081907	0.020155	0.002651
923.203818	0.081679	0.021525	0.002751
922.608731	0.080500	0.020027	0.002717
921.934968	0.081847	0.019825	0.002909
921.300627	0.080172	0.019258	0.002674
920.641804	0.078759	0.021131	0.002729
920.027565	0.081198	0.020993	0.002783
919.418171	0.081231	0.019301	0.002707
918.772118	0.082053	0.019110	0.002787
918.116589	0.079040	0.020427	0.002678
917.476974	0.078584	0.020055	0.002839
916.800355	0.083623	0.019727	0.002718
916.196393	0.079565	0.020586	0.002791
915.607864	0.081115	0.019953	0.002741
915.020269	0.082490	0.020880	0.002681
914.372420	0.080416	0.019593	0.002711
913.775381	0.077440	0.020309	0.002844
913.110358	0.080160	0.020340	0.002644
912.496623	0.077438	0.019627	0.002612
911.824928	0.081391	0.019628	0.002676
911.231309	0.079204	0.020011	0.002929
910.566951	0.080634	0.019766	0.002625
909.949728	0.079428	0.017837	0.002790
909.288498	0.080868	0.021162	0.002728
908.661999	0.080445	0.019535	0.002867
908.002415	0.081237	0.019016	0.002754
907.399388	0.078487	0.019554	0.002703
906.747721	0.080050	0.019959	0.003065
906.110643	0.081346	0.019461	0.002766
905.525094	0.080665	0.018386	0.002788
904.932537	0.079421	0.018122	0.002655
904.310590	0.080434	0.018968	0.002641
903.693867	0.077277	0.019776	0.002653
903.049448	0.081825	0.018980	0.002560
902.432024	0.079952	0.018603	0.002581
901.746141	0.081699	0.018578	0.002723
901.152376	0.082235	0.019500	0.002661
900.488025	0.079209	0.018139	0.002619
899.891538	0.080579	0.019650	0.002616
899.244104	0.079884	0.018348	0.002643
898.591633	0.080776	0.019678	0.002620
897.949042	0.067456	0.017629	0.002883
897.335677	0.078711	0.018898	0.002678
896.685417	0.083042	0.019444	0.002627
896.089642	0.081843	0.018481	0.002673
895.451714	0.081116	0.020261	0.002716
894.775439	0.080368	0.018376	0.002708
894.174719	0.079161	0.019150	0.002736
893.508467	0.078058	0.017740	0.002792
892.885459	0.081180	0.017576	0.002719
892.245924	0.081532	0.017695	0.002681
891.627977	0.080361	0.018728	0.002503
891.028418	0.080472	0.017957	0.002778
890.403688	0.079588	0.018086	0.002523
889.744082	0.080501	0.018022	0.002762
889.117382	0.081182	0.017379	0.002598
888.452153	0.081202	0.017808	0.002568
887.809846	0.082171	0.017040	0.002696
887.202595	0.088042	0.017483	0.002768
886.590611	0.082192	0.018282	0.002713
885.983098	0.081670	0.017693	0.002681
885.348893	0.081361	0.017219	0.002725
884.693367	0.080940	0.017844	0.002737
884.065741	0.081031	0.019012	0.002798
883.404839	0.082413	0.016592	0.002784
882.808221	0.080563	0.016876	0.002537
882.159720	0.080520	0.017325	0.002814
881.576292	0.081166	0.017601	0.002763
880.931977	0.080576	0.017148	0.002545
880.272660	0.080677	0.017034	0.002634
879.661021	0.079465	0.016493	0.002727
879.014482	0.079596	0.017240	0.002766
878.361612	0.082145	0.018570	0.002561
877.668453	0.080105	0.016656	0.002955
877.071257	0.080295	0.017643	0.002647
876.413749	0.072398	0.017459	0.002693
875.723489	0.080357	0.015901	0.002769
875.020424	0.078772	0.016817	0.002698
874.346723	0.080735	0.016839	0.002517
873.687350	0.081904	0.019325	0.002569
873.109986	0.081199	0.017465	0.002756
872.470013	0.080498	0.016642	0.002626
871.836917	0.078668	0.016618	0.002714
871.141468	0.079869	0.017049	0.002878
870.454468	0.082947	0.015746	0.002791
869.801786	0.081601	0.016796	0.002660
869.126360	0.080778	0.016679	0.002699
868.421882	0.081196	0.017175	0.002704
867.736801	0.080588	0.016087	0.002730
867.058135	0.078925	0.017366	0.002673
866.464975	0.081998	0.016157	0.002535
865.809176	0.079952	0.016802	0.002876
865.133071	0.081801	0.015518	0.002655
864.430036	0.078686	0.015876	0.002656
863.750780	0.080486	0.018194	0.002497
863.117002	0.081494	0.015685	0.002712
862.437856	0.081679	0.015798	0.002516
861.752945	0.081197	0.016843	0.002703
861.057042	0.079852	0.015817	0.002733
860.355110	0.079709	0.015681	0.002427
859.754735	0.079979	0.016257	0.002692
859.100999	0.079055	0.016465	0.002705
858.422837	0.080427	0.017009	0.002623
857.754446	0.081134	0.015665	0.002639
857.058388	0.081028	0.016493	0.002631
856.453344	0.080796	0.016659	0.002878
855.807182	0.081527	0.017026	0.002787
855.101596	0.079681	0.017405	0.002817
854.451365	0.080832	0.015177	0.002818
853.743097	0.082775	0.015216	0.002562
853.129347	0.081069	0.016330	0.002990
852.455769	0.079217	0.016180	0.002688
851.808836	0.081874	0.017466	0.002565
851.118014	0.080610	0.016377	0.002851
850.436568	0.080713	0.015305	0.002814
849.849274	0.080317	0.015776	0.002885
849.256202	0.079424	0.015783	0.002717
848.634265	0.079547	0.015074	0.002666
848.013605	0.079139	0.015159	0.002726
847.350242	0.079251	0.016087	0.002710
846.720208	0.078644	0.015408	0.002543
846.107149	0.079859	0.015804	0.002613
845.460487	0.079969	0.016196	0.002596
844.861918	0.080672	0.015918	0.002683
844.215554	0.082238	0.015677	0.002709
843.595020	0.080107	0.016808	0.002751
842.936908	0.081203	0.015207	0.002597
842.319589	0.081072	0.016554	0.002476
841.723349	0.081098	0.015981	0.002577
841.081104	0.080117	0.016191	0.002721
840.473198	0.080566	0.015825	0.002637
839.820779	0.080864	0.016028	0.002734
839.198528	0.079848	0.015611	0.002549
838.542088	0.079906	0.015553	0.002708
837.888027	0.080439	0.015459	0.002501
837.230688	0.081457	0.015230	0.002801
836.630513	0.081501	0.015307	0.002756
835.967631	0.080313	0.015559	0.002617
835.329785	0.080777	0.014796	0.002682
834.624555	0.079850	0.016067	0.002660
834.020362	0.081325	0.015475	0.002699
833.388302	0.081362	0.016016	0.002566
832.733036	0.081791	0.015564	0.002619
832.059729	0.080757	0.016294	0.002658
831.449282	0.080370	0.016628	0.002699
830.778180	0.079469	0.015675	0.002714
830.155638	0.080216	0.015714	0.002762
829.504278	0.081197	0.016067	0.002679
828.889097	0.079128	0.016868	0.002693
828.220703	0.080060	0.016833	0.002722
827.628125	0.080621	0.016125	0.002681
827.024933	0.082108	0.015145	0.002596
826.403619	0.079828	0.015439	0.002588
825.768479	0.080863	0.016897	0.002623
825.105671	0.080660	0.016589	0.002572
824.478450	0.080999	0.016241	0.002707
823.818138	0.080149	0.016860	0.002497
823.191650	0.080254	0.015895	0.002730
822.539935	0.081158	0.016668	0.002551
821.965300	0.080344	0.016517	0.002621
821.310999	0.080766	0.016639	0.002722
820.678825	0.079725	0.017051	0.002583
820.024643	0.079798	0.016948	0.002574
819.397701	0.078907	0.017696	0.002783
818.734037	0.081235	0.016828	0.002673
818.113223	0.080598	0.015995	0.002703
817.464067	0.080705	0.016384	0.002473
816.857112	0.082016	0.017381	0.002617
816.268015	0.081306	0.017222	0.002551
815.647624	0.080572	0.016295	0.002727
814.996867	0.080644	0.017132	0.002627
814.316136	0.081060	0.017331	0.002736
813.684946	0.082609	0.018023	0.002668
813.008574	0.082172	0.017500	0.002607
812.437545	0.081437	0.017700	0.002903
811.844396	0.080307	0.018155	0.002671
811.283259	0.080817	0.017944	0.002617
810.624740	0.080930	0.017698	0.002497
810.021077	0.080863	0.017324	0.002534
809.414783	0.082096	0.017615	0.002832
808.826165	0.082406	0.017756	0.002625
808.262234	0.078252	0.017352	0.002785
807.660120	0.079687	0.018506	0.002663
807.070071	0.080627	0.017879	0.002474
806.474210	0.081342	0.018463	0.002839
805.875277	0.080735	0.018656	0.002643
805.274052	0.080177	0.018609	0.002779
804.621695	0.081245	0.018620	0.002817
804.021904	0.081306	0.019390	0.002799
803.429892	0.082509	0.018951	0.002746
802.818768	0.081200	0.019150	0.002527
802.211856	0.080369	0.018946	0.002676
801.516293	0.080592	0.019355	0.002799
800.875900	0.089253	0.019634	0.002687
800.202240	0.080950	0.019006	0.002644
799.625997	0.081469	0.020174	0.002723
799.029746	0.080366	0.019275	0.002524
798.452596	0.080352	0.019912	0.002694
797.793979	0.081414	0.020094	0.002664
797.215085	0.080754	0.019986	0.002535
796.579512	0.081636	0.020264	0.002531
795.943042	0.080008	0.020117	0.002562
795.334113	0.080118	0.020465	0.002607
794.661984	0.081473	0.020838	0.002621
794.062157	0.077921	0.020925	0.002528
793.386533	0.080409	0.020932	0.002688
792.787660	0.080140	0.021419	0.002680
792.142093	0.078640	0.021066	0.002634
791.488496	0.081644	0.021689	0.002788
790.823858	0.082081	0.021718	0.002719
790.201971	0.080269	0.021222	0.002606
789.549558	0.079509	0.021900	0.002477
788.945776	0.080991	0.022013	0.002510
788.293807	0.080781	0.022692	0.002707
787.665463	0.080842	0.021604	0.002468
787.018968	0.080882	0.022938	0.002679
786.376552	0.080703	0.022171	0.002743
785.717688	0.081466	0.022886	0.002704
785.099369	0.080112	0.022815	0.002740
784.509051	0.082113	0.022768	0.002511
783.870259	0.080389	0.022275	0.002657
783.229091	0.080806	0.023278	0.002604
782.570518	0.080302	0.023494	0.002566
781.941963	0.080545	0.023265	0.002577
781.277028	0.081627	0.022999	0.002668
780.653558	0.080877	0.023578	0.002618
780.032312	0.080880	0.023925	0.002602
779.440950	0.079883	0.024004	0.002596
778.835460	0.081289	0.024084	0.002605
778.194012	0.080955	0.023778	0.002704
777.570515	0.080432	0.023631	0.002668
776.938926	0.081250	0.024277	0.002645
776.289805	0.081194	0.023737	0.002571
775.715254	0.080428	0.024515	0.002628
775.136432	0.078190	0.024709	0.002612
774.504227	0.079624	0.025093	0.002642
773.883172	0.078895	0.025261	0.002595
773.238872	0.080135	0.025424	0.002497
772.608654	0.081738	0.025801	0.002693
771.928810	0.081977	0.025383	0.002655
771.336471	0.081146	0.025339	0.002493
770.677751	0.081956	0.024838	0.002710
770.069365	0.081532	0.025922	0.002629
769.467381	0.081859	0.025438	0.002630
768.853705	0.080193	0.025635	0.002722
768.194860	0.082154	0.026376	0.002575
767.602135	0.081539	0.025808	0.002695
766.922291	0.081744	0.025714	0.002581
766.309850	0.080314	0.026237	0.002591
765.675083	0.080300	0.027161	0.002590
765.081424	0.079615	0.026560	0.002573
764.427530	0.079683	0.026491	0.002631
763.807229	0.081891	0.026387	0.002629
763.147664	0.082556	0.027469	0.002600
762.497140	0.080463	0.027568	0.002635
761.838581	0.081579	0.027140	0.002724
761.213655	0.080723	0.027111	0.002571
760.614603	0.081138	0.027481	0.002821
759.987628	0.082044	0.027211	0.002470
759.350400	0.081104	0.027204	0.002472
758.694136	0.081298	0.027600	0.002517
758.081906	0.081148	0.027603	0.002633
757.409143	0.081164	0.027902	0.002598
756.801619	0.080387	0.027992	0.002573
756.145844	0.081439	0.028299	0.002720
755.548761	0.081547	0.027905	0.002461
754.885638	0.081253	0.027345	0.002593
754.264408	0.079702	0.027874	0.002428
753.589599	0.078904	0.027814	0.002626
752.954914	0.080104	0.028515	0.002477
752.297036	0.080428	0.027873	0.002566
751.682542	0.082580	0.028360	0.002743
751.021823	0.082356	0.028052	0.002569
750.414299	0.081153	0.028292	0.002618
749.784829	0.079962	0.028351	0.002496
749.168732	0.080722	0.029036	0.002685
748.527757	0.080476	0.029022	0.002624
747.843651	0.079733	0.028938	0.002482
747.247946	0.080509	0.029245	0.002500
746.612955	0.081338	0.029540	0.002558
746.030391	0.081234	0.028705	0.002590
745.371793	0.081664	0.030008	0.002524
744.696386	0.081027	0.029121	0.002648
743.999844	0.080310	0.029108	0.002610
743.322839	0.081505	0.029957	0.002515
742.711943	0.079557	0.029403	0.002621
742.096294	0.080652	0.029631	0.002463
741.497370	0.082013	0.029180	0.002627
740.895802	0.082015	0.029709	0.002562
740.229722	0.082783	0.029876	0.002549
739.585566	0.081065	0.029886	0.002525
738.932836	0.080776	0.029986	0.002576
738.289786	0.081182	0.029959	0.002679
737.673633	0.080136	0.029689	0.002695
737.015281	0.079670	0.030314	0.002827
736.423813	0.079830	0.030224	0.002575
735.780437	0.081247	0.030186	0.002607
735.151707	0.081792	0.030580	0.002520
734.486055	0.081003	0.029840	0.002679
733.885865	0.079859	0.030634	0.002767
733.223811	0.081689	0.030504	0.002623
732.604392	0.076875	0.030475	0.002438
732.004703	0.079214	0.030780	0.002643
731.393717	0.081250	0.030311	0.002704
730.749528	0.080953	0.030701	0.002550
730.110774	0.080713	0.030914	0.002449
729.504423	0.080159	0.030202	0.002605
728.826825	0.082899	0.030453	0.002692
728.217499	0.079411	0.030977	0.002716
727.588563	0.080435	0.030540	0.002589
726.981090	0.079041	0.030596	0.002615
726.373598	0.080496	0.030758	0.002616
725.744608	0.082144	0.030303	0.002778
725.135055	0.077860	0.030965	0.002480
724.527355	0.080271	0.031124	0.002605
723.866474	0.081682	0.030761	0.002723
723.244507	0.082321	0.031092	0.002573
722.571549	0.081219	0.030956	0.002504
721.971308	0.080127	0.030814	0.002571
721.291338	0.079717	0.030777	0.002484
720.681944	0.082047	0.031300	0.002744
720.046216	0.079962	0.031639	0.002663
719.449825	0.081338	0.031459	0.002679
718.786629	0.080089	0.031292	0.002549
718.145062	0.080602	0.031349	0.002507
717.528084	0.080415	0.031491	0.002726
716.904406	0.082487	0.031664	0.002496
716.277599	0.081789	0.031774	0.002646
715.628927	0.079481	0.031868	0.002671
715.016089	0.082425	0.031756	0.002604
714.322300	0.085461	0.031860	0.002475
713.694186	0.080029	0.031905	0.002538
713.049044	0.080916	0.032150	0.002470
712.446414	0.080147	0.032187	0.002521
711.788433	0.078866	0.031964	0.002718
711.128338	0.079848	0.032239	0.002644
710.484777	0.081318	0.032233	0.002500
709.880160	0.081907	0.032666	0.002647
709.296284	0.080758	0.033096	0.002697
708.630101	0.080769	0.033080	0.002633
708.008352	0.080609	0.033442	0.002541
707.418102	0.081884	0.033534	0.002627
706.810397	0.079479	0.033472	0.002609
706.180302	0.082147	0.034214	0.002631
705.525504	0.081274	0.034744	0.002467
704.909049	0.082961	0.034636	0.002650
704.246877	0.080307	0.034994	0.002644
703.635490	0.074984	0.035750	0.002643
703.040178	0.080861	0.036054	0.002635
702.398316	0.080134	0.036520	0.002447
701.804553	0.082797	0.037386	0.002597
701.144124	0.080322	0.037263	0.002708
700.501328	0.078600	0.038313	0.002691
699.831445	0.078603	0.039261	0.002492
699.216989	0.079995	0.039977	0.002480
698.563849	0.082794	0.041468	0.002782
697.950287	0.083473	0.042400	0.002692
697.310094	0.080884	0.043571	0.002666
696.666703	0.080989	0.045439	0.002538
696.004365	0.081251	0.047248	0.002580
695.378228	0.080658	0.049434	0.002548
694.708137	0.080215	0.052332	0.002606
694.117221	0.080125	0.055327	0.002779
693.448396	0.082250	0.059395	0.002610
692.854786	0.084083	0.063369	0.002654
692.193198	0.080883	0.069501	0.002601
691.557467	0.080507	0.075696	0.002682
690.954269	0.081591	0.081815	0.002664
690.271609	0.082223	0.088859	0.002846
689.661462	0.080066	0.094855	0.002699
689.007188	0.078952	0.100196	0.002746
688.424096	0.080371	0.102346	0.002681
687.761635	0.082271	0.102138	0.002657
687.147287	0.080019	0.098788	0.002540
686.564786	0.081404	0.093596	0.002654
685.935209	0.081572	0.087008	0.002552
685.337093	0.080143	0.080066	0.002653
684.732116	0.080456	0.073046	0.002606
684.158931	0.079180	0.067385	0.002708
683.535841	0.083696	0.061022	0.002645
682.907806	0.081194	0.055959	0.002704
682.235124	0.081315	0.051598	0.002791
681.636649	0.083460	0.048177	0.002597
681.009957	0.081590	0.044838	0.002712
680.363626	0.081577	0.041820	0.002617
679.759531	0.082119	0.039632	0.002610
679.156060	0.082322	0.037565	0.002498
678.526170	0.078650	0.035605	0.002660
677.907553	0.078075	0.033757	0.002686
677.271845	0.082099	0.031632	0.002593
676.650036	0.081356	0.030533	0.002556
676.023758	0.082442	0.029052	0.002706
675.405918	0.081589	0.028404	0.002656
674.821919	0.080994	0.026923	0.002524
674.174398	0.082589	0.026078	0.002573
673.573307	0.078385	0.025579	0.002537
672.883223	0.081787	0.023765	0.002589
672.261469	0.082820	0.023336	0.002546
671.595062	0.080552	0.022622	0.002553
670.967487	0.079583	0.021629	0.002524
670.309960	0.080384	0.021322	0.002514
669.724166	0.077737	0.020464	0.002630
669.035054	0.081038	0.019931	0.002461
668.393121	0.081110	0.019079	0.002589
667.723211	0.080460	0.018381	0.002613
667.122297	0.077980	0.018353	0.002473
666.446566	0.080479	0.017879	0.002613
665.808837	0.079764	0.017630	0.002648
665.206339	0.080138	0.017046	0.002725
664.567957	0.079028	0.016423	0.002694
663.899307	0.082378	0.015820	0.002584
663.268896	0.081432	0.015453	0.002696
662.592626	0.083128	0.015061	0.002780
661.994114	0.079825	0.014908	0.002515
661.335637	0.078595	0.014294	0.002592
660.713444	0.080657	0.014035	0.002775
660.138651	0.081870	0.013918	0.002550
659.490977	0.083181	0.013655	0.002724
658.896407	0.078980	0.012841	0.002474
658.266065	0.083632	0.012610	0.002733
657.615294	0.078654	0.012612	0.002458
657.030548	0.077077	0.012464	0.002777
656.422918	0.080882	0.011813	0.002712
655.813760	0.079354	0.012032	0.002648
655.202530	0.081652	0.011482	0.002688
654.535425	0.081009	0.011066	0.002678
653.920238	0.083570	0.011479	0.002694
653.258379	0.082624	0.011026	0.002654
652.616960	0.080165	0.010863	0.002603
651.970171	0.083437	0.010669	0.002651
651.331423	0.079853	0.010949	0.002467
650.713784	0.079441	0.011004	0.002692
650.053755	0.081226	0.011230	0.002595
649.403699	0.080807	0.011792	0.002553
648.777238	0.079830	0.012023	0.002657
648.118566	0.078672	0.012395	0.002531
647.489057	0.083413	0.013413	0.002641
646.824014	0.083630	0.013871	0.002737
646.216942	0.078502	0.014990	0.002652
645.623679	0.078110	0.016095	0.002590
645.014038	0.080698	0.017303	0.002736
644.399080	0.078652	0.018395	0.002760
643.746966	0.083494	0.020285	0.002550
643.117650	0.082418	0.021733	0.002710
642.463510	0.080942	0.023359	0.002559
641.849757	0.081580	0.025065	0.002574
641.195533	0.079759	0.026101	0.002602
640.618142	0.081869	0.026451	0.002728
639.984729	0.077626	0.026209	0.002815
639.329990	0.079894	0.024954	0.002672
638.722890	0.078102	0.021920	0.002746
638.066780	0.080524	0.017725	0.002627
637.443223	0.078640	0.013251	0.002511
636.763243	0.083675	0.010017	0.002672
636.161148	0.082284	0.011954	0.002626
635.467298	0.079915	0.018683	0.002779
635.131135	0.081525	0.024844	0.002577
635.751545	0.078983	0.017669	0.002840
636.406193	0.081934	0.011673	0.002573
637.081923	0.082378	0.010555	0.002722
637.711819	0.079411	0.013733	0.002760
638.360749	0.085283	0.018433	0.002669
638.944045	0.080567	0.022517	0.002600
639.602917	0.084011	0.025370	0.002816
640.222705	0.079293	0.026481	0.002690
640.810125	0.080570	0.026456	0.002728
641.449539	0.080745	0.025867	0.002655
642.064484	0.079683	0.024991	0.002650
642.679482	0.082762	0.023137	0.002775
643.323424	0.081603	0.021892	0.002572
643.898452	0.081019	0.020366	0.002566
644.492691	0.081010	0.019010	0.002540
645.131437	0.085121	0.017241	0.002774
645.737948	0.078571	0.016091	0.002734
646.400689	0.081837	0.015002	0.002577
647.038414	0.080034	0.013862	0.002609
647.688074	0.082915	0.013461	0.002708
648.301943	0.080209	0.012420	0.002617
648.883800	0.080662	0.012265	0.002399
649.508109	0.079478	0.011763	0.002741
650.136526	0.080590	0.011164	0.002653
650.812673	0.081397	0.010887	0.002601
651.440573	0.079614	0.010837	0.002588
652.123946	0.079341	0.010995	0.002609
652.739251	0.077312	0.010863	0.002718
653.353964	0.079717	0.011039	0.002598
653.980825	0.081190	0.011134	0.002655
654.642947	0.081901	0.011190	0.002744
655.281077	0.081838	0.011419	0.002536
655.942160	0.079826	0.011663	0.002675
656.573226	0.081866	0.012000	0.002627
657.232727	0.081970	0.012243	0.002569
657.851315	0.081868	0.012674	0.002565
658.445175	0.082580	0.012669	0.002532
659.097580	0.079439	0.013446	0.002593
659.707418	0.076215	0.013333	0.002599
660.332417	0.078457	0.013666	0.002582
660.929565	0.080833	0.013972	0.002570
661.574881	0.077567	0.014164	0.002526
662.204574	0.081383	0.014721	0.002607
662.801326	0.079380	0.015313	0.002540
663.394538	0.080512	0.015340	0.002759
664.039288	0.079325	0.016019	0.002748
664.662532	0.080384	0.016416	0.002622
665.349788	0.080086	0.016811	0.002609
665.954354	0.081859	0.016913	0.002680
666.616452	0.079959	0.018040	0.002684
667.232662	0.078898	0.018395	0.002597
667.830147	0.076255	0.018465	0.002646
668.456117	0.080326	0.019425	0.002710
669.147984	0.085021	0.020081	0.002720
669.763588	0.081233	0.020254	0.002661
670.461186	0.081149	0.021455	0.002543
671.066727	0.081339	0.022105	0.002681
671.749040	0.078613	0.022531	0.002555
672.338142	0.081324	0.023537	0.002716
672.936976	0.081379	0.024156	0.002657
673.550238	0.080390	0.025336	0.002586
674.184706	0.083772	0.025940	0.002578
674.848842	0.084097	0.027202	0.002668
675.453456	0.080024	0.027990	0.002657
676.140093	0.082861	0.029314	0.002568
676.746944	0.081443	0.030397	0.002722
677.335974	0.081500	0.031572	0.002498
677.971894	0.077055	0.033060	0.002744
678.590395	0.077751	0.035148	0.002668
679.242027	0.078826	0.037011	0.002744
679.881998	0.080056	0.040074	0.002773
680.544340	0.081725	0.042121	0.002710
681.175278	0.080423	0.044740	0.002700
681.822168	0.079925	0.048082	0.002734
682.417104	0.081053	0.052119	0.002606
683.072702	0.080885	0.056568	0.002571
683.710307	0.079288	0.061116	0.002790
684.355195	0.083129	0.067862	0.002738
684.984643	0.083733	0.073998	0.002541
685.643156	0.081060	0.081278	0.002625
686.254325	0.078470	0.088877	0.002569
686.921242	0.079828	0.095524	0.002783
687.535883	0.081239	0.100270	0.002533
688.219043	0.080706	0.102943	0.002630
688.841527	0.077027	0.102292	0.002627
689.500435	0.078395	0.098041	0.002640
690.110017	0.080564	0.093064	0.002941
690.773723	0.079507	0.086013	0.002677
691.421256	0.078073	0.079003	0.002691
692.008791	0.079467	0.073487	0.002617
692.647406	0.081550	0.067556	0.002757
693.257438	0.077570	0.062793	0.002668
693.916265	0.081932	0.057897	0.002562
694.560370	0.083806	0.054170	0.002618
695.207740	0.079729	0.051309	0.002442
695.817625	0.079814	0.048736	0.002816
696.482727	0.083133	0.046442	0.002677
697.094104	0.081057	0.045289	0.002605
697.775695	0.082548	0.043352	0.002660
698.395731	0.080265	0.041762	0.002603
699.041224	0.080731	0.040609	0.002660
699.683817	0.078213	0.039313	0.002561
700.333576	0.078590	0.039010	0.002670
700.955261	0.082212	0.038016	0.002467
701.617197	0.081727	0.036938	0.002706
702.221797	0.079387	0.036742	0.002609
702.873533	0.081357	0.036388	0.002562
703.490592	0.082909	0.035867	0.002607
704.071905	0.082191	0.035417	0.002628
704.715341	0.080209	0.034888	0.002558
705.358220	0.081003	0.034622	0.002825
706.000066	0.080513	0.034329	0.002627
706.607605	0.080322	0.033807	0.002519
707.264296	0.080245	0.033897	0.002707
707.893603	0.080431	0.033533	0.002614
708.556367	0.081669	0.033304	0.002491
709.215587	0.080803	0.032850	0.002593
709.893806	0.083770	0.032395	0.002496
710.502603	0.081091	0.032836	0.002688
711.157469	0.081492	0.032178	0.002618
711.757957	0.082271	0.032483	0.002519
712.398553	0.081176	0.031882	0.002456
713.036090	0.080587	0.031836	0.002521
713.653395	0.081106	0.031848	0.002690
714.318537	0.082973	0.032100	0.002691
714.926694	0.082181	0.031747	0.002636
715.571216	0.079983	0.031884	0.002541
716.188030	0.081917	0.031762	0.002530
716.785021	0.080234	0.031121	0.002672
717.400621	0.078680	0.031484	0.002529
718.004917	0.081167	0.031017	0.002552
718.671863	0.079121	0.030631	0.002580
719.289519	0.082282	0.030917	0.002543
719.938401	0.079121	0.031030	0.002677
720.573791	0.080984	0.031144	0.002633
721.177775	0.080389	0.030660	0.002506
721.793150	0.077682	0.030960	0.002579
722.401664	0.082459	0.030683	0.002536
723.081587	0.080840	0.030762	0.002575
723.688764	0.080287	0.030806	0.002711
724.365389	0.080135	0.030919	0.002515
725.003693	0.081294	0.030804	0.002736
725.644959	0.081550	0.030619	0.002635
726.247946	0.079884	0.030778	0.002546
726.927089	0.078410	0.030661	0.002566
727.549238	0.081804	0.030800	0.002515
728.206656	0.078078	0.030320	0.002604
728.827722	0.080299	0.030570	0.002616
729.463911	0.080753	0.030689	0.002567
730.083177	0.081026	0.030708	0.002546
730.723552	0.080480	0.030780	0.002683
731.328352	0.081913	0.030329	0.002683
731.962304	0.078700	0.030180	0.002466
732.609509	0.077015	0.030168	0.002690
733.228683	0.081354	0.029904	0.002656
733.890259	0.083152	0.029969	0.002619
734.499901	0.081604	0.030509	0.002504
735.174388	0.081415	0.030256	0.002505
735.781079	0.078665	0.029701	0.002583
736.446767	0.080185	0.029881	0.002654
737.086186	0.080404	0.030578	0.002492
737.760588	0.081908	0.030071	0.002816
738.385275	0.078388	0.029448	0.002609
739.058531	0.079251	0.029305	0.002677
739.682699	0.081680	0.029705	0.002635
740.327261	0.080391	0.029490	0.002652
740.927035	0.081945	0.029377	0.002621
741.572238	0.080880	0.029351	0.002657
742.204863	0.081477	0.029675	0.002587
742.865030	0.081013	0.029627	0.002523
743.480899	0.078402	0.029284	0.002553
744.152564	0.081322	0.029519	0.002543
744.788054	0.081313	0.029092	0.002696
745.466714	0.080212	0.028867	0.002617
746.064745	0.080128	0.029143	0.002489
746.748591	0.078185	0.029059	0.002591
747.364391	0.081598	0.029096	0.002605
748.034196	0.081242	0.028266	0.002599
748.655029	0.079252	0.029123	0.002639
749.304686	0.080135	0.028587	0.002567
749.950097	0.081331	0.028447	0.002592
750.554741	0.080503	0.028436	0.002528
751.192983	0.080394	0.028360	0.002532
751.852534	0.080525	0.028265	0.002496
752.485705	0.082206	0.028789	0.002718
753.157995	0.082164	0.027997	0.002705
753.787696	0.081727	0.028352	0.002407
754.444716	0.080352	0.027843	0.002604
755.052820	0.081641	0.028087	0.002638
755.650932	0.082526	0.027727	0.002525
756.300472	0.079957	0.027255	0.002577
756.912781	0.080164	0.027295	0.002473
757.553035	0.077710	0.027713	0.002687
758.166995	0.080782	0.027578	0.002678
758.850126	0.081255	0.027623	0.002550
759.479904	0.081648	0.028007	0.002591
760.105664	0.080560	0.026964	0.002622
760.701843	0.080522	0.026742	0.002543
761.294653	0.081449	0.027093	0.002592
761.950806	0.081912	0.027443	0.002544
762.599758	0.080245	0.027047	0.002509
763.237035	0.080505	0.026878	0.002631
763.852008	0.081988	0.026468	0.002715
764.505044	0.080517	0.026402	0.002691
765.098526	0.079069	0.026234	0.002572
765.707346	0.081950	0.026362	0.002532
766.376901	0.081891	0.026607	0.002612
766.998105	0.080927	0.026275	0.002613
767.676467	0.078682	0.025744	0.002572
768.292580	0.080290	0.026373	0.002565
768.957398	0.080304	0.025781	0.002599
769.568930	0.081399	0.025226	0.002625
770.169012	0.079983	0.025343	0.002692
770.787751	0.080407	0.025274	0.002678
771.408462	0.082382	0.024599	0.002530
772.044536	0.081106	0.024365	0.002446
772.685942	0.080373	0.025317	0.002549
773.364114	0.081339	0.025085	0.002692
773.981514	0.082504	0.024949	0.002767
774.636637	0.080429	0.024538	0.002565
775.226574	0.080915	0.024114	0.002716
775.903749	0.078687	0.023994	0.002622
776.519122	0.081617	0.024257	0.002546
777.171459	0.081461	0.023997	0.002683
777.808511	0.082284	0.023747	0.002715
778.450803	0.080683	0.023722	0.002699
779.044827	0.080052	0.024131	0.002748
779.637081	0.080577	0.024058	0.002618
780.310839	0.079736	0.022926	0.002507
780.935896	0.080938	0.023531	0.002746
781.604282	0.080936	0.023121	0.002660
782.185424	0.080174	0.023125	0.002722
782.855683	0.080535	0.022934	0.002794
783.458103	0.080078	0.022627	0.002603
784.105860	0.080742	0.023171	0.002563
784.732717	0.080495	0.023242	0.002627
785.351787	0.079286	0.022148	0.002630
785.986304	0.078332	0.022314	0.002593
786.626210	0.078172	0.022688	0.002671
787.284433	0.081841	0.022281	0.002504
787.909976	0.082601	0.021814	0.002663
788.570356	0.080960	0.021338	0.002687
789.200302	0.080913	0.020839	0.002648
789.807418	0.081837	0.020791	0.002698
790.429324	0.080290	0.022016	0.002589
791.032255	0.081314	0.021786	0.002658
791.689609	0.080566	0.021304	0.002590
792.294834	0.080412	0.020527	0.002688
792.948996	0.081480	0.021108	0.002866
793.567007	0.079966	0.020072	0.002594
794.176951	0.080474	0.019564	0.002628
794.788797	0.080480	0.020574	0.002882
795.421875	0.081064	0.020109	0.002337
796.100324	0.080017	0.019617	0.002739
796.714167	0.081209	0.020058	0.002665
797.374677	0.078730	0.019901	0.002692
797.998374	0.082341	0.020281	0.002651
798.661992	0.081400	0.019922	0.002740
799.248672	0.081636	0.019214	0.002773
799.938294	0.080118	0.019467	0.002558
