800.416396	0.077172	0.020012	0.002630
801.024638	0.076763	0.020319	0.002689
801.687237	0.075820	0.018825	0.002682
802.313766	0.077104	0.019259	0.002686
802.918020	0.077609	0.019621	0.002533
803.562350	0.076979	0.019561	0.002618
804.170597	0.077244	0.019617	0.002633
804.796068	0.078402	0.018010	0.002532
805.366060	0.077019	0.018624	0.002645
805.955503	0.077377	0.018858	0.002671
806.567215	0.076329	0.018575	0.002627
807.211437	0.075153	0.017515	0.002569
807.797708	0.076438	0.017959	0.002772
808.382416	0.076653	0.017606	0.002650
808.971052	0.078640	0.017425	0.002567
809.589647	0.077028	0.017486	0.002628
810.144483	0.075727	0.018211	0.002585
810.705811	0.077783	0.017295	0.002655
811.287108	0.074871	0.017820	0.002548
811.847008	0.076441	0.017314	0.002665
812.475873	0.077192	0.017738	0.002701
813.118537	0.077641	0.016725	0.002651
813.689383	0.078132	0.017214	0.002615
814.331344	0.076530	0.017399	0.002569
814.965849	0.076525	0.017714	0.002577
815.635562	0.076323	0.016634	0.002581
816.198340	0.075806	0.017808	0.002734
816.762163	0.076566	0.017483	0.002756
817.322284	0.076631	0.017481	0.002662
817.894309	0.077202	0.017572	0.002711
818.535246	0.075817	0.015635	0.002670
819.124281	0.077090	0.015105	0.002628
819.761574	0.077944	0.017205	0.002614
820.320767	0.077581	0.016113	0.002661
820.958005	0.076030	0.016951	0.002723
821.554660	0.076888	0.016539	0.002796
822.170222	0.077101	0.017647	0.002754
822.775109	0.075019	0.015977	0.002749
823.368924	0.076524	0.016498	0.002641
823.986676	0.077149	0.016433	0.002568
824.578068	0.076216	0.015725	0.002706
825.201965	0.077512	0.016789	0.002668
825.865582	0.077764	0.015435	0.002697
826.495566	0.074463	0.015160	0.002692
827.138545	0.076355	0.015320	0.002788
827.743097	0.075936	0.016191	0.002631
828.322091	0.075716	0.017123	0.002730
828.966092	0.075080	0.015894	0.002635
829.588394	0.077171	0.016395	0.002750
830.243331	0.076544	0.015041	0.002639
830.875012	0.076577	0.015875	0.002551
831.479785	0.075809	0.015159	0.002622
832.105447	0.078229	0.015730	0.002731
832.734459	0.076380	0.015930	0.002678
833.322924	0.078313	0.015050	0.002621
833.915959	0.076094	0.016346	0.002679
834.492175	0.076207	0.015875	0.002644
835.135934	0.076591	0.014875	0.002610
835.773606	0.076097	0.015433	0.002485
836.382638	0.075460	0.014731	0.002703
836.982660	0.076273	0.015413	0.002587
837.617584	0.075998	0.016980	0.002638
838.222908	0.078365	0.015757	0.002703
838.878177	0.075519	0.016172	0.002660
839.494098	0.077964	0.014889	0.002692
840.085960	0.076627	0.015292	0.002687
840.708985	0.076494	0.015320	0.002492
841.289081	0.077778	0.014356	0.002734
841.896469	0.076438	0.014904	0.002719
842.554262	0.076856	0.015231	0.002600
843.180179	0.078576	0.015239	0.002650
843.829889	0.074254	0.014729	0.002746
844.437151	0.077405	0.014762	0.002761
845.049351	0.077051	0.014725	0.002666
845.643674	0.075669	0.014720	0.002719
846.261984	0.076956	0.016673	0.002715
846.880545	0.075816	0.014642	0.002820
847.527288	0.076772	0.016060	0.002774
848.137799	0.075566	0.015912	0.002705
848.769082	0.077368	0.014922	0.002591
849.403618	0.076211	0.015976	0.002640
849.992691	0.074355	0.015325	0.002681
850.603961	0.075678	0.015564	0.002803
851.245819	0.077731	0.015921	0.002629
851.821108	0.076182	0.015947	0.002608
852.430344	0.077655	0.016165	0.002644
853.023575	0.075760	0.015457	0.002668
853.620409	0.077084	0.015844	0.002658
854.206849	0.077893	0.014719	0.002733
854.803259	0.065863	0.016581	0.002666
855.447232	0.074919	0.015194	0.002710
856.037317	0.075957	0.014651	0.002807
856.672163	0.076551	0.016252	0.002710
857.312405	0.074250	0.015192	0.002722
857.965089	0.077152	0.015584	0.002796
858.540173	0.075619	0.015299	0.002606
859.124905	0.077599	0.015764	0.002463
859.735232	0.078213	0.015781	0.002671
860.398103	0.076038	0.015645	0.002784
860.977575	0.078920	0.015488	0.002801
861.606899	0.075846	0.015770	0.002498
862.221531	0.073203	0.015811	0.002563
862.813342	0.077154	0.017642	0.002750
863.446312	0.077083	0.015519	0.002600
864.033269	0.076767	0.015792	0.002630
864.631773	0.074000	0.015447	0.002699
865.285186	0.077418	0.015829	0.002685
865.908582	0.076334	0.015177	0.002514
866.508010	0.076890	0.016537	0.002713
867.150741	0.073729	0.015046	0.002752
867.718121	0.074953	0.016124	0.002575
868.312719	0.076905	0.015782	0.002581
868.958852	0.077437	0.015642	0.002603
869.596275	0.075883	0.015416	0.002610
870.235982	0.076651	0.017196	0.002775
870.867353	0.076423	0.014946	0.002651
871.526085	0.073556	0.016375	0.002741
872.119234	0.075031	0.016076	0.002734
872.694657	0.075468	0.017121	0.002776
873.309037	0.077325	0.016348	0.002897
873.931088	0.075991	0.016187	0.002617
874.525823	0.075804	0.015571	0.002621
875.173739	0.077498	0.016443	0.002766
875.789348	0.078229	0.017356	0.002810
876.391548	0.068143	0.017563	0.002524
876.968507	0.076903	0.015435	0.002642
877.609792	0.076284	0.016669	0.002676
878.198908	0.077305	0.017678	0.002762
878.850033	0.076290	0.015704	0.002562
879.482015	0.075753	0.017012	0.002620
880.143301	0.078537	0.018279	0.002742
880.770068	0.074934	0.016864	0.002711
881.381185	0.076022	0.015861	0.002508
881.980335	0.075315	0.017530	0.002750
882.592704	0.074449	0.016319	0.002636
883.208888	0.076277	0.016593	0.002649
883.835453	0.074916	0.017274	0.002615
884.440737	0.077947	0.017495	0.002605
885.096627	0.077782	0.017530	0.002561
885.737370	0.077894	0.016930	0.002857
886.305819	0.077265	0.017964	0.002653
886.978363	0.076085	0.015549	0.002813
887.596598	0.074786	0.016867	0.002671
888.243716	0.077720	0.017049	0.002652
888.847349	0.076550	0.018417	0.002672
889.473574	0.076768	0.018226	0.002632
890.113149	0.075278	0.018701	0.002659
890.717749	0.078535	0.016639	0.002767
891.292899	0.076502	0.017914	0.002888
891.928149	0.076126	0.018431	0.002801
892.543089	0.076934	0.016859	0.002733
893.189396	0.076949	0.017314	0.002718
893.810258	0.077798	0.018308	0.002624
894.382884	0.077270	0.017322	0.002678
895.022663	0.077598	0.018425	0.002678
895.621080	0.076100	0.018042	0.002756
896.192975	0.078845	0.018904	0.002691
896.828200	0.075903	0.018384	0.002451
897.409071	0.078116	0.017913	0.002675
897.993722	0.064404	0.018301	0.002667
898.543097	0.076545	0.018220	0.002701
899.196616	0.078956	0.018863	0.002762
899.821214	0.075691	0.017991	0.002661
900.410409	0.076487	0.019560	0.002965
901.060683	0.075397	0.017975	0.002641
901.704636	0.074995	0.017890	0.002784
902.357044	0.077832	0.017855	0.002641
902.959067	0.080927	0.017258	0.002777
903.625097	0.075984	0.018661	0.002964
904.231478	0.076580	0.018114	0.002482
904.800042	0.074980	0.018369	0.002629
905.403198	0.075597	0.017696	0.002632
906.053218	0.075710	0.019050	0.002668
906.642672	0.077817	0.017136	0.002666
907.282679	0.075138	0.019269	0.002824
907.889564	0.075444	0.019793	0.002837
908.458011	0.076042	0.018100	0.002757
909.057585	0.075405	0.019868	0.002669
909.664449	0.078290	0.017258	0.002772
910.274176	0.076604	0.017665	0.002646
910.868754	0.078807	0.019825	0.002795
911.539193	0.076913	0.019644	0.002711
912.140849	0.079745	0.019105	0.002668
912.780005	0.076641	0.020036	0.002529
913.381159	0.076173	0.017909	0.002722
913.984873	0.076397	0.019064	0.002688
914.631141	0.075430	0.019962	0.002646
915.247506	0.074373	0.019136	0.002600
915.842794	0.075996	0.019747	0.002646
916.443637	0.073450	0.019300	0.002538
917.058570	0.077564	0.018725	0.002687
917.701595	0.075499	0.019127	0.002843
918.275560	0.074884	0.018972	0.002656
918.861147	0.075067	0.017446	0.003192
919.450486	0.077933	0.020218	0.002623
920.042744	0.077249	0.018638	0.002542
920.671717	0.072762	0.019406	0.002619
921.306332	0.072489	0.019336	0.002645
921.932471	0.076107	0.019843	0.002692
922.506387	0.075588	0.018955	0.002889
923.102466	0.074376	0.019010	0.002694
923.728332	0.074858	0.020030	0.002502
924.350734	0.075635	0.019475	0.002878
924.961384	0.079718	0.018413	0.002755
925.619008	0.079093	0.020386	0.002833
926.207274	0.075444	0.019643	0.002931
926.818549	0.075845	0.020308	0.002494
927.389511	0.079611	0.019221	0.002726
928.013264	0.078203	0.020323	0.002758
928.597233	0.077091	0.020439	0.002712
929.187012	0.080265	0.019413	0.002881
929.788470	0.076720	0.019400	0.002824
930.403277	0.075098	0.019172	0.002636
931.021818	0.076060	0.019706	0.002935
931.647437	0.076124	0.019023	0.002729
932.211141	0.074713	0.020698	0.002746
932.858683	0.078323	0.019796	0.002855
933.481438	0.075595	0.019115	0.002855
934.119911	0.077612	0.018753	0.002703
934.698188	0.078098	0.020224	0.002943
935.341270	0.076137	0.019426	0.002770
935.946987	0.082041	0.019620	0.002674
936.527230	0.076268	0.018579	0.002705
937.096614	0.074165	0.020222	0.002647
937.732185	0.071141	0.020961	0.002781
938.325991	0.075954	0.020522	0.002620
938.912983	0.077262	0.019993	0.002663
939.536879	0.076002	0.020088	0.002643
940.158468	0.075836	0.021253	0.002534
940.726743	0.076835	0.019210	0.002690
941.295597	0.074536	0.020006	0.002859
941.868812	0.074744	0.019997	0.002648
942.493495	0.076371	0.018277	0.002776
943.103960	0.078069	0.019089	0.002715
943.744347	0.075431	0.021044	0.003214
944.314003	0.077572	0.018907	0.002644
944.931049	0.077805	0.019346	0.002717
945.569283	0.076471	0.022458	0.002742
946.149159	0.079262	0.023232	0.002711
946.752606	0.078986	0.019891	0.002911
947.389941	0.078290	0.021022	0.002914
948.004016	0.078809	0.020066	0.002847
948.596521	0.069035	0.020828	0.002834
949.255145	0.077295	0.020655	0.002888
949.873698	0.078518	0.019717	0.002852
950.535108	0.078525	0.020106	0.002754
951.106225	0.075604	0.020842	0.002739
951.671843	0.077237	0.020577	0.002614
952.270878	0.076367	0.021850	0.002952
952.897955	0.076130	0.019654	0.002848
953.537216	0.071976	0.020693	0.002883
954.144783	0.077144	0.020284	0.002778
954.789421	0.076500	0.020023	0.002894
955.375156	0.074949	0.020090	0.002901
956.007259	0.074766	0.021623	0.002712
956.631178	0.075247	0.020546	0.002709
957.237472	0.073980	0.020437	0.002980
957.903617	0.077071	0.021779	0.002778
958.509583	0.074453	0.021067	0.002814
959.170426	0.076192	0.021105	0.002775
959.783109	0.078749	0.021587	0.002634
960.381329	0.078015	0.020320	0.002723
961.010639	0.075775	0.021550	0.002721
961.607177	0.075861	0.019643	0.002865
962.260353	0.078117	0.020795	0.002808
962.895907	0.077539	0.021924	0.002945
963.491144	0.076767	0.020580	0.002695
964.124308	0.077634	0.021292	0.002755
964.721122	0.079972	0.019859	0.002692
964.758190	0.077729	0.020819	0.002886
964.159173	0.077260	0.020553	0.002778
963.532006	0.077113	0.020233	0.002674
962.892127	0.077528	0.020600	0.002783
962.274627	0.078199	0.020387	0.002753
961.646162	0.074233	0.020939	0.002966
961.055455	0.080215	0.020353	0.002755
960.426066	0.077098	0.020100	0.002737
959.777360	0.075738	0.021490	0.002753
959.166059	0.078369	0.020646	0.002752
958.596622	0.076206	0.021787	0.002787
957.971738	0.076520	0.021244	0.002615
957.409266	0.077468	0.019385	0.003043
956.791490	0.075989	0.021540	0.002727
956.231612	0.076479	0.018634	0.002752
955.632136	0.077551	0.020653	0.002943
955.006162	0.077017	0.020743	0.002873
954.409024	0.076920	0.021185	0.002761
953.771575	0.077424	0.019561	0.002757
953.151250	0.079386	0.020832	0.002806
952.531419	0.075907	0.020967	0.002705
951.903119	0.074106	0.019663	0.003051
951.309481	0.075040	0.020797	0.002647
950.714026	0.074712	0.019830	0.003048
950.111336	0.076377	0.019938	0.002963
949.454296	0.077079	0.020325	0.002823
948.876444	0.075495	0.022212	0.002671
948.236776	0.074452	0.019399	0.003121
947.618199	0.077013	0.020133	0.002814
947.036466	0.078319	0.022040	0.002832
946.435481	0.078969	0.021005	0.003065
945.829208	0.076287	0.019652	0.002797
945.204721	0.075725	0.020101	0.002927
944.544395	0.076458	0.020920	0.002704
943.941066	0.079864	0.020528	0.002705
943.310735	0.075395	0.020126	0.002791
942.681252	0.079195	0.019540	0.002621
942.105955	0.074623	0.020106	0.002789
941.446176	0.077390	0.019573	0.002948
940.820168	0.076734	0.020052	0.002900
940.168757	0.076412	0.020435	0.002853
939.537948	0.077387	0.020245	0.002768
938.885307	0.077467	0.020887	0.002646
938.268466	0.075807	0.020741	0.003121
937.660225	0.074697	0.018935	0.002882
937.083819	0.074057	0.019405	0.002690
936.465552	0.075206	0.019558	0.002799
935.861642	0.077896	0.020450	0.002827
935.250028	0.075801	0.019779	0.002718
934.613089	0.075622	0.019383	0.002680
934.023737	0.076529	0.020849	0.002675
933.395453	0.076694	0.020146	0.002704
932.800797	0.076020	0.019249	0.002754
932.193259	0.073884	0.020810	0.002791
931.573186	0.074621	0.018586	0.002768
930.943944	0.078033	0.020903	0.002707
930.316096	0.078943	0.021617	0.002716
929.665316	0.076874	0.019125	0.002732
929.083577	0.075808	0.017536	0.002757
928.429365	0.073581	0.018585	0.002768
927.837606	0.077969	0.018508	0.002758
927.251682	0.075297	0.018714	0.002702
926.632457	0.076233	0.019305	0.002638
925.996052	0.076659	0.018920	0.002643
925.392880	0.077331	0.019686	0.002774
924.726802	0.076391	0.019249	0.002656
924.138951	0.074784	0.019853	0.002642
923.487582	0.074124	0.018494	0.002699
922.891558	0.077103	0.018772	0.002788
922.287062	0.076555	0.018533	0.002716
921.622950	0.079540	0.018970	0.003013
921.004774	0.078363	0.020340	0.002680
920.354347	0.076930	0.019327	0.002669
919.753678	0.076766	0.018246	0.002686
919.168615	0.074507	0.017922	0.002710
918.605981	0.074875	0.018499	0.002832
917.965295	0.073857	0.020189	0.002547
917.379710	0.077633	0.018512	0.002730
916.715819	0.077493	0.018874	0.002631
916.087618	0.076745	0.018219	0.002752
915.451273	0.074128	0.020079	0.002689
914.830356	0.076397	0.019083	0.002679
914.226770	0.076088	0.017969	0.002664
913.639285	0.075676	0.017001	0.002635
913.015695	0.075483	0.019622	0.002620
912.419581	0.075920	0.019273	0.002723
911.776024	0.076150	0.017392	0.002793
911.150490	0.074471	0.018751	0.002605
910.499486	0.077325	0.018540	0.002596
909.883185	0.076447	0.019867	0.002573
909.290774	0.074048	0.018775	0.002865
908.714286	0.076129	0.017581	0.002632
908.088773	0.075281	0.020278	0.002792
907.486191	0.077211	0.018789	0.002777
906.888056	0.076248	0.017533	0.002657
906.258417	0.075978	0.018751	0.002980
905.637700	0.077750	0.018588	0.002860
905.053133	0.075234	0.019395	0.002757
904.491544	0.077214	0.018385	0.002823
903.867912	0.074910	0.017249	0.002647
903.287999	0.078946	0.018837	0.002706
902.664973	0.076495	0.018205	0.002930
902.009345	0.076935	0.018788	0.002693
901.385694	0.078045	0.018407	0.002706
900.729323	0.076328	0.018551	0.002841
900.124759	0.078653	0.018860	0.002792
899.540883	0.075891	0.017950	0.002676
898.960550	0.077655	0.017711	0.002807
898.326652	0.077764	0.018372	0.002618
897.769326	0.076836	0.018454	0.002567
897.126045	0.074942	0.019563	0.002733
896.529847	0.077142	0.017973	0.002749
895.919169	0.080326	0.018396	0.002666
895.271696	0.079676	0.017959	0.002611
894.674509	0.074477	0.018196	0.002629
894.092107	0.075634	0.019907	0.002566
893.454801	0.076839	0.018317	0.002759
892.811714	0.077134	0.018617	0.002593
892.213062	0.075493	0.018141	0.002696
891.603685	0.078092	0.018468	0.002600
891.006046	0.077938	0.016794	0.002855
890.407362	0.077504	0.018063	0.002875
889.791772	0.074411	0.016229	0.002641
889.147060	0.076770	0.017860	0.002579
888.550220	0.075686	0.017822	0.003040
887.922063	0.075342	0.016071	0.002822
887.317298	0.077356	0.015886	0.002957
886.686631	0.078121	0.017853	0.002622
886.020125	0.076848	0.017333	0.002577
885.426750	0.075884	0.016545	0.002734
884.788765	0.076512	0.016632	0.002892
884.138878	0.077226	0.017452	0.002743
883.505683	0.075746	0.017499	0.002560
882.901462	0.076130	0.017985	0.002636
882.311444	0.076405	0.016899	0.002567
881.709170	0.076036	0.017808	0.002667
881.104445	0.077392	0.017182	0.002727
880.529914	0.076600	0.017265	0.002810
879.922720	0.075400	0.016546	0.002675
879.277409	0.075591	0.017241	0.002764
878.649263	0.076326	0.016120	0.002798
877.995329	0.076954	0.016698	0.002630
877.390679	0.074171	0.016070	0.002700
876.820215	0.076112	0.017237	0.002661
876.282293	0.075001	0.016805	0.002623
875.662494	0.077249	0.017430	0.002592
875.042583	0.075595	0.016571	0.002658
874.453275	0.075506	0.016479	0.002551
873.826785	0.078330	0.016522	0.002713
873.175448	0.077415	0.017061	0.002609
872.550424	0.075960	0.015075	0.003012
871.960555	0.076984	0.016074	0.002573
871.391985	0.078183	0.015436	0.002692
870.766581	0.075790	0.017656	0.002655
870.109500	0.077886	0.016621	0.002736
869.478741	0.076239	0.015719	0.002694
868.833163	0.076000	0.016817	0.002718
868.221333	0.076465	0.016277	0.002628
867.579501	0.075437	0.015980	0.002593
866.972389	0.076545	0.015217	0.002478
866.390919	0.077191	0.016008	0.002639
865.758016	0.076462	0.016852	0.002643
865.154860	0.078199	0.016559	0.002720
864.543794	0.076288	0.016651	0.002748
863.897697	0.077597	0.016922	0.002764
863.268095	0.076135	0.016072	0.002689
862.609673	0.076395	0.015151	0.002626
861.991786	0.077877	0.015891	0.002704
861.357585	0.076431	0.016771	0.002553
860.729976	0.076059	0.015467	0.002765
860.134897	0.075116	0.017045	0.002656
859.500582	0.077459	0.014646	0.002603
858.887112	0.074792	0.015658	0.002699
858.229023	0.076374	0.016209	0.002657
857.610908	0.076007	0.015062	0.002645
857.034814	0.076603	0.015766	0.002878
856.422549	0.076181	0.017127	0.002569
855.784309	0.078163	0.014766	0.002881
855.190789	0.078698	0.015144	0.002670
854.589540	0.076571	0.015814	0.002698
853.918403	0.077738	0.017513	0.002667
853.286347	0.073485	0.015529	0.002527
852.675651	0.075528	0.015407	0.002845
852.080962	0.076043	0.015491	0.002702
851.459226	0.074775	0.014465	0.002725
850.840629	0.074737	0.015323	0.002650
850.241911	0.076993	0.015355	0.002709
849.620563	0.076295	0.014455	0.002734
848.997344	0.076864	0.014940	0.002679
848.331629	0.075631	0.015876	0.002612
847.725931	0.076931	0.015870	0.002631
847.128303	0.075276	0.014682	0.002661
846.510302	0.075916	0.016308	0.002528
845.878911	0.074955	0.015483	0.002613
845.281332	0.075680	0.016572	0.003004
844.646533	0.076875	0.015409	0.002599
844.033291	0.077885	0.015838	0.002795
843.411244	0.075582	0.016034	0.002554
842.846523	0.077626	0.015385	0.002779
842.202871	0.078203	0.014535	0.002592
841.591360	0.076804	0.014526	0.002733
840.957068	0.077348	0.015686	0.002622
840.339594	0.075930	0.015502	0.002528
839.727679	0.076020	0.015307	0.002720
839.085735	0.074978	0.015746	0.002726
838.484430	0.076992	0.016331	0.002659
837.902580	0.076855	0.014729	0.002546
837.305756	0.076610	0.016374	0.002572
836.699442	0.076020	0.015171	0.002746
836.107540	0.076546	0.016488	0.002688
835.459745	0.076001	0.015709	0.002555
834.821495	0.075869	0.015194	0.002697
834.195868	0.076277	0.015199	0.002577
833.571993	0.076564	0.014862	0.002614
832.993624	0.075684	0.016135	0.002635
832.364650	0.077105	0.015229	0.002743
831.733234	0.076535	0.016198	0.002442
831.157454	0.078348	0.015919	0.002737
830.521967	0.077021	0.016164	0.002815
829.888173	0.075238	0.016165	0.002993
829.241840	0.077396	0.015594	0.002612
828.687509	0.077475	0.016506	0.002760
828.055516	0.078057	0.015354	0.002560
827.471599	0.076310	0.015569	0.002817
826.850874	0.076333	0.014681	0.002681
826.235132	0.077610	0.015913	0.002788
825.663311	0.077394	0.016488	0.002663
825.014165	0.076587	0.016448	0.002503
824.387919	0.077551	0.017044	0.002684
823.812311	0.075656	0.016270	0.002747
823.200224	0.077080	0.016069	0.002654
822.578345	0.077228	0.017045	0.002704
822.005598	0.074967	0.016282	0.002632
821.399509	0.078810	0.016712	0.002688
820.780147	0.076565	0.017269	0.003028
820.157943	0.076395	0.016361	0.002614
819.509847	0.076302	0.017327	0.002724
818.937210	0.075401	0.017113	0.002763
818.323578	0.075771	0.016197	0.002706
817.696413	0.075450	0.016740	0.002680
817.050229	0.076009	0.016939	0.002622
816.408531	0.076725	0.016657	0.002690
815.791512	0.076938	0.016615	0.002703
815.193374	0.076873	0.017603	0.002646
814.604721	0.076790	0.017147	0.002769
813.982381	0.075594	0.017007	0.002674
813.392165	0.077899	0.017216	0.002878
812.733282	0.077073	0.017130	0.002737
812.104266	0.076511	0.017630	0.002549
811.559959	0.068430	0.017310	0.002468
810.906324	0.077441	0.017473	0.002541
810.299173	0.075785	0.018400	0.002754
809.686683	0.077942	0.017671	0.002569
809.034407	0.076292	0.018953	0.002685
808.445189	0.074771	0.018103	0.002598
807.829329	0.076522	0.018470	0.002665
807.196539	0.075198	0.018078	0.002522
806.566882	0.077002	0.019266	0.002615
805.946682	0.077214	0.018229	0.002715
805.343165	0.078368	0.017890	0.002649
804.744513	0.077119	0.019548	0.002604
804.123317	0.076733	0.018730	0.002639
803.529116	0.077236	0.019205	0.002744
802.886575	0.077819	0.019101	0.002479
802.263103	0.076799	0.019235	0.002591
801.688920	0.076708	0.019049	0.002692
801.091219	0.077060	0.019447	0.002675
800.479415	0.075659	0.019883	0.002718
799.889188	0.077412	0.019523	0.002648
799.293456	0.074693	0.020368	0.002641
798.698184	0.077719	0.021091	0.002683
798.052349	0.077733	0.020605	0.002692
797.468448	0.074063	0.019507	0.002728
796.868891	0.076007	0.021037	0.002673
796.299701	0.076021	0.020783	0.002760
795.661546	0.076137	0.021808	0.002545
795.030378	0.076944	0.021101	0.002586
794.381668	0.075817	0.020748	0.002638
793.749391	0.077610	0.021830	0.002745
793.103180	0.075974	0.022088	0.002588
792.477184	0.076385	0.020738	0.002854
791.896872	0.075897	0.021769	0.002654
791.249089	0.076882	0.022656	0.002650
790.647540	0.075909	0.022469	0.002545
790.016689	0.074344	0.022651	0.002603
789.401018	0.076216	0.021622	0.002585
788.785169	0.078590	0.022560	0.002751
788.154470	0.075633	0.022596	0.002585
787.567956	0.076023	0.022014	0.002702
786.937525	0.076429	0.021537	0.002726
786.313010	0.075784	0.022148	0.002632
785.678642	0.076908	0.022316	0.002524
785.030846	0.076541	0.023612	0.002685
784.393097	0.076998	0.023025	0.002604
783.732830	0.076389	0.023331	0.002635
783.156201	0.076393	0.023782	0.002655
782.497120	0.076492	0.024293	0.002580
781.857771	0.076163	0.023662	0.002828
781.258558	0.076816	0.024201	0.002528
780.617403	0.077244	0.024104	0.002668
779.998719	0.074985	0.024510	0.002713
779.343645	0.075798	0.024484	0.002647
778.745099	0.076079	0.024862	0.002650
778.155217	0.075613	0.024703	0.002602
777.500230	0.075966	0.024418	0.002726
776.891682	0.077710	0.025064	0.002665
776.234556	0.076950	0.024773	0.002647
775.603257	0.076432	0.024907	0.002603
775.032467	0.076213	0.024931	0.002646
774.407451	0.076912	0.025059	0.002668
773.778444	0.076847	0.025142	0.002563
773.177556	0.076315	0.025765	0.002563
772.557661	0.075730	0.025416	0.002546
771.934983	0.078173	0.026022	0.002743
771.351452	0.076333	0.025605	0.002504
770.718616	0.077019	0.026732	0.002600
770.101067	0.077299	0.026499	0.002548
769.455094	0.076607	0.026436	0.002647
768.881145	0.077950	0.026162	0.002602
768.270957	0.076145	0.026870	0.002695
767.595824	0.075891	0.026998	0.002589
766.997006	0.076635	0.027097	0.002756
766.350947	0.077118	0.027339	0.002641
765.728340	0.077224	0.027610	0.002509
765.100515	0.075868	0.027273	0.002726
764.453816	0.077207	0.027115	0.002693
763.863368	0.076356	0.027753	0.002653
763.220158	0.077478	0.027125	0.002494
762.585051	0.075573	0.027373	0.002618
761.958137	0.077562	0.027894	0.002524
761.340425	0.075594	0.027901	0.002679
760.712550	0.077306	0.027833	0.002567
760.056270	0.077714	0.028086	0.002664
759.455927	0.077370	0.027937	0.002538
758.883962	0.076086	0.027927	0.002709
758.273085	0.075266	0.028721	0.002638
757.640821	0.074650	0.028287	0.002679
757.054936	0.075666	0.028735	0.002587
756.434305	0.078518	0.028825	0.002572
755.827237	0.073637	0.028720	0.002531
755.211972	0.076949	0.028167	0.002514
754.640345	0.076111	0.029101	0.002599
754.005414	0.076577	0.029150	0.002493
753.365632	0.076217	0.029549	0.002660
752.737097	0.076156	0.029148	0.002593
752.119469	0.074501	0.029541	0.002670
751.471525	0.074330	0.029438	0.002644
750.842724	0.075729	0.030187	0.002647
750.246101	0.076573	0.029028	0.002636
749.672773	0.075476	0.030049	0.002804
749.040687	0.075643	0.030069	0.002616
748.441268	0.074934	0.030381	0.002543
747.811426	0.078181	0.029794	0.002556
747.175298	0.074313	0.030343	0.002594
746.602824	0.074822	0.030117	0.002629
745.989624	0.076343	0.030369	0.002652
745.355794	0.076518	0.030569	0.002659
744.765856	0.078368	0.030776	0.002578
744.133705	0.078434	0.030770	0.002729
743.505091	0.075100	0.030290	0.002527
742.861805	0.077084	0.030743	0.002594
742.219241	0.074856	0.030746	0.002701
741.625177	0.076034	0.030678	0.002622
740.981503	0.076376	0.030832	0.002662
740.385576	0.076160	0.031162	0.002453
739.736509	0.076514	0.031078	0.002719
739.098019	0.076690	0.030661	0.002573
738.448162	0.074883	0.031410	0.002551
737.808565	0.075914	0.030952	0.002480
737.218096	0.077656	0.030771	0.002564
736.594501	0.075124	0.031189	0.002527
735.980426	0.075152	0.031113	0.002491
735.395412	0.075669	0.031454	0.002514
734.804754	0.074239	0.031262	0.002699
734.167139	0.076937	0.031330	0.002505
733.570772	0.075778	0.031837	0.002528
732.922394	0.076934	0.031553	0.002678
732.302101	0.075431	0.032152	0.002776
731.656928	0.076450	0.031137	0.002587
731.011718	0.076957	0.031914	0.002559
730.441857	0.076017	0.031373	0.002505
729.801025	0.074557	0.031285	0.002545
729.177726	0.075900	0.032139	0.002648
728.492046	0.078013	0.031955	0.002709
727.872470	0.078255	0.031709	0.002582
727.214608	0.078656	0.032409	0.002603
726.601109	0.076716	0.032031	0.002582
726.022404	0.076016	0.032275	0.002649
725.387809	0.077995	0.031942	0.002492
724.792204	0.074757	0.032310	0.002859
724.139967	0.076782	0.032093	0.002585
723.507018	0.077076	0.032010	0.002603
722.910017	0.075289	0.032129	0.002670
722.272839	0.076038	0.032537	0.002601
721.656627	0.078295	0.032296	0.002684
721.077010	0.075422	0.032180	0.002550
720.429786	0.075566	0.032869	0.002574
719.823858	0.075307	0.033081	0.002609
719.173548	0.075668	0.032921	0.002568
718.572189	0.077166	0.032560	0.002627
717.912946	0.077586	0.032630	0.002769
717.304444	0.076463	0.032790	0.002653
716.730554	0.075313	0.032554	0.002661
716.125047	0.076844	0.033022	0.002554
715.493895	0.078791	0.033079	0.002532
714.867192	0.076184	0.033415	0.002540
714.195197	0.077714	0.033680	0.002625
713.567841	0.076014	0.033069	0.002615
712.938132	0.078124	0.033983	0.002706
712.333358	0.078103	0.034151	0.002716
711.727124	0.078236	0.034520	0.002628
711.088344	0.073889	0.033561	0.002697
710.489041	0.075631	0.034332	0.002546
709.842250	0.075765	0.034479	0.002554
709.188196	0.077203	0.034934	0.002641
708.603856	0.076129	0.035003	0.002708
707.984005	0.076561	0.034741	0.002632
707.384062	0.076398	0.035027	0.002594
706.752624	0.079993	0.035420	0.002588
706.116596	0.077652	0.035981	0.002631
705.494263	0.078708	0.035899	0.002731
704.845494	0.075707	0.036158	0.002562
704.257338	0.076004	0.036451	0.002680
703.644695	0.072596	0.037388	0.002627
703.009270	0.076851	0.037377	0.002610
702.425981	0.075977	0.038030	0.002672
701.782237	0.078951	0.038505	0.002587
701.176704	0.077131	0.039290	0.002712
700.592286	0.074818	0.039728	0.002623
699.946154	0.077674	0.040697	0.002598
699.303730	0.077301	0.041349	0.002606
698.706828	0.077484	0.042509	0.002600
698.126571	0.077161	0.043396	0.002564
697.495360	0.078318	0.044749	0.002556
696.914593	0.075480	0.047002	0.002593
696.305598	0.074919	0.047976	0.002569
695.674760	0.075266	0.050202	0.002605
695.036677	0.076983	0.052798	0.002481
694.396607	0.079435	0.055721	0.002631
693.811180	0.074205	0.059244	0.002635
693.250230	0.078431	0.062609	0.002607
692.614138	0.077054	0.067871	0.002736
691.987875	0.076765	0.073236	0.002620
691.388183	0.076630	0.079467	0.002740
690.742998	0.075341	0.085597	0.002753
690.139163	0.075952	0.092617	0.002664
689.565597	0.077018	0.097297	0.002638
688.955896	0.078154	0.102263	0.002640
688.374300	0.075511	0.105079	0.002570
687.752186	0.077810	0.104490	0.002455
687.159213	0.076129	0.101212	0.002635
686.536798	0.077398	0.095449	0.002646
685.921169	0.076621	0.088823	0.002643
685.332091	0.078231	0.081679	0.002705
684.732881	0.075331	0.075359	0.002803
684.089115	0.078120	0.068760	0.002683
683.477441	0.075091	0.063182	0.002679
682.831711	0.078895	0.057998	0.002547
682.192742	0.076165	0.053204	0.002457
681.581039	0.077031	0.050139	0.002627
681.006206	0.075949	0.046646	0.002611
680.411472	0.077464	0.043917	0.002634
679.767138	0.076807	0.041118	0.002676
679.178742	0.075379	0.039004	0.002738
678.583839	0.074336	0.037540	0.002622
678.005624	0.074157	0.035967	0.002628
677.402844	0.075698	0.034060	0.002667
676.801069	0.076393	0.032832	0.002411
676.190197	0.075192	0.031431	0.002691
675.556382	0.075659	0.030110	0.002497
674.924509	0.075578	0.029213	0.002638
674.329742	0.074221	0.027716	0.002532
673.703938	0.075709	0.027369	0.002657
673.087970	0.075223	0.026796	0.002556
672.472859	0.077200	0.025358	0.002522
671.893031	0.079118	0.024543	0.002672
671.226687	0.079054	0.023423	0.002588
670.625407	0.077124	0.023075	0.002601
669.975612	0.076757	0.022296	0.002578
669.365783	0.074474	0.021956	0.002564
668.720168	0.076744	0.021691	0.002745
668.137732	0.078608	0.020897	0.002585
667.540232	0.076645	0.020376	0.002527
666.917781	0.076075	0.020078	0.002553
666.310143	0.075661	0.019567	0.002701
665.688280	0.077587	0.018748	0.002637
665.044711	0.074226	0.018358	0.002666
664.430711	0.074545	0.018231	0.002581
663.788831	0.077187	0.017497	0.002628
663.179157	0.077243	0.017070	0.002628
662.579262	0.077146	0.016945	0.002577
661.954235	0.078676	0.016300	0.002752
661.334723	0.074984	0.015770	0.002653
660.681695	0.077789	0.016220	0.002539
660.041150	0.076820	0.015450	0.002619
659.393920	0.078206	0.015166	0.002489
658.783988	0.076234	0.014647	0.002658
658.185066	0.079603	0.014296	0.002773
657.546312	0.079859	0.014415	0.002554
656.959636	0.076814	0.014026	0.002756
656.333049	0.074097	0.013405	0.002607
655.730942	0.077272	0.013455	0.002535
655.145414	0.076524	0.013188	0.002669
654.532915	0.075539	0.013248	0.002562
653.881792	0.077939	0.012649	0.002633
653.294722	0.076080	0.012942	0.002581
652.661958	0.076837	0.012545	0.002726
652.025715	0.076860	0.012556	0.002615
651.408389	0.077427	0.012561	0.002662
650.786961	0.077755	0.012702	0.002532
650.187291	0.077519	0.012927	0.002563
649.582599	0.077964	0.013480	0.002607
648.926350	0.074149	0.013877	0.002572
648.337510	0.077655	0.014243	0.002436
647.767738	0.076874	0.014893	0.002607
647.134147	0.080747	0.015507	0.002607
646.491693	0.074631	0.016471	0.002584
645.931776	0.079729	0.017144	0.002747
645.300439	0.074087	0.018610	0.002714
644.697417	0.078438	0.020042	0.002658
644.116347	0.079344	0.021230	0.002560
643.462723	0.081741	0.022772	0.002613
642.848692	0.073355	0.024100	0.002593
642.207899	0.079291	0.025727	0.002620
641.576675	0.077777	0.027293	0.002654
640.954478	0.074713	0.028520	0.002519
640.320750	0.079977	0.028400	0.002734
639.727484	0.077540	0.027774	0.002777
639.124082	0.077316	0.025846	0.002689
638.533631	0.076490	0.022321	0.002779
637.896161	0.079834	0.018329	0.002778
637.258009	0.076502	0.013726	0.002646
636.609114	0.078166	0.011788	0.002697
636.000630	0.075366	0.015341	0.002694
635.361552	0.076036	0.022079	0.002632
635.227527	0.073784	0.026595	0.002757
635.815761	0.077800	0.019268	0.002694
636.439115	0.075097	0.013644	0.002734
637.049562	0.076831	0.011474	0.002777
637.666562	0.077981	0.014745	0.002538
638.294707	0.074336	0.019523	0.002695
638.921563	0.070295	0.023720	0.002725
639.558091	0.077794	0.026620	0.002628
640.146527	0.075598	0.028216	0.002643
640.752917	0.075419	0.028388	0.002608
641.389930	0.077601	0.027989	0.002619
642.022489	0.077069	0.026968	0.002630
642.644954	0.076664	0.025183	0.002786
643.266205	0.075244	0.023397	0.002616
643.875647	0.071119	0.022204	0.002521
644.529487	0.078692	0.020261	0.002584
645.107578	0.077246	0.019329	0.002588
645.688388	0.075412	0.018286	0.002594
646.310268	0.078515	0.016686	0.002601
646.914482	0.076927	0.015938	0.002710
647.507276	0.081254	0.015168	0.002627
648.155294	0.078072	0.014289	0.002504
648.786396	0.075618	0.013937	0.002758
649.390863	0.073310	0.013479	0.002672
649.959487	0.075143	0.013371	0.002588
650.580938	0.077056	0.013009	0.002538
651.161446	0.077166	0.012705	0.002630
651.750938	0.075523	0.012615	0.002610
652.374002	0.078813	0.012733	0.002739
652.981298	0.075418	0.012744	0.002662
653.609815	0.076539	0.012846	0.002718
654.184219	0.075133	0.013126	0.002534
654.771114	0.077926	0.012680	0.002664
655.408374	0.078565	0.012815	0.002625
655.992626	0.071738	0.012993	0.002591
656.617893	0.075004	0.013298	0.002654
657.199718	0.077068	0.014068	0.002555
657.803144	0.077657	0.014216	0.002677
658.433095	0.075357	0.014293	0.002494
659.038509	0.074573	0.014636	0.002629
659.639883	0.079044	0.014801	0.002598
660.289153	0.076396	0.015610	0.002580
660.875825	0.072956	0.015581	0.002648
661.492118	0.075681	0.015753	0.002613
662.147336	0.075191	0.016339	0.002579
662.747023	0.080649	0.016573	0.002505
663.417946	0.079940	0.017585	0.002712
664.011985	0.075953	0.017415	0.002677
664.646000	0.076548	0.017891	0.002512
665.296535	0.074309	0.018598	0.002606
665.892849	0.075352	0.018932	0.002604
666.561403	0.078165	0.019467	0.002548
667.153448	0.074028	0.020098	0.002683
667.766054	0.072873	0.020001	0.002578
668.337333	0.076326	0.020907	0.002557
668.940257	0.076167	0.020915	0.002620
669.555018	0.078861	0.021868	0.002632
670.187507	0.077385	0.022676	0.002687
670.801304	0.075639	0.023056	0.002705
671.385250	0.074894	0.024162	0.002522
672.025532	0.074140	0.024647	0.002601
672.625216	0.078326	0.025530	0.002630
673.216851	0.076605	0.025914	0.002565
673.842561	0.076459	0.027409	0.002599
674.489772	0.078890	0.028321	0.002679
675.104732	0.077579	0.028962	0.002603
675.744952	0.077037	0.030104	0.002617
676.343994	0.079247	0.031358	0.002576
677.006483	0.075041	0.032824	0.002567
677.616860	0.074978	0.034534	0.002622
678.171351	0.079376	0.035831	0.002538
678.785580	0.078675	0.037226	0.002580
679.381175	0.077764	0.038801	0.002433
680.013467	0.078034	0.041161	0.002656
680.637014	0.076047	0.043660	0.002582
681.271255	0.076255	0.046742	0.002583
681.862223	0.075875	0.049722	0.002528
682.418301	0.079073	0.053141	0.002664
683.054765	0.076507	0.057406	0.002546
683.671463	0.075365	0.062342	0.002643
684.318578	0.076327	0.068637	0.002754
684.900642	0.073003	0.074754	0.002696
685.539486	0.075850	0.081340	0.002640
686.152992	0.074498	0.088747	0.002580
686.769691	0.076207	0.094894	0.002628
687.341812	0.077290	0.100146	0.002769
687.975609	0.077695	0.103235	0.002623
688.584379	0.074867	0.103571	0.002690
689.236185	0.080069	0.101356	0.002670
689.855701	0.075702	0.096360	0.002606
690.443115	0.079119	0.090853	0.002612
691.052837	0.078137	0.084592	0.002661
691.685563	0.071668	0.078149	0.002645
692.271898	0.075489	0.072380	0.002607
692.900859	0.074056	0.066918	0.002716
693.551766	0.073906	0.061711	0.002551
694.124233	0.074525	0.058251	0.002583
694.719495	0.078653	0.055277	0.002688
695.339903	0.076422	0.051954	0.002528
695.929223	0.075002	0.050226	0.002623
696.562296	0.080850	0.047788	0.002616
697.127493	0.078273	0.045856	0.002685
697.716989	0.074946	0.044557	0.002538
698.311989	0.076888	0.043237	0.002457
698.952248	0.076715	0.041855	0.002559
699.557531	0.073569	0.041150	0.002617
700.179316	0.076523	0.040117	0.002551
700.824186	0.076937	0.039323	0.002569
701.406942	0.076016	0.039009	0.002515
702.026581	0.075703	0.038598	0.002572
702.637500	0.076313	0.037880	0.002547
703.247205	0.078959	0.037297	0.002596
703.872704	0.077047	0.036957	0.002653
704.502931	0.077402	0.036436	0.002593
705.119346	0.075625	0.035714	0.002612
705.768868	0.076205	0.035755	0.002604
706.367091	0.074611	0.034777	0.002559
707.008810	0.075949	0.034770	0.002581
707.605254	0.075936	0.034878	0.002525
708.237224	0.078194	0.034506	0.002656
708.866233	0.075672	0.034414	0.002576
709.478188	0.077515	0.033988	0.002596
710.093071	0.076209	0.034114	0.002645
710.671472	0.072234	0.034162	0.002553
711.298216	0.075829	0.033362	0.002605
711.903541	0.076925	0.033094	0.002496
712.562697	0.078040	0.033120	0.002662
713.195249	0.073356	0.033236	0.002590
713.833427	0.075850	0.033066	0.002658
714.448631	0.080979	0.033053	0.002539
715.117765	0.077973	0.033022	0.002515
715.692418	0.078466	0.032966	0.002645
716.303771	0.076114	0.032800	0.002603
716.962139	0.078678	0.032908	0.002590
717.585073	0.075447	0.032042	0.002552
718.208094	0.078492	0.032131	0.002686
718.847023	0.076326	0.032318	0.002627
719.429899	0.074199	0.032057	0.002635
720.043279	0.077314	0.032349	0.002665
720.621847	0.075756	0.032128	0.002594
721.259479	0.075842	0.032292	0.002626
721.848458	0.074602	0.032119	0.002649
722.481976	0.078758	0.031910	0.002505
723.101523	0.077474	0.031900	0.002538
723.783779	0.077200	0.032012	0.002602
724.381826	0.076926	0.031894	0.002571
725.017919	0.077036	0.031948	0.002687
725.591406	0.077569	0.032024	0.002630
726.192687	0.074198	0.031963	0.002590
726.829962	0.075231	0.031274	0.002710
727.469765	0.078128	0.031941	0.002651
728.050950	0.077844	0.031929	0.002704
728.660657	0.077259	0.031940	0.002608
729.277827	0.077177	0.031434	0.002496
729.851667	0.077443	0.031232	0.002650
730.503514	0.076922	0.031330	0.002516
731.113905	0.076251	0.031522	0.002762
731.712852	0.075723	0.031838	0.002618
732.357554	0.077467	0.031163	0.002627
732.939058	0.075494	0.031449	0.002634
733.563067	0.075387	0.031201	0.002587
734.197127	0.076435	0.030983	0.002580
734.776017	0.077336	0.031233	0.002682
735.363562	0.077499	0.030949	0.002670
735.997689	0.076964	0.030744	0.002506
736.615944	0.077468	0.030583	0.002501
737.223812	0.076672	0.030846	0.002599
737.878477	0.075100	0.030917	0.002771
738.474971	0.074033	0.031050	0.002531
739.044974	0.074830	0.030581	0.002520
739.669476	0.076473	0.031009	0.002656
740.311989	0.075924	0.030686	0.002608
740.916763	0.076263	0.031270	0.002736
741.574900	0.077069	0.030263	0.002702
742.192624	0.075919	0.030559	0.002721
742.868864	0.075511	0.030029	0.002575
743.453882	0.076067	0.030909	0.002622
744.037895	0.078100	0.029964	0.002706
744.650083	0.075806	0.030119	0.002633
745.302235	0.077028	0.029776	0.002588
745.946805	0.074213	0.030455	0.002586
746.556366	0.077197	0.030293	0.002723
747.215201	0.076808	0.029681	0.002535
747.822605	0.078138	0.030759	0.002575
748.425906	0.078052	0.030151	0.002714
748.991324	0.075838	0.029908	0.002482
749.626292	0.075575	0.029476	0.002614
750.239412	0.076070	0.029435	0.002632
750.871543	0.074811	0.029154	0.002604
751.483924	0.076445	0.028980	0.002719
752.087852	0.074544	0.029087	0.002633
752.728004	0.076637	0.029283	0.002570
753.323022	0.076626	0.028855	0.002782
753.912286	0.076561	0.028911	0.002600
754.519134	0.075197	0.028324	0.002586
755.138107	0.077471	0.028962	0.002508
755.725513	0.076989	0.028473	0.002731
756.382038	0.076613	0.028508	0.002527
757.009047	0.078835	0.028255	0.002632
757.652223	0.076713	0.028440	0.002544
758.238374	0.076299	0.029064	0.002654
758.853998	0.078612	0.028131	0.002618
759.466940	0.077809	0.028143	0.002589
760.097551	0.075700	0.028332	0.002669
760.708449	0.076926	0.028389	0.002675
761.358249	0.076948	0.028076	0.002592
762.004499	0.078314	0.026754	0.002539
762.647052	0.077915	0.027541	0.002548
763.245581	0.077324	0.027386	0.002467
763.880043	0.078038	0.027413	0.002423
764.518981	0.075149	0.026978	0.002759
765.111654	0.076384	0.027529	0.002564
765.725620	0.076869	0.027057	0.002499
766.353992	0.077952	0.027133	0.002692
766.948848	0.077683	0.026843	0.002630
767.514944	0.076906	0.027410	0.002724
768.162691	0.077629	0.026708	0.002493
768.743992	0.076208	0.026560	0.002768
769.403048	0.078323	0.027060	0.002680
770.039042	0.076057	0.025619	0.002618
770.638344	0.076383	0.026184	0.002542
771.268247	0.076462	0.026087	0.002617
771.917074	0.077606	0.025989	0.002499
772.554264	0.074586	0.025492	0.002800
773.150315	0.074523	0.025179	0.002616
773.796616	0.076076	0.025197	0.002566
774.432004	0.076339	0.026295	0.002604
775.011753	0.075580	0.025048	0.002533
775.640530	0.075003	0.024761	0.002618
776.252682	0.075119	0.024765	0.002609
776.864039	0.076293	0.024806	0.002638
777.526403	0.076521	0.024176	0.002627
778.085663	0.079416	0.025058	0.002700
778.740012	0.078992	0.024815	0.002610
779.368656	0.076181	0.024283	0.002579
780.024462	0.077094	0.024674	0.002535
780.660103	0.077161	0.023321	0.002662
781.300173	0.078262	0.023905	0.002582
781.899938	0.076055	0.023479	0.002633
782.502779	0.077138	0.023142	0.002495
783.155162	0.076462	0.024184	0.002641
783.781685	0.075549	0.023222	0.002639
784.373990	0.077183	0.022874	0.002692
785.035630	0.078161	0.023128	0.002639
785.621398	0.075686	0.022732	0.002702
786.180369	0.078161	0.023238	0.002646
786.813464	0.079596	0.022416	0.002693
787.390742	0.075509	0.022440	0.002673
787.986806	0.078821	0.022205	0.002615
788.590169	0.074827	0.022125	0.002619
789.212544	0.077119	0.022445	0.002593
789.817907	0.074879	0.021987	0.002566
790.411442	0.074765	0.021679	0.002619
791.086835	0.079192	0.021632	0.002517
791.691256	0.077850	0.021441	0.002656
792.318703	0.077660	0.021231	0.002748
792.978097	0.077144	0.021053	0.002825
793.563188	0.076083	0.021372	0.002573
794.196721	0.075931	0.020993	0.002755
794.838941	0.074884	0.020021	0.002577
795.517152	0.074236	0.020737	0.002601
796.191603	0.078622	0.020680	0.002560
796.845092	0.075250	0.021116	0.002644
797.420223	0.073554	0.020917	0.002827
798.019827	0.078160	0.019857	0.002700
798.705254	0.078068	0.020081	0.002581
799.361953	0.078212	0.019933	0.002716
800.046626	0.075502	0.019262	0.002582
