800.554801	0.135859	0.019127	0.002689
801.403043	0.136327	0.018450	0.002587
802.211765	0.135511	0.018744	0.002658
803.025796	0.134507	0.018124	0.002604
803.842842	0.134827	0.018238	0.002625
804.689689	0.136040	0.017938	0.002693
805.518347	0.135847	0.018117	0.002709
806.331651	0.135017	0.017751	0.002629
807.181397	0.134744	0.017659	0.002762
808.041458	0.135319	0.017477	0.002616
808.867259	0.137091	0.017144	0.002691
809.682015	0.137007	0.017289	0.002823
810.525262	0.137706	0.017464	0.002656
811.349303	0.135551	0.017804	0.002755
812.127354	0.135802	0.016894	0.002602
813.044623	0.135739	0.017002	0.002774
813.870593	0.135043	0.017196	0.002646
814.729855	0.135626	0.016850	0.002719
815.551800	0.134623	0.017042	0.002639
816.335099	0.135306	0.016169	0.002651
817.143477	0.135344	0.016181	0.002763
817.969802	0.135094	0.015762	0.002602
818.791638	0.134855	0.016404	0.002705
819.635656	0.136644	0.015494	0.002772
820.525771	0.136255	0.015394	0.002703
821.328485	0.136533	0.015066	0.002650
822.167907	0.134220	0.015472	0.002707
822.965231	0.135582	0.015641	0.002792
823.853403	0.136855	0.015194	0.002845
824.674196	0.135462	0.014505	0.002802
825.501016	0.134164	0.015314	0.002677
826.304299	0.134615	0.015499	0.002661
827.112829	0.134668	0.015174	0.002664
827.998173	0.134733	0.015417	0.002691
828.842582	0.135089	0.015565	0.002700
829.644071	0.134463	0.015187	0.002629
830.449529	0.136263	0.014755	0.002653
831.250022	0.137124	0.015076	0.002806
832.068434	0.135502	0.015006	0.002680
832.889127	0.134736	0.014641	0.002723
833.721788	0.134835	0.014532	0.002653
834.540913	0.134702	0.014398	0.002657
835.364030	0.136021	0.015456	0.002710
836.184966	0.134085	0.014930	0.002674
836.994096	0.135493	0.014735	0.002724
837.782279	0.135476	0.014565	0.002876
838.605462	0.134575	0.014686	0.002899
839.386533	0.134138	0.014703	0.002616
840.176907	0.136586	0.014560	0.002721
840.990667	0.135432	0.014584	0.002708
841.785217	0.135593	0.014630	0.002750
842.575551	0.134007	0.015246	0.002731
843.401974	0.134144	0.015590	0.002782
844.182891	0.135273	0.015525	0.002653
845.012529	0.135864	0.015008	0.002746
845.812127	0.135260	0.015449	0.002640
846.661022	0.133181	0.014320	0.002763
847.468135	0.134606	0.015173	0.002984
848.264682	0.136817	0.014967	0.002805
849.064063	0.134986	0.015171	0.002692
849.887170	0.135714	0.015222	0.002673
850.698522	0.132593	0.015278	0.002745
851.500386	0.134062	0.015707	0.002635
852.277623	0.135064	0.015267	0.002760
853.088492	0.137333	0.014481	0.002782
853.898091	0.135975	0.014548	0.002678
854.726625	0.123983	0.014940	0.002612
855.558898	0.135936	0.014963	0.002620
856.351881	0.135294	0.014978	0.002694
857.192661	0.136626	0.015284	0.002697
857.961719	0.135865	0.014908	0.002661
858.787909	0.133056	0.015452	0.002694
859.637894	0.136551	0.015188	0.002705
860.513565	0.136712	0.016156	0.002798
861.378839	0.134153	0.015354	0.002744
862.203326	0.133565	0.015427	0.002752
863.004063	0.136848	0.015958	0.002840
863.811880	0.136927	0.015472	0.002681
864.610254	0.132819	0.015855	0.002752
865.428851	0.132480	0.015882	0.002678
866.211326	0.136574	0.016383	0.003082
867.032138	0.134469	0.015440	0.002688
867.831994	0.137829	0.015829	0.002754
868.668920	0.135675	0.016639	0.002666
869.431526	0.135560	0.016250	0.002601
870.230691	0.136069	0.015767	0.002701
871.054525	0.133143	0.016395	0.002741
871.939232	0.136490	0.017505	0.002650
872.831527	0.136769	0.016152	0.002878
873.719261	0.135604	0.016015	0.002715
874.591207	0.133485	0.015793	0.002713
875.497124	0.135205	0.015964	0.002799
876.383893	0.126413	0.017663	0.002771
877.149165	0.134852	0.016553	0.002751
877.941931	0.136441	0.016874	0.002790
878.764283	0.136728	0.015790	0.002760
879.584873	0.137388	0.016830	0.002885
880.394123	0.135844	0.017149	0.002809
881.219983	0.135447	0.016740	0.002824
882.133785	0.135817	0.016656	0.002838
882.983273	0.133386	0.017216	0.002683
883.883976	0.134307	0.017017	0.002772
884.796509	0.135974	0.017865	0.002824
885.717077	0.134569	0.017312	0.002954
886.567588	0.135069	0.017119	0.002649
887.457582	0.134061	0.018272	0.002823
888.334925	0.134782	0.016282	0.002848
889.151781	0.137670	0.018149	0.002753
890.008650	0.134643	0.017738	0.002747
890.844115	0.134364	0.017177	0.002938
891.690480	0.136711	0.017088	0.002704
892.485993	0.139616	0.017771	0.002958
893.348670	0.134316	0.016717	0.002626
894.159095	0.133038	0.018178	0.002853
895.001566	0.135341	0.018439	0.002661
895.844139	0.137411	0.016617	0.002804
896.753615	0.135404	0.017940	0.002673
897.616667	0.132789	0.018228	0.002715
898.427084	0.134150	0.018204	0.002752
899.336836	0.135674	0.017862	0.002972
900.202752	0.136225	0.017480	0.002709
901.087888	0.135142	0.017961	0.002821
902.015197	0.133576	0.018299	0.002813
902.881886	0.134657	0.018439	0.002880
903.748786	0.135994	0.017742	0.002592
904.644837	0.132139	0.018729	0.002893
905.540051	0.135902	0.017889	0.002633
906.428388	0.133422	0.019774	0.002704
907.311955	0.135847	0.019188	0.002782
908.200265	0.136397	0.018706	0.002825
909.075822	0.133196	0.018745	0.002734
909.904246	0.133700	0.018486	0.002682
910.782644	0.137245	0.018867	0.002800
911.706664	0.135361	0.018696	0.002922
912.605833	0.135403	0.019710	0.002819
913.486349	0.136689	0.017891	0.002832
914.360646	0.136264	0.019213	0.002756
915.289297	0.131749	0.019057	0.002730
916.162881	0.133895	0.019323	0.002846
917.016422	0.136086	0.018469	0.002812
917.832302	0.136498	0.020182	0.002795
918.742806	0.139641	0.019438	0.002863
919.592287	0.124143	0.019111	0.002628
920.451032	0.137809	0.018330	0.002872
921.358736	0.133769	0.019528	0.002737
922.253152	0.135631	0.019005	0.002943
923.075726	0.137206	0.019462	0.002784
923.969889	0.136325	0.020184	0.002717
924.880059	0.134902	0.019549	0.002649
925.785116	0.136749	0.019164	0.002730
926.632586	0.134182	0.019469	0.002752
927.503773	0.135449	0.019354	0.003019
928.307989	0.136405	0.019321	0.002880
929.109069	0.136806	0.020481	0.002649
929.907394	0.132859	0.019551	0.002755
930.696131	0.135655	0.019356	0.002939
931.509842	0.132370	0.020021	0.002777
932.416085	0.135764	0.019664	0.002740
933.302989	0.140221	0.019038	0.002871
934.120349	0.134591	0.019830	0.002795
934.928348	0.134120	0.019728	0.002734
935.750267	0.135850	0.019771	0.002696
936.621897	0.137336	0.020370	0.002906
937.410847	0.137220	0.020104	0.002690
938.329757	0.140419	0.020116	0.002975
939.106741	0.136645	0.020116	0.002932
939.868433	0.134047	0.020417	0.002837
940.706996	0.136348	0.020125	0.002953
941.489359	0.135172	0.020155	0.002676
942.259263	0.138093	0.019814	0.002793
943.025046	0.137457	0.020140	0.002811
943.837595	0.136489	0.019558	0.002951
944.608350	0.137328	0.020056	0.002833
945.362766	0.135366	0.019311	0.003083
946.158538	0.139340	0.020187	0.002731
946.926206	0.135126	0.020249	0.002800
947.721296	0.135611	0.020174	0.003170
948.517135	0.129001	0.019943	0.002977
949.289397	0.136846	0.019990	0.003044
950.120921	0.136925	0.020563	0.002820
950.905566	0.138206	0.020478	0.002740
951.728255	0.133553	0.019961	0.002772
952.507440	0.138297	0.020371	0.002909
953.300342	0.132870	0.020873	0.002933
954.101332	0.136127	0.019962	0.002910
955.015005	0.135570	0.020726	0.003026
955.897738	0.136059	0.020449	0.002907
956.717301	0.134536	0.020528	0.002803
957.510728	0.132248	0.020695	0.002815
958.318992	0.137331	0.020025	0.002897
959.190486	0.136891	0.021097	0.002797
960.066983	0.138558	0.021246	0.003080
960.869680	0.139546	0.021043	0.002925
961.674332	0.136467	0.019723	0.002924
962.485014	0.135776	0.021944	0.002943
963.283666	0.133863	0.021278	0.002864
964.077189	0.133603	0.019862	0.002726
964.863506	0.133790	0.020516	0.002756
964.440162	0.136782	0.021479	0.002883
963.580924	0.133444	0.020159	0.002794
962.766323	0.128107	0.021193	0.002784
961.946814	0.135909	0.021386	0.002820
961.103881	0.137363	0.021683	0.002953
960.203715	0.135414	0.019622	0.002869
959.427756	0.131365	0.021709	0.002803
958.600183	0.130089	0.020028	0.002675
957.739727	0.132824	0.021302	0.002758
956.940790	0.134886	0.019863	0.003047
956.143831	0.133186	0.020563	0.002874
955.323041	0.134689	0.020215	0.003023
954.509857	0.136949	0.021234	0.002680
953.686761	0.132799	0.020115	0.002916
952.850069	0.135360	0.019719	0.002856
951.945270	0.132671	0.020869	0.002952
951.123695	0.134150	0.021244	0.002867
950.306531	0.136287	0.021465	0.002904
949.534073	0.136278	0.019583	0.002849
948.730574	0.131340	0.020287	0.002767
947.852959	0.133853	0.020878	0.002798
946.978881	0.134465	0.020763	0.003006
946.083176	0.139439	0.019759	0.002865
945.203277	0.132710	0.020536	0.003293
944.361110	0.133475	0.021225	0.003033
943.521988	0.134801	0.021034	0.002878
942.728730	0.134769	0.020286	0.002987
941.873487	0.133074	0.019564	0.002826
941.029457	0.130712	0.020246	0.002918
940.212876	0.133451	0.019996	0.002788
939.439575	0.138209	0.020086	0.002769
938.529933	0.138173	0.020092	0.002902
937.744263	0.133212	0.019597	0.002859
936.965601	0.137469	0.019731	0.002716
936.199745	0.135919	0.019950	0.002817
935.430008	0.137532	0.020485	0.002751
934.663996	0.133857	0.020472	0.002821
933.868650	0.140073	0.020005	0.003257
933.099445	0.139122	0.019656	0.002697
932.332646	0.134199	0.019451	0.003068
931.553006	0.135675	0.019534	0.002943
930.787901	0.135113	0.020716	0.002716
929.982584	0.136582	0.019445	0.002827
929.168630	0.136834	0.019392	0.002711
928.354303	0.139702	0.019557	0.002806
927.576295	0.140994	0.018962	0.002894
926.791169	0.136134	0.019579	0.003226
925.975048	0.135191	0.019604	0.002932
925.175038	0.136675	0.019059	0.002846
924.309262	0.136298	0.018761	0.002687
923.486253	0.135322	0.019230	0.002851
922.610199	0.134405	0.018453	0.002823
921.722757	0.134820	0.019342	0.002643
920.905473	0.136666	0.020743	0.002785
920.019923	0.135826	0.019773	0.002719
919.164240	0.134742	0.020075	0.002787
918.384855	0.136927	0.019372	0.002751
917.583986	0.136033	0.018817	0.002777
916.741935	0.136098	0.019156	0.002860
915.886711	0.133150	0.019226	0.002789
915.113949	0.136228	0.018829	0.002887
914.326492	0.136765	0.019324	0.002741
913.496834	0.134144	0.019370	0.002848
912.689945	0.134260	0.019154	0.002865
911.845771	0.132845	0.019174	0.002737
911.052676	0.132209	0.019368	0.002739
910.254653	0.134702	0.018885	0.002699
909.453644	0.137937	0.018784	0.002702
908.629342	0.136074	0.018242	0.002859
907.823667	0.133031	0.017906	0.002940
907.016309	0.134784	0.018226	0.002789
906.199552	0.138022	0.019022	0.002697
905.386480	0.132314	0.017967	0.002678
904.559282	0.130456	0.017953	0.002606
903.732121	0.136014	0.017405	0.002862
902.934457	0.135865	0.017796	0.002707
902.110348	0.135576	0.018817	0.002701
901.284688	0.134882	0.018329	0.002656
900.481976	0.133561	0.017762	0.002741
899.655870	0.133656	0.017573	0.002687
898.834612	0.138885	0.018157	0.002651
898.024937	0.121488	0.018578	0.002827
897.238834	0.137921	0.016425	0.002826
896.429795	0.136018	0.017465	0.002751
895.630130	0.136691	0.017530	0.002877
894.819840	0.134518	0.017676	0.002683
894.025405	0.135020	0.018100	0.002846
893.212110	0.137269	0.018285	0.002652
892.378656	0.136033	0.017731	0.002636
891.553507	0.134311	0.017067	0.002921
890.764276	0.134900	0.017239	0.002813
889.907279	0.136442	0.017560	0.002723
889.086453	0.137418	0.017948	0.002644
888.302331	0.134879	0.017553	0.002773
887.500223	0.133578	0.017630	0.002925
886.662043	0.136209	0.017056	0.002664
885.852290	0.134505	0.017236	0.002723
885.028047	0.135451	0.017446	0.002774
884.207078	0.134719	0.017149	0.002793
883.408013	0.134774	0.016508	0.002714
882.583067	0.133275	0.017325	0.002663
881.780258	0.136158	0.016815	0.002704
880.952252	0.136545	0.016349	0.002702
880.142550	0.134398	0.017227	0.002683
879.315025	0.134880	0.016968	0.002918
878.483220	0.135532	0.016566	0.002811
877.655294	0.134716	0.016261	0.002624
876.845109	0.135051	0.016817	0.002671
876.044573	0.135292	0.016133	0.002682
875.210875	0.134960	0.016349	0.002697
874.398948	0.137379	0.015736	0.002802
873.556587	0.135008	0.015753	0.002917
872.745824	0.136274	0.016609	0.002926
871.906397	0.135421	0.016481	0.002730
871.095073	0.133975	0.015878	0.002850
870.272063	0.135349	0.016926	0.002784
869.446183	0.136146	0.016291	0.002736
868.610314	0.133700	0.016036	0.002583
867.799271	0.136142	0.014952	0.002931
866.963679	0.134371	0.015989	0.002752
866.152256	0.136053	0.015725	0.002662
865.343609	0.136958	0.015907	0.002639
864.522680	0.134201	0.016472	0.002702
863.706723	0.136141	0.015559	0.002662
862.883497	0.136585	0.015468	0.002746
862.032402	0.134995	0.015312	0.002897
861.217715	0.136873	0.015443	0.002791
860.361804	0.135637	0.015780	0.002800
859.546712	0.135258	0.015274	0.002678
858.715128	0.134683	0.015494	0.002683
857.871663	0.136195	0.014867	0.002773
857.072948	0.135651	0.015861	0.002761
856.248937	0.135738	0.014751	0.002753
855.404054	0.136035	0.015856	0.002792
854.593298	0.134687	0.015445	0.002674
853.769641	0.135988	0.015675	0.002633
852.969452	0.137775	0.015954	0.002701
852.138876	0.136872	0.015557	0.002756
851.301736	0.133289	0.015750	0.002718
850.472483	0.135174	0.014121	0.002757
849.651628	0.136449	0.015445	0.002770
848.829692	0.134952	0.015296	0.002721
848.029197	0.133732	0.014888	0.002709
847.218120	0.135572	0.014983	0.002944
846.412050	0.135306	0.015568	0.002744
845.580883	0.137000	0.015123	0.002759
844.759720	0.135791	0.015248	0.002821
843.898198	0.136785	0.015058	0.002653
843.064167	0.136520	0.014938	0.002629
842.245928	0.137115	0.015047	0.002647
841.420799	0.138202	0.014779	0.002729
840.597558	0.134533	0.015222	0.002778
839.803423	0.133529	0.015351	0.002596
838.985765	0.135087	0.014990	0.002645
838.175157	0.135815	0.014510	0.002696
837.341664	0.134850	0.013825	0.002778
836.518764	0.136059	0.015100	0.002800
835.694670	0.135073	0.014794	0.002645
834.855934	0.135431	0.014956	0.002674
834.050822	0.136450	0.015289	0.002702
833.226918	0.137198	0.014898	0.002652
832.400307	0.136090	0.015450	0.002617
831.607785	0.134237	0.014949	0.002804
830.802912	0.134947	0.015223	0.002696
829.981499	0.134323	0.015677	0.002554
829.142271	0.132291	0.015175	0.002688
828.328029	0.134274	0.015518	0.002645
827.516311	0.133714	0.015323	0.002734
826.694558	0.134905	0.015244	0.002629
825.882919	0.136752	0.015914	0.002747
825.060617	0.136237	0.015435	0.002685
824.225851	0.135583	0.015811	0.002736
823.412094	0.135642	0.015974	0.002878
822.573403	0.133255	0.015437	0.002721
821.774541	0.133600	0.015954	0.002673
820.975938	0.134217	0.016259	0.002651
820.152942	0.135542	0.015734	0.002792
819.315347	0.134434	0.015662	0.002775
818.513085	0.135093	0.016128	0.002635
817.715347	0.135259	0.016603	0.002630
816.897393	0.136560	0.016906	0.002675
816.083287	0.135358	0.016069	0.002629
815.291505	0.135371	0.015877	0.002579
814.484954	0.135642	0.016143	0.002700
813.661731	0.137336	0.016835	0.002761
812.837593	0.135981	0.016773	0.002807
812.012969	0.135185	0.017544	0.002655
811.242780	0.134938	0.017594	0.002636
810.419518	0.136193	0.017782	0.002688
809.585393	0.137090	0.017317	0.002641
808.763655	0.136438	0.017934	0.002699
807.956484	0.135293	0.018311	0.002653
807.142541	0.135499	0.017924	0.002716
806.312162	0.135275	0.018350	0.002692
805.486838	0.135758	0.018164	0.002676
804.661818	0.135802	0.017998	0.002698
803.853486	0.135233	0.018669	0.002773
803.017812	0.135041	0.019035	0.002665
802.196326	0.136099	0.018997	0.002618
801.329944	0.135785	0.019126	0.002759
800.497719	0.134269	0.019021	0.002645
799.699087	0.136094	0.019282	0.002647
798.899922	0.136052	0.019594	0.002691
798.095578	0.136952	0.019944	0.002752
797.287758	0.134803	0.018924	0.002591
796.470000	0.135288	0.019546	0.002734
795.581010	0.134253	0.019839	0.002666
794.747356	0.134586	0.020687	0.002652
793.912990	0.135627	0.020038	0.002671
793.062944	0.135482	0.020083	0.002665
792.234152	0.134986	0.020197	0.002637
791.383430	0.135114	0.020012	0.002814
790.562168	0.135988	0.020400	0.002642
789.747292	0.136236	0.020415	0.002683
788.938529	0.135237	0.020760	0.002575
788.108332	0.135911	0.021253	0.002655
787.280431	0.137611	0.021714	0.002641
786.431139	0.135106	0.022105	0.002592
785.593125	0.135771	0.021730	0.002731
784.781277	0.133948	0.021905	0.002593
783.941574	0.134946	0.021868	0.002611
783.128732	0.135605	0.023039	0.002646
782.306510	0.136130	0.022517	0.002705
781.500158	0.134897	0.022537	0.002696
780.682375	0.135925	0.022544	0.002640
779.847258	0.135580	0.023108	0.002600
779.033661	0.133846	0.023363	0.002567
778.210257	0.136073	0.023282	0.002662
777.380965	0.136019	0.023593	0.002718
776.544410	0.136259	0.023666	0.002700
775.731466	0.132182	0.024143	0.002627
774.891972	0.137371	0.023899	0.002687
774.081763	0.136528	0.024551	0.002716
773.257506	0.134350	0.024590	0.002633
772.426509	0.133785	0.024403	0.002628
771.617497	0.135256	0.024817	0.002658
770.799324	0.136296	0.024440	0.002728
769.928494	0.135981	0.024588	0.002703
769.104934	0.135922	0.025379	0.002582
768.247554	0.132716	0.025450	0.002699
767.406982	0.135630	0.025697	0.002608
766.588851	0.136555	0.025734	0.002657
765.768886	0.135693	0.025647	0.002595
764.951677	0.131517	0.025589	0.002667
764.132156	0.134787	0.026019	0.002678
763.307588	0.135225	0.026176	0.002603
762.495060	0.134497	0.025948	0.002595
761.676764	0.134189	0.025856	0.002597
760.869547	0.133199	0.025784	0.002558
760.060125	0.136284	0.025923	0.002678
759.262543	0.136536	0.026759	0.002719
758.445110	0.136390	0.027031	0.002660
757.631867	0.133146	0.026842	0.002639
756.832899	0.133977	0.026822	0.002648
756.009661	0.136310	0.026943	0.002655
755.193344	0.136207	0.027225	0.002601
754.365179	0.135397	0.027191	0.002575
753.567282	0.133357	0.027651	0.002617
752.739049	0.133056	0.027473	0.002701
751.915021	0.135341	0.027724	0.002653
751.075773	0.135162	0.027399	0.002651
750.241686	0.135615	0.027964	0.002601
749.397720	0.135766	0.027762	0.002677
748.574733	0.134856	0.028203	0.002593
747.763212	0.134626	0.028210	0.002608
746.949523	0.134921	0.028083	0.002664
746.122153	0.135337	0.028402	0.002619
745.274528	0.135867	0.028281	0.002499
744.466350	0.135136	0.028935	0.002618
743.646572	0.134676	0.028568	0.002716
742.827759	0.133884	0.028790	0.002710
742.005504	0.134094	0.028875	0.002616
741.196620	0.135064	0.028535	0.002573
740.382376	0.136516	0.029051	0.002676
739.568826	0.136003	0.028720	0.002584
738.743388	0.133552	0.029017	0.002564
737.919603	0.136008	0.028835	0.002614
737.068285	0.135657	0.029424	0.002560
736.240134	0.134909	0.029607	0.002653
735.424535	0.134767	0.029444	0.002609
734.605889	0.135680	0.029546	0.002646
733.790289	0.135842	0.029576	0.002541
732.932200	0.135419	0.029777	0.002661
732.122045	0.136018	0.029569	0.002603
731.308915	0.135572	0.029538	0.002651
730.476288	0.136419	0.029813	0.002532
729.644085	0.134415	0.029905	0.002595
728.826688	0.137244	0.029952	0.002642
727.974959	0.136597	0.030038	0.002581
727.162501	0.137039	0.030195	0.002572
726.304294	0.136719	0.030104	0.002571
725.498093	0.135218	0.030146	0.002632
724.692920	0.135323	0.030019	0.002611
723.881645	0.135271	0.029950	0.002624
723.058790	0.137175	0.030213	0.002562
722.213844	0.134610	0.030169	0.002620
721.378196	0.135091	0.030615	0.002704
720.571050	0.134374	0.030633	0.002569
719.711093	0.135413	0.030579	0.002582
718.884817	0.135728	0.030932	0.002675
718.076933	0.135155	0.030729	0.002638
717.265303	0.132245	0.030509	0.002620
716.461700	0.135703	0.030894	0.002592
715.655948	0.136981	0.031053	0.002582
714.833067	0.137129	0.031122	0.002615
714.027611	0.134976	0.031054	0.002564
713.228235	0.134975	0.030965	0.002674
712.392112	0.136455	0.031602	0.002466
711.577992	0.140038	0.031344	0.002563
710.759300	0.134489	0.031902	0.002605
709.968900	0.136704	0.032147	0.002554
709.142117	0.135709	0.031978	0.002639
708.314578	0.136065	0.032592	0.002660
707.485247	0.134019	0.032524	0.002572
706.660118	0.134942	0.033566	0.002624
705.834530	0.138655	0.033438	0.002659
704.997521	0.134262	0.033774	0.002666
704.188245	0.135266	0.034367	0.002608
703.363055	0.134184	0.034992	0.002599
702.546395	0.135466	0.035553	0.002571
701.735223	0.136977	0.036232	0.002603
700.934547	0.135797	0.036859	0.002621
700.096102	0.133822	0.037669	0.002632
699.306640	0.138239	0.039135	0.002624
698.482135	0.134622	0.040344	0.002627
697.664682	0.133002	0.041958	0.002705
696.840078	0.132552	0.043869	0.002654
696.006167	0.136908	0.046339	0.002706
695.136455	0.138072	0.049394	0.002668
694.297592	0.133018	0.052948	0.002589
693.499553	0.136832	0.057569	0.002858
692.675694	0.136799	0.063320	0.002787
691.855484	0.134222	0.070495	0.002857
691.030400	0.137008	0.078666	0.002868
690.186614	0.133377	0.087137	0.002904
689.366593	0.131307	0.095134	0.002830
688.564100	0.135061	0.099243	0.002789
687.732397	0.136517	0.098945	0.002746
686.905344	0.137227	0.094202	0.002731
686.107598	0.131780	0.087027	0.003101
685.298025	0.135223	0.077580	0.003117
684.478112	0.134402	0.068841	0.002911
683.679024	0.134226	0.060831	0.002912
682.873714	0.133998	0.054310	0.002846
682.038262	0.126010	0.049190	0.002703
681.221485	0.134930	0.044562	0.002639
680.413466	0.135782	0.041309	0.002700
679.569576	0.135253	0.037862	0.002662
678.729582	0.133650	0.035460	0.002709
677.929199	0.133167	0.033231	0.002684
677.128999	0.134758	0.030968	0.002575
676.299184	0.132923	0.029349	0.002685
675.469613	0.136659	0.027644	0.002711
674.639513	0.137178	0.026359	0.002593
673.817574	0.133388	0.025425	0.002565
673.008224	0.134188	0.023893	0.002654
672.163450	0.134777	0.023171	0.002635
671.356542	0.135892	0.022195	0.002679
670.498212	0.134428	0.021227	0.002660
669.677947	0.133981	0.020393	0.002714
668.871068	0.134370	0.019501	0.002535
668.062242	0.139905	0.018960	0.002559
667.260135	0.134310	0.018130	0.002664
666.455396	0.135667	0.017968	0.002640
665.627981	0.135206	0.017342	0.002576
664.799011	0.132097	0.016413	0.002608
663.966104	0.135983	0.016033	0.002645
663.161343	0.135019	0.015435	0.002583
662.354037	0.135144	0.014957	0.002603
661.488394	0.137492	0.014442	0.002561
660.646181	0.132668	0.013965	0.002630
659.864595	0.133891	0.013317	0.002601
659.035761	0.135058	0.013354	0.002645
658.228858	0.136935	0.012998	0.002677
657.401993	0.134061	0.012685	0.002576
656.580248	0.133524	0.011884	0.002605
655.786310	0.135029	0.012063	0.002634
654.969269	0.133518	0.011421	0.002651
654.150858	0.133336	0.011531	0.002619
653.326322	0.135132	0.011135	0.002584
652.521841	0.135711	0.011147	0.002588
651.706907	0.134875	0.011401	0.002660
650.889236	0.138700	0.011471	0.002597
650.039986	0.136571	0.011535	0.002577
649.223959	0.132380	0.011849	0.002628
648.396317	0.136142	0.012639	0.002599
647.593310	0.138567	0.013263	0.002649
646.736362	0.133445	0.014330	0.002614
645.947220	0.135159	0.015559	0.002622
645.140788	0.136204	0.017054	0.002625
644.328622	0.136565	0.018724	0.002684
643.510669	0.135306	0.020787	0.002687
642.699801	0.133696	0.022667	0.002712
641.888366	0.133045	0.024621	0.002612
641.041112	0.137917	0.025966	0.002741
640.221083	0.137342	0.026099	0.002722
639.400111	0.134417	0.024788	0.002829
638.591934	0.133930	0.021332	0.002758
637.786640	0.136705	0.015813	0.002768
636.962554	0.133779	0.010800	0.002751
636.105032	0.134875	0.012656	0.002869
635.309127	0.133183	0.020779	0.003048
635.522747	0.133582	0.020681	0.003112
636.327375	0.135693	0.012759	0.002971
637.151523	0.137107	0.010760	0.002681
637.949714	0.131982	0.015329	0.002749
638.762046	0.130594	0.020863	0.002743
639.599157	0.137697	0.024655	0.002724
640.426233	0.132325	0.026311	0.002647
641.233745	0.134064	0.026044	0.002620
642.038302	0.135609	0.024558	0.002692
642.854533	0.134629	0.022492	0.002614
643.688995	0.132792	0.020735	0.002676
644.521711	0.136960	0.018729	0.002734
645.345237	0.138673	0.016999	0.002612
646.171281	0.136172	0.015459	0.002619
646.984105	0.135790	0.014350	0.002632
647.819966	0.139357	0.013246	0.002663
648.624389	0.132413	0.012547	0.002654
649.474066	0.133007	0.011724	0.002639
650.306050	0.135704	0.011476	0.002680
651.136700	0.135505	0.011476	0.002696
651.944782	0.136879	0.011107	0.002625
652.757388	0.137992	0.011196	0.002664
653.562878	0.135340	0.011260	0.002648
654.372292	0.137518	0.011445	0.002545
655.180697	0.134997	0.011475	0.002539
655.989275	0.135863	0.011649	0.002666
656.819321	0.137049	0.012153	0.002587
657.642659	0.138473	0.012557	0.002655
658.494416	0.136051	0.012884	0.002601
659.330011	0.135665	0.013330	0.002582
660.180639	0.132231	0.013663	0.002636
660.988673	0.135560	0.014161	0.002724
661.793259	0.136403	0.014757	0.002658
662.621436	0.138046	0.015224	0.002643
663.427803	0.135355	0.015853	0.002567
664.249061	0.134740	0.016040	0.002624
665.090869	0.132584	0.016681	0.002671
665.914880	0.136316	0.016949	0.002676
666.743474	0.138410	0.017661	0.002634
667.558143	0.137254	0.018422	0.002736
668.403967	0.137647	0.019043	0.002648
669.230850	0.138756	0.019662	0.002619
670.031204	0.132653	0.020605	0.002641
670.862614	0.137501	0.021444	0.002638
671.678741	0.135040	0.022422	0.002689
672.529291	0.133525	0.023118	0.002638
673.338052	0.136306	0.024185	0.002739
674.156711	0.134384	0.025613	0.002628
675.003633	0.138213	0.026619	0.002662
675.806426	0.135379	0.027938	0.002735
676.613637	0.133888	0.029653	0.002684
677.438015	0.137411	0.031300	0.002686
678.245220	0.137653	0.033255	0.002690
679.053306	0.137941	0.035626	0.002658
679.896211	0.138663	0.038159	0.002633
680.725199	0.134390	0.041660	0.002610
681.533247	0.132769	0.045184	0.002723
682.325331	0.135476	0.049348	0.002672
683.152597	0.135929	0.055325	0.002866
683.990191	0.136424	0.061951	0.002872
684.793694	0.135317	0.069914	0.003014
685.655343	0.134804	0.079082	0.003084
686.494056	0.136208	0.088306	0.002990
687.308667	0.135251	0.095410	0.002825
688.148959	0.135928	0.099081	0.002641
688.989425	0.136428	0.097975	0.002631
689.823917	0.135006	0.092775	0.002564
690.631254	0.134327	0.085428	0.003060
691.464541	0.134030	0.076657	0.003001
692.263728	0.133287	0.068712	0.002840
693.113329	0.134422	0.061584	0.002797
693.937827	0.133224	0.056359	0.002696
694.803516	0.134944	0.051869	0.002759
695.615620	0.135103	0.048364	0.002705
696.441538	0.134351	0.045094	0.002752
697.244278	0.137270	0.042703	0.002614
698.083220	0.135830	0.041466	0.002661
698.896003	0.136035	0.039742	0.002709
699.716035	0.132745	0.038961	0.002651
700.504246	0.131882	0.037721	0.002657
701.340090	0.134581	0.036579	0.002608
702.148478	0.135545	0.036237	0.002667
702.948586	0.134711	0.035379	0.002535
703.758296	0.132426	0.034734	0.002639
704.571107	0.134615	0.034268	0.002590
705.364690	0.134947	0.033675	0.002637
706.185995	0.136976	0.033626	0.002656
707.023324	0.134665	0.032951	0.002650
707.868923	0.133777	0.032705	0.002642
708.692566	0.134671	0.032436	0.002621
709.497572	0.135916	0.032481	0.002555
710.314436	0.133017	0.032309	0.002573
711.129242	0.132274	0.032041	0.002619
711.952159	0.135700	0.032141	0.002559
712.801603	0.136619	0.031351	0.002572
713.634099	0.133952	0.031299	0.002600
714.454822	0.140801	0.031181	0.002537
715.285016	0.134731	0.031248	0.002617
716.104538	0.134133	0.030970	0.002523
716.919031	0.137203	0.030988	0.002645
717.738064	0.136788	0.030888	0.002641
718.545780	0.135734	0.031001	0.002539
719.384590	0.137208	0.030830	0.002626
720.188061	0.134060	0.031066	0.002621
721.010442	0.132794	0.030663	0.002652
721.871868	0.132768	0.030219	0.002623
722.717895	0.135472	0.030625	0.002617
723.523356	0.136777	0.030040	0.002612
724.341654	0.134025	0.030241	0.002631
725.170944	0.126925	0.030314	0.002598
726.003617	0.135972	0.030328	0.002594
726.825406	0.133539	0.030206	0.002652
727.623214	0.132883	0.030124	0.002600
728.424057	0.134780	0.030538	0.002627
729.236667	0.135058	0.030248	0.002691
730.049164	0.135385	0.029441	0.002645
730.872875	0.135853	0.029901	0.002648
731.684441	0.136703	0.030031	0.002636
732.484790	0.134312	0.029867	0.002694
733.297248	0.138075	0.029753	0.002660
734.117490	0.136313	0.029652	0.002583
734.936079	0.133617	0.029538	0.002704
735.755414	0.135793	0.029219	0.002600
736.589171	0.136715	0.029201	0.002610
737.398304	0.133611	0.029568	0.002572
738.211810	0.136371	0.029002	0.002582
739.020199	0.135463	0.028993	0.002596
739.850534	0.135448	0.029219	0.002671
740.724232	0.136666	0.028744	0.002711
741.584139	0.135461	0.028907	0.002649
742.409043	0.135589	0.028892	0.002642
743.216514	0.135628	0.028209	0.002630
744.018278	0.135258	0.029012	0.002599
744.827243	0.138215	0.028408	0.002586
745.650020	0.135708	0.028156	0.002588
746.458646	0.135103	0.028253	0.002772
747.254671	0.134625	0.028074	0.002618
748.085351	0.135728	0.028113	0.002553
748.932733	0.137313	0.028510	0.002634
749.741497	0.137733	0.027944	0.002593
750.552608	0.134629	0.028126	0.002641
751.370094	0.135511	0.028006	0.002721
752.235844	0.134634	0.027718	0.002614
753.071317	0.135841	0.027910	0.002559
753.888655	0.135472	0.027279	0.002599
754.683813	0.133213	0.027402	0.002738
755.510813	0.136792	0.027596	0.002664
756.316406	0.136924	0.027224	0.002653
757.152246	0.136219	0.026925	0.002610
757.959939	0.136456	0.027046	0.002588
758.808538	0.135867	0.026638	0.002640
759.620641	0.135068	0.026499	0.002616
760.450755	0.134775	0.026575	0.002631
761.276701	0.134691	0.026346	0.002639
762.127229	0.136475	0.026280	0.002641
762.955994	0.133770	0.026312	0.002694
763.797472	0.135408	0.025504	0.002518
764.635401	0.135702	0.026302	0.002685
765.435351	0.135175	0.025908	0.002604
766.241691	0.136589	0.025847	0.002508
767.106981	0.134237	0.025618	0.002679
767.941000	0.135787	0.025414	0.002628
768.753158	0.135903	0.025346	0.002700
769.590975	0.135969	0.024914	0.002666
770.405393	0.135595	0.024264	0.002712
771.234509	0.134843	0.024583	0.002626
772.051196	0.136944	0.024590	0.002669
772.829906	0.134195	0.024932	0.002637
773.654977	0.134634	0.024434	0.002607
774.484648	0.133479	0.023947	0.002631
775.355572	0.134931	0.023872	0.002712
776.171181	0.134705	0.023738	0.002705
777.004247	0.136922	0.023457	0.002585
777.817395	0.135174	0.023823	0.002664
778.624222	0.133816	0.023031	0.002790
779.469844	0.135003	0.023144	0.002632
780.295518	0.136826	0.023012	0.002678
781.115408	0.136837	0.022894	0.002731
781.954492	0.133765	0.022006	0.002609
782.791901	0.135220	0.022095	0.002675
783.586834	0.134849	0.022597	0.002738
784.417597	0.135988	0.022115	0.002666
785.262583	0.134020	0.021554	0.002740
786.086401	0.133366	0.022054	0.002643
786.884906	0.134792	0.021219	0.002718
787.709237	0.135399	0.021698	0.002662
788.555270	0.135021	0.021616	0.002616
789.401125	0.134433	0.020616	0.002711
790.201050	0.134337	0.020957	0.002761
791.021600	0.135089	0.020955	0.002669
791.831956	0.135066	0.020449	0.002753
792.671167	0.134746	0.020592	0.002681
793.524619	0.134262	0.019974	0.002607
794.350773	0.136275	0.020148	0.002597
795.160466	0.136089	0.019955	0.002797
795.973711	0.134522	0.019500	0.002715
796.779196	0.132557	0.019443	0.002588
797.591572	0.133946	0.019819	0.002719
798.447887	0.134411	0.019471	0.002681
799.277091	0.135190	0.019220	0.002783
800.086941	0.135155	0.018964	0.002720
