800.365867	0.051429	0.019587	0.002666
800.913603	0.052141	0.019644	0.002628
801.397515	0.055816	0.018720	0.002632
801.878129	0.052892	0.018712	0.002646
802.380186	0.057171	0.018645	0.002605
802.864331	0.056580	0.019023	0.002649
803.358415	0.057562	0.019587	0.002637
803.834320	0.057503	0.018048	0.002762
804.303782	0.056480	0.017646	0.002675
804.787872	0.057398	0.016799	0.002644
805.289664	0.054024	0.019215	0.002456
805.746782	0.051348	0.017639	0.002695
806.227336	0.056702	0.018078	0.002707
806.680449	0.052026	0.016594	0.002513
807.181437	0.051535	0.017797	0.002580
807.700923	0.052980	0.017563	0.002651
808.186409	0.055877	0.018040	0.002801
808.627699	0.051591	0.016932	0.002557
809.122733	0.054491	0.017206	0.002633
809.604887	0.055993	0.016771	0.002621
810.049420	0.052751	0.017008	0.002564
810.497505	0.059097	0.017546	0.002628
810.984139	0.053934	0.018467	0.002723
811.415979	0.058041	0.016064	0.002694
811.865830	0.058894	0.017267	0.002746
812.338720	0.053077	0.017206	0.002727
812.801922	0.052928	0.016924	0.002615
813.284891	0.052356	0.016484	0.002644
813.786859	0.053322	0.016285	0.002636
814.272447	0.055542	0.016158	0.002632
814.733818	0.052471	0.017575	0.002525
815.227288	0.053768	0.016131	0.002742
815.707080	0.053071	0.015307	0.002726
816.147337	0.052411	0.016420	0.002650
816.613709	0.054461	0.016148	0.002649
817.063731	0.057228	0.016424	0.002667
817.532677	0.050858	0.016777	0.002548
818.043597	0.057304	0.014756	0.002732
818.508858	0.058157	0.016978	0.002598
818.987985	0.050954	0.016155	0.002736
819.460448	0.053862	0.016121	0.002658
819.964471	0.059952	0.015583	0.002753
820.444656	0.056034	0.015397	0.002666
820.954596	0.054003	0.014148	0.002598
821.420561	0.058638	0.016574	0.002653
821.900270	0.052101	0.015119	0.002646
822.366446	0.048066	0.015377	0.002599
822.832349	0.051516	0.014662	0.002736
823.300900	0.054435	0.015517	0.002617
823.768257	0.057124	0.014485	0.002624
824.224026	0.058824	0.014479	0.002673
824.722039	0.057943	0.015985	0.002700
825.223408	0.057267	0.015155	0.002632
825.719992	0.053089	0.014868	0.002723
826.213181	0.057265	0.015626	0.002632
826.701987	0.052934	0.014748	0.002614
827.138263	0.057025	0.014591	0.002722
827.630643	0.054301	0.014834	0.002597
828.092911	0.056607	0.013912	0.002641
828.573551	0.051252	0.015199	0.002763
829.056190	0.050725	0.015374	0.002699
829.517319	0.056306	0.014235	0.002694
829.993312	0.055501	0.014567	0.002662
830.467067	0.058465	0.014416	0.002634
830.965590	0.055106	0.014770	0.002517
831.426094	0.052775	0.015659	0.002719
831.883330	0.056386	0.015231	0.002652
832.405262	0.055812	0.015440	0.002645
832.877526	0.052412	0.014521	0.002727
833.364160	0.055345	0.015155	0.002702
833.848916	0.054423	0.015793	0.002654
834.323607	0.058841	0.013911	0.002751
834.828703	0.052698	0.014691	0.002708
835.335663	0.059412	0.014537	0.002596
835.887066	0.054714	0.014558	0.002730
836.367217	0.052905	0.014568	0.002832
836.877592	0.051608	0.014371	0.002560
837.359605	0.052920	0.015187	0.002636
837.829023	0.053169	0.015773	0.002653
838.330822	0.055970	0.013671	0.002563
838.821483	0.056167	0.014603	0.002646
839.322172	0.051917	0.015361	0.002657
839.798490	0.052064	0.014300	0.002738
840.292909	0.051691	0.014263	0.002631
840.743938	0.054572	0.014711	0.002643
841.211433	0.054937	0.014264	0.002663
841.701062	0.052051	0.014276	0.002730
842.191397	0.057169	0.015452	0.002531
842.679804	0.058392	0.013807	0.002701
843.146709	0.058976	0.014894	0.002575
843.638012	0.051964	0.013925	0.002619
844.118742	0.053604	0.012880	0.002821
844.600047	0.057810	0.013450	0.002579
845.105197	0.053212	0.015503	0.002697
845.608560	0.053139	0.014926	0.002698
846.132290	0.057403	0.014970	0.002807
846.586917	0.050679	0.014901	0.002660
847.080167	0.059449	0.014218	0.002764
847.531585	0.056207	0.013006	0.002737
847.993471	0.051106	0.014411	0.002705
848.465767	0.054471	0.013671	0.002664
848.971356	0.050834	0.013736	0.002780
849.442441	0.054273	0.014533	0.002821
849.907952	0.050744	0.014353	0.002677
850.402609	0.057366	0.014910	0.002661
850.888456	0.050796	0.014689	0.002775
851.381308	0.051932	0.014872	0.002752
851.877174	0.053388	0.014277	0.002610
852.375546	0.052456	0.014583	0.002730
852.865632	0.056605	0.014717	0.002675
853.377289	0.052883	0.014820	0.002583
853.852279	0.054476	0.014274	0.002518
854.369129	0.058202	0.015094	0.002595
854.827855	0.052074	0.015245	0.002869
855.335649	0.051829	0.013990	0.002550
855.813315	0.052622	0.013130	0.002741
856.320671	0.054978	0.014082	0.002846
856.788749	0.058820	0.015294	0.002758
857.255248	0.056171	0.014595	0.002630
857.743707	0.055584	0.014073	0.002761
858.192176	0.057553	0.013121	0.002719
858.684598	0.052616	0.013519	0.002726
859.180192	0.055201	0.014017	0.002612
859.673532	0.056438	0.013943	0.002764
860.183758	0.052129	0.014615	0.002698
860.650728	0.054758	0.014868	0.002600
861.146772	0.052660	0.014719	0.002844
861.648982	0.057131	0.015495	0.002627
862.130469	0.056529	0.014450	0.002713
862.623371	0.055457	0.013966	0.002616
863.119822	0.052054	0.014894	0.002602
863.610019	0.056294	0.014694	0.002758
864.073078	0.052635	0.013640	0.002654
864.552585	0.050499	0.014811	0.002682
865.045825	0.054119	0.013509	0.002590
865.523342	0.056256	0.013760	0.002673
865.990507	0.055790	0.015595	0.002857
866.472823	0.055411	0.015296	0.002766
866.980375	0.052813	0.013519	0.002791
867.473024	0.053509	0.013915	0.002631
867.981264	0.056538	0.015447	0.002705
868.492218	0.051486	0.014799	0.002609
868.985140	0.058085	0.014351	0.002840
869.469428	0.057335	0.014678	0.002524
869.968758	0.056909	0.015032	0.002656
870.445749	0.054281	0.014978	0.002815
870.937224	0.050657	0.014050	0.002842
871.395256	0.055314	0.016893	0.002813
871.897714	0.057790	0.015238	0.002768
872.353906	0.052904	0.015069	0.002826
872.811198	0.052904	0.015520	0.002667
873.314335	0.057405	0.013680	0.002704
873.795261	0.050890	0.015305	0.002718
874.267745	0.052319	0.015944	0.002731
874.781670	0.054825	0.015226	0.002705
875.262786	0.056630	0.015103	0.002899
875.745627	0.057465	0.014432	0.002659
876.226132	0.058002	0.016578	0.002647
876.656028	0.056450	0.014755	0.002661
877.153937	0.057218	0.016112	0.002723
877.603336	0.053042	0.015157	0.002642
878.105684	0.056878	0.015581	0.002569
878.616118	0.054080	0.015298	0.002661
879.113505	0.054127	0.014191	0.002764
879.591084	0.052060	0.013060	0.002832
880.099053	0.060102	0.014976	0.002633
880.592974	0.051299	0.016234	0.002658
881.066228	0.056731	0.014851	0.002641
881.533395	0.052747	0.014826	0.002727
882.031796	0.057383	0.015119	0.002595
882.507984	0.059850	0.015361	0.002623
882.995264	0.057344	0.014225	0.002622
883.464389	0.051006	0.014236	0.002818
883.953246	0.054615	0.016497	0.002594
884.430482	0.053930	0.014521	0.002771
884.917206	0.050468	0.015901	0.002590
885.399848	0.054643	0.015729	0.002759
885.859897	0.056155	0.015892	0.002721
886.392771	0.059717	0.017118	0.002741
886.846613	0.053068	0.015940	0.002685
887.331063	0.049823	0.016113	0.002804
887.810926	0.057297	0.015365	0.002563
888.318283	0.058713	0.017134	0.002823
888.780245	0.052361	0.015580	0.002728
889.254264	0.052935	0.015020	0.002632
889.752879	0.057622	0.014742	0.002609
890.260283	0.054773	0.018244	0.002719
890.749336	0.056623	0.015849	0.002677
891.239735	0.054019	0.015942	0.002692
891.735551	0.053143	0.015610	0.002668
892.232327	0.055324	0.016598	0.002649
892.698022	0.055028	0.015149	0.002665
893.221872	0.055085	0.015539	0.002830
893.703313	0.055496	0.016479	0.002655
894.208557	0.052171	0.017834	0.002654
894.699797	0.055972	0.016217	0.002570
895.219749	0.055312	0.016137	0.002676
895.705417	0.056231	0.013393	0.002720
896.199513	0.058060	0.016018	0.002653
896.692247	0.056861	0.016212	0.002718
897.194875	0.055209	0.017505	0.002681
897.670972	0.058208	0.017373	0.002700
898.098174	0.055270	0.015878	0.002633
898.582136	0.054286	0.016271	0.002599
899.071277	0.051874	0.015715	0.002763
899.540456	0.054949	0.018155	0.002696
900.019947	0.054936	0.015530	0.002679
900.523659	0.057917	0.016585	0.002668
901.024548	0.053493	0.017752	0.002639
901.523054	0.051735	0.016298	0.002828
902.007968	0.053364	0.015267	0.002696
902.514419	0.056436	0.014975	0.002704
902.996998	0.054578	0.018184	0.002684
903.485410	0.051665	0.015385	0.002554
903.994609	0.053295	0.016691	0.002645
904.492836	0.054341	0.018348	0.002735
904.947620	0.057963	0.017133	0.002656
905.417919	0.054945	0.018023	0.002672
905.924481	0.055195	0.016529	0.002545
906.414474	0.051169	0.015979	0.002807
906.883764	0.057746	0.015203	0.002778
907.385612	0.057538	0.017768	0.002483
907.829721	0.053143	0.016736	0.002720
908.338601	0.058405	0.015796	0.002670
908.805789	0.052504	0.016081	0.002561
909.270419	0.058260	0.017900	0.002506
909.751462	0.053194	0.016895	0.002684
910.229324	0.051674	0.016495	0.002602
910.692928	0.054663	0.018592	0.002765
911.167456	0.055377	0.017473	0.002975
911.671850	0.053243	0.016225	0.002599
912.187371	0.054030	0.016856	0.002696
912.723791	0.057762	0.017185	0.002703
913.232410	0.054734	0.017343	0.002883
913.715646	0.053430	0.016998	0.002721
914.240066	0.054326	0.017154	0.002826
914.721428	0.054028	0.015965	0.002605
915.240275	0.055340	0.016328	0.002649
915.737313	0.059569	0.014473	0.002758
916.208433	0.053310	0.017765	0.002570
916.695811	0.053224	0.018797	0.002775
917.164636	0.051127	0.015990	0.002699
917.653705	0.056017	0.016652	0.002759
918.107375	0.051750	0.016904	0.002568
918.589883	0.056371	0.016789	0.002522
919.049105	0.056300	0.016676	0.003002
919.531024	0.048347	0.015881	0.002788
920.009934	0.054171	0.016669	0.002649
920.566123	0.051502	0.016089	0.002793
921.116252	0.055233	0.018651	0.002676
921.648501	0.052932	0.017731	0.002848
922.195782	0.058567	0.018092	0.002604
922.756797	0.056631	0.016532	0.002728
923.340519	0.052624	0.015722	0.002823
923.799850	0.054090	0.016463	0.002698
924.280743	0.054515	0.016357	0.002616
924.775615	0.054218	0.018951	0.002652
925.233879	0.055028	0.015578	0.002732
925.703695	0.059676	0.016859	0.002659
926.179335	0.052860	0.016606	0.002640
926.670060	0.052991	0.018771	0.002590
927.172182	0.052522	0.017645	0.002741
927.665150	0.053797	0.016079	0.002674
928.182563	0.057926	0.017338	0.002631
928.665224	0.055447	0.017697	0.002719
929.113072	0.052449	0.016645	0.002834
929.603252	0.055472	0.019450	0.002773
930.083282	0.057370	0.017829	0.002643
930.585285	0.053243	0.016737	0.002783
931.075025	0.055960	0.018241	0.002753
931.560026	0.052468	0.017196	0.002666
932.030775	0.052807	0.019440	0.002891
932.517026	0.051313	0.017198	0.002783
933.033075	0.054056	0.016600	0.002664
933.560387	0.053925	0.017617	0.002803
934.079507	0.051841	0.015904	0.002715
934.580594	0.053288	0.017976	0.002558
935.062013	0.052052	0.016416	0.002643
935.570210	0.054759	0.016350	0.002806
936.062872	0.051614	0.017427	0.002655
936.567851	0.057380	0.017968	0.002714
937.029042	0.053740	0.016768	0.002672
937.520879	0.054795	0.015720	0.002632
938.028516	0.052364	0.017585	0.002657
938.503237	0.052115	0.018342	0.002778
938.978815	0.057301	0.018759	0.002791
939.501613	0.056030	0.018548	0.002708
939.964760	0.052590	0.017808	0.002948
940.426308	0.055604	0.017707	0.002783
940.924172	0.052115	0.017403	0.002600
941.439319	0.055380	0.018604	0.002696
941.920254	0.052927	0.019234	0.002800
942.427094	0.050271	0.018327	0.002842
942.914340	0.059732	0.017802	0.002861
943.375453	0.057560	0.016566	0.002745
943.889892	0.057990	0.017312	0.002738
944.382865	0.058232	0.019072	0.002790
944.874049	0.050189	0.017690	0.002673
945.351824	0.052884	0.017307	0.002700
945.844021	0.056446	0.017893	0.002598
946.323152	0.051528	0.016419	0.002691
946.842356	0.055088	0.016141	0.002704
947.291157	0.052574	0.016047	0.002611
947.758862	0.055031	0.019219	0.002984
948.242845	0.052601	0.017594	0.002770
948.732543	0.053201	0.017928	0.002749
949.211215	0.056534	0.017334	0.002873
949.712990	0.052935	0.016899	0.002691
950.197370	0.056008	0.018040	0.002759
950.682186	0.053451	0.017066	0.002694
951.159313	0.055613	0.018421	0.002798
951.661231	0.056614	0.017957	0.002811
952.173471	0.052089	0.015761	0.002639
952.643682	0.049990	0.018442	0.003141
953.170621	0.059504	0.017853	0.002662
953.673302	0.059881	0.017305	0.002766
954.166392	0.051423	0.017976	0.002686
954.643371	0.058120	0.018058	0.002834
955.145573	0.052428	0.017044	0.002856
955.635321	0.054757	0.018240	0.002742
956.118559	0.051841	0.017945	0.002593
956.629769	0.051390	0.018677	0.002629
957.128733	0.054971	0.018081	0.002614
957.614773	0.053508	0.017052	0.002647
958.080358	0.051628	0.017833	0.002733
958.567293	0.052615	0.018135	0.002763
959.027538	0.051948	0.018335	0.002836
959.530587	0.053154	0.017196	0.002723
960.024160	0.058156	0.018394	0.002579
960.515336	0.053102	0.018561	0.002716
961.002261	0.051805	0.018825	0.002656
961.457238	0.051182	0.017957	0.002627
961.932509	0.054365	0.019845	0.002619
962.406087	0.058282	0.017770	0.002713
962.861213	0.052422	0.018342	0.002667
963.339695	0.059335	0.019631	0.002761
963.804401	0.055330	0.019323	0.002784
964.277447	0.054506	0.017474	0.002722
964.778441	0.052688	0.017614	0.002763
964.861923	0.052642	0.018939	0.002896
964.388335	0.057483	0.017965	0.002756
963.910118	0.050338	0.019232	0.002664
963.399375	0.054556	0.017482	0.002653
962.921435	0.052869	0.017742	0.002912
962.473506	0.052487	0.017349	0.002728
961.987119	0.057517	0.017171	0.002768
961.512352	0.059526	0.017881	0.002651
961.065137	0.051871	0.019265	0.002764
960.602214	0.054029	0.016278	0.002700
960.118394	0.050338	0.019260	0.002777
959.617938	0.051443	0.018318	0.002545
959.160566	0.055485	0.018223	0.002804
958.663620	0.054608	0.016823	0.002842
958.210826	0.059299	0.016826	0.002723
957.725638	0.055233	0.018173	0.002665
957.223609	0.056146	0.018861	0.002744
956.754369	0.051861	0.017088	0.002937
956.272180	0.052828	0.019887	0.002875
955.805400	0.058207	0.016731	0.002677
955.329414	0.056811	0.017504	0.002602
954.839696	0.056262	0.019706	0.002811
954.313311	0.059470	0.017687	0.002661
953.841105	0.051672	0.018025	0.002695
953.347759	0.052623	0.018100	0.002663
952.887051	0.058315	0.016563	0.002644
952.396330	0.052193	0.016994	0.002695
951.897281	0.050095	0.018845	0.002713
951.436935	0.058491	0.016662	0.002850
950.981771	0.054019	0.017420	0.002664
950.476783	0.050949	0.017585	0.002691
949.997486	0.051004	0.015720	0.002786
949.477993	0.052054	0.017583	0.002793
948.951747	0.052492	0.017786	0.002805
948.492950	0.054472	0.018274	0.002658
948.010593	0.052230	0.019854	0.002797
947.538154	0.054287	0.018286	0.002807
947.084754	0.051755	0.020101	0.002802
946.577805	0.053646	0.017359	0.002718
946.085856	0.053846	0.017936	0.002706
945.601738	0.050021	0.017330	0.002848
945.104014	0.059137	0.018006	0.002708
944.609946	0.052061	0.017350	0.002716
944.107154	0.058983	0.018945	0.002828
943.641137	0.052793	0.018157	0.002795
943.123350	0.052870	0.018543	0.002898
942.633342	0.058256	0.017454	0.002788
942.177728	0.055969	0.017266	0.002763
941.669396	0.051471	0.018649	0.002772
941.229261	0.055391	0.016806	0.002708
940.744024	0.051077	0.016927	0.002732
940.271353	0.052444	0.019493	0.002735
939.802255	0.053996	0.018168	0.002815
939.310744	0.056315	0.018448	0.002714
938.851457	0.058220	0.018024	0.003017
938.325156	0.057302	0.017696	0.002688
937.818342	0.054544	0.020239	0.002816
937.311289	0.057367	0.016917	0.002733
936.780856	0.053289	0.018983	0.002776
936.311583	0.055554	0.017054	0.002580
935.808556	0.057297	0.019119	0.002724
935.334496	0.058046	0.017008	0.002752
934.831281	0.051765	0.016183	0.002749
934.335343	0.056340	0.017108	0.002762
933.863731	0.051794	0.017725	0.002782
933.373540	0.054904	0.018397	0.002565
932.881509	0.051714	0.017656	0.002634
932.405161	0.055520	0.016155	0.002668
931.923069	0.052073	0.016548	0.002702
931.443739	0.053485	0.018195	0.002723
930.960840	0.051507	0.015854	0.002718
930.441372	0.054713	0.017330	0.002890
929.957121	0.052995	0.015299	0.002752
929.491317	0.052063	0.017740	0.002622
928.985916	0.051256	0.016190	0.002696
928.498172	0.057293	0.018926	0.002497
928.016492	0.054648	0.017651	0.002688
927.505654	0.055203	0.017168	0.002719
927.025173	0.055204	0.017325	0.002691
926.550021	0.052981	0.017569	0.002696
926.060626	0.051489	0.016367	0.002754
925.577123	0.051841	0.018242	0.002642
925.098032	0.056433	0.016579	0.002601
924.624236	0.055790	0.016969	0.002648
924.124152	0.058346	0.019205	0.002684
923.600805	0.052474	0.015627	0.002798
923.129189	0.052797	0.019644	0.002759
922.660950	0.053504	0.016990	0.002632
922.195125	0.054751	0.017914	0.002766
921.684457	0.052673	0.016916	0.002733
921.194961	0.054420	0.017662	0.002672
920.709986	0.057596	0.017894	0.002729
920.235283	0.052267	0.017780	0.002613
919.769979	0.055222	0.016585	0.002745
919.307392	0.053848	0.017495	0.002679
918.843332	0.055740	0.017111	0.002641
918.375350	0.052945	0.016169	0.002693
917.861259	0.056612	0.018508	0.002714
917.374387	0.055596	0.017275	0.002657
916.906382	0.057544	0.016147	0.002692
916.417650	0.054482	0.016504	0.002780
915.939204	0.054875	0.015167	0.002668
915.457599	0.056811	0.016727	0.002491
914.960967	0.053793	0.018934	0.002752
914.476651	0.056392	0.018300	0.002685
913.989809	0.050476	0.017168	0.002783
913.521573	0.056152	0.017475	0.002719
913.046312	0.054228	0.016327	0.002829
912.563539	0.052614	0.016194	0.002595
912.039512	0.055756	0.016094	0.002603
911.509388	0.050377	0.015869	0.002964
911.052081	0.056839	0.016586	0.002945
910.573821	0.057653	0.017536	0.002656
910.079025	0.051986	0.016794	0.002791
909.581601	0.056115	0.015650	0.002699
909.077887	0.059179	0.016860	0.002779
908.584672	0.053959	0.017336	0.002576
908.068216	0.052530	0.017942	0.002810
907.583729	0.054097	0.017376	0.002563
907.111286	0.051619	0.017534	0.002743
906.605844	0.058187	0.016200	0.002634
906.065258	0.051951	0.017473	0.002748
905.588327	0.057598	0.016547	0.002634
905.073977	0.056354	0.015745	0.002813
904.560671	0.058523	0.016706	0.002574
904.049511	0.051935	0.017666	0.002540
903.572028	0.051859	0.014865	0.002707
903.099209	0.053520	0.016879	0.002661
902.598912	0.051205	0.016784	0.002684
902.113496	0.052287	0.016931	0.002764
901.635265	0.051973	0.015848	0.002720
901.153400	0.051449	0.017450	0.002724
900.680455	0.052013	0.017866	0.002880
900.153558	0.053780	0.016856	0.002705
899.665334	0.052875	0.015813	0.002645
899.168955	0.054766	0.015890	0.002710
898.644797	0.055392	0.017064	0.002636
898.158413	0.054964	0.016322	0.002786
897.709897	0.055686	0.015575	0.002667
897.217882	0.056292	0.017044	0.002735
896.711892	0.051566	0.016965	0.002655
896.212764	0.052211	0.017184	0.002603
895.732642	0.056687	0.015709	0.002684
895.242973	0.053930	0.014912	0.002704
894.728271	0.057381	0.016975	0.002646
894.272769	0.051602	0.016246	0.002728
893.793888	0.056799	0.015648	0.002616
893.331061	0.052338	0.017307	0.002605
892.873242	0.052630	0.016344	0.002556
892.380111	0.053376	0.015925	0.002696
891.910572	0.058297	0.015778	0.002635
891.424504	0.055528	0.017511	0.002718
890.945857	0.057014	0.016700	0.002660
890.493640	0.057918	0.015775	0.002672
889.978318	0.058760	0.016536	0.002733
889.487933	0.054787	0.014817	0.002688
888.961629	0.058150	0.014766	0.002660
888.479323	0.059411	0.015335	0.002762
888.003243	0.057820	0.016718	0.002622
887.478166	0.054075	0.016502	0.002584
886.987347	0.056812	0.016174	0.002663
886.470238	0.056049	0.015091	0.002597
885.988321	0.054538	0.015873	0.002760
885.460075	0.052584	0.015865	0.002804
884.988755	0.052632	0.015323	0.002666
884.482019	0.052183	0.015384	0.002602
883.997473	0.054145	0.015802	0.002825
883.532609	0.054240	0.014578	0.002633
883.085649	0.049474	0.015426	0.002781
882.637315	0.052925	0.016130	0.002625
882.174597	0.052652	0.016370	0.002855
881.674875	0.055473	0.015956	0.002653
881.170499	0.055967	0.016453	0.002689
880.621353	0.051787	0.015564	0.002574
880.144253	0.052231	0.016024	0.002601
879.672103	0.054053	0.014535	0.002736
879.166818	0.051533	0.015322	0.002577
878.671131	0.052842	0.015583	0.002579
878.181156	0.054978	0.015241	0.002545
877.676753	0.053491	0.015139	0.002650
877.205912	0.051218	0.015942	0.002557
876.673640	0.055634	0.014773	0.002665
876.221836	0.056307	0.016175	0.002676
875.753277	0.053448	0.014212	0.002595
875.269258	0.056651	0.015051	0.002822
874.766033	0.052133	0.013898	0.002498
874.268716	0.054829	0.015470	0.002722
873.784124	0.057790	0.015987	0.002729
873.289356	0.053733	0.015653	0.002672
872.788880	0.050825	0.015487	0.002682
872.304339	0.052745	0.015417	0.002687
871.824956	0.057512	0.014342	0.002581
871.362376	0.054454	0.014218	0.002617
870.883175	0.059259	0.014962	0.002688
870.393777	0.053913	0.013804	0.002688
869.874510	0.056472	0.014259	0.002751
869.371503	0.055955	0.014537	0.002699
868.889381	0.056531	0.013702	0.002689
868.419717	0.051925	0.014717	0.002689
867.898470	0.056177	0.015481	0.002597
867.427969	0.050462	0.013845	0.002935
866.909867	0.052679	0.014279	0.002714
866.433265	0.055137	0.014896	0.002653
865.950649	0.051834	0.014315	0.002680
865.489626	0.055937	0.014640	0.002748
865.002295	0.056303	0.015319	0.002607
864.513547	0.054926	0.013668	0.002598
864.040619	0.054599	0.015400	0.002686
863.541784	0.053923	0.013709	0.002635
863.058234	0.055026	0.014384	0.002613
862.560976	0.055877	0.014433	0.002994
862.097615	0.055109	0.014160	0.002858
861.610225	0.055167	0.014587	0.002779
861.112403	0.055187	0.015077	0.002635
860.619954	0.056984	0.014194	0.002596
860.143962	0.054093	0.015618	0.002722
859.624407	0.055839	0.014489	0.002707
859.133454	0.055283	0.013914	0.002648
858.671448	0.052250	0.014995	0.002679
858.174012	0.055277	0.015166	0.002814
857.702867	0.053630	0.013554	0.002647
857.237911	0.053842	0.014806	0.002846
856.692920	0.053531	0.014254	0.002654
856.211624	0.054726	0.014280	0.002779
855.738310	0.053279	0.014503	0.002674
855.279578	0.052753	0.014627	0.002670
854.778087	0.050393	0.014905	0.002630
854.301902	0.053551	0.016243	0.002714
853.780804	0.054521	0.014789	0.002722
853.297762	0.052131	0.013379	0.002717
852.818889	0.054934	0.014737	0.002520
852.307681	0.054080	0.014316	0.002617
851.784554	0.054916	0.015100	0.002639
851.289725	0.057650	0.014935	0.002664
850.834002	0.053188	0.012961	0.002600
850.320065	0.057406	0.014361	0.002498
849.844484	0.058854	0.014694	0.002567
849.370288	0.052267	0.013899	0.002549
848.863109	0.052934	0.014964	0.002737
848.332245	0.052907	0.015331	0.002670
847.771811	0.054973	0.014662	0.002573
847.231036	0.056022	0.014447	0.002753
846.699633	0.053446	0.014326	0.002805
846.208032	0.052236	0.014428	0.002636
845.728120	0.052830	0.014022	0.002603
845.242609	0.054560	0.014980	0.002685
844.737852	0.054093	0.013223	0.002706
844.222994	0.052682	0.014081	0.002687
843.741948	0.052513	0.013774	0.002758
843.245306	0.055286	0.014293	0.002711
842.713478	0.052684	0.014104	0.002585
842.219221	0.059680	0.014231	0.002597
841.723230	0.054631	0.014888	0.002725
841.229187	0.055508	0.013562	0.002673
840.756482	0.054781	0.013828	0.002589
840.259328	0.056311	0.014650	0.002734
839.761841	0.056953	0.013725	0.002506
839.276337	0.057219	0.014614	0.002577
838.815907	0.056508	0.014803	0.002606
838.341899	0.052238	0.014049	0.002705
837.874206	0.052107	0.015345	0.002690
837.388300	0.058421	0.015611	0.002524
836.919147	0.053991	0.014818	0.002660
836.449691	0.052058	0.015677	0.002619
835.947387	0.056088	0.014619	0.002729
835.437539	0.057449	0.014084	0.002640
834.953195	0.057836	0.014002	0.002718
834.471004	0.055469	0.015275	0.002613
834.006252	0.052333	0.014564	0.002548
833.510093	0.053897	0.013507	0.002769
833.029602	0.052344	0.015118	0.002767
832.541367	0.054329	0.014532	0.002629
832.047631	0.052572	0.014406	0.002662
831.552722	0.055110	0.014465	0.002616
831.060486	0.054558	0.013159	0.002724
830.568845	0.053687	0.015489	0.002538
830.079903	0.052122	0.014452	0.002458
829.600147	0.055248	0.014762	0.002616
829.140769	0.054335	0.013683	0.002703
828.702461	0.055091	0.015037	0.002691
828.218028	0.054917	0.014257	0.002567
827.763503	0.056963	0.014046	0.002611
827.278242	0.056601	0.015447	0.002705
826.822209	0.051301	0.014660	0.002636
826.360343	0.053575	0.015303	0.002703
825.914169	0.055230	0.015159	0.002667
825.431651	0.051486	0.015583	0.002663
824.933247	0.053981	0.015880	0.002829
824.415159	0.051283	0.014128	0.002674
823.889032	0.055160	0.015596	0.002671
823.409642	0.055518	0.014662	0.002759
822.943282	0.054534	0.015294	0.002554
822.455406	0.058695	0.014513	0.002609
821.973645	0.057565	0.016094	0.002712
821.453919	0.052732	0.015509	0.002606
820.941553	0.053242	0.015592	0.002753
820.454396	0.058703	0.015839	0.002558
819.946109	0.057315	0.015036	0.002652
819.471938	0.053445	0.015715	0.002578
818.996124	0.051395	0.015369	0.002549
818.537690	0.058148	0.014527	0.002845
818.064396	0.056719	0.015889	0.002582
817.568637	0.053774	0.015737	0.002723
817.072069	0.052508	0.016109	0.002605
816.584978	0.051510	0.015575	0.002592
816.043463	0.057076	0.017265	0.002684
815.565116	0.052903	0.016366	0.002551
815.105363	0.058732	0.017123	0.002678
814.593692	0.051613	0.015089	0.002628
814.101249	0.055224	0.016117	0.002584
813.607632	0.057939	0.016211	0.002604
813.079421	0.051783	0.017233	0.002674
812.549037	0.054580	0.017180	0.002684
811.951032	0.052640	0.017533	0.002531
811.478748	0.053253	0.017013	0.002588
810.930756	0.051976	0.018015	0.002593
810.348155	0.052592	0.016929	0.002600
809.783002	0.052387	0.016941	0.002526
809.212242	0.051400	0.017017	0.002579
808.641290	0.055189	0.017673	0.002563
808.189798	0.057117	0.017112	0.002727
807.719873	0.054993	0.017560	0.002594
807.242636	0.055351	0.017811	0.002600
806.692785	0.052366	0.017906	0.002587
806.110647	0.054479	0.017659	0.002689
805.560416	0.057288	0.017513	0.002572
805.008563	0.052249	0.018784	0.002575
804.545654	0.055330	0.018818	0.002741
804.031485	0.053166	0.017924	0.002588
803.507958	0.058598	0.018856	0.002457
802.978889	0.054373	0.018214	0.002796
802.417294	0.056758	0.019510	0.002666
801.886775	0.055533	0.019850	0.002747
801.428456	0.052686	0.019615	0.002734
800.905805	0.051870	0.018005	0.002630
800.320497	0.051646	0.019575	0.002516
799.741532	0.050944	0.019730	0.002514
799.178048	0.053954	0.019364	0.002591
798.581873	0.054681	0.019685	0.002636
798.085900	0.056503	0.019609	0.002698
797.620399	0.049987	0.019369	0.002629
797.129696	0.052279	0.018833	0.002557
796.616154	0.051768	0.018770	0.002615
796.077502	0.054636	0.020475	0.002657
795.531195	0.057982	0.020495	0.002675
794.963739	0.057666	0.019890	0.002786
794.496566	0.053741	0.020539	0.002709
793.921326	0.056328	0.020655	0.002731
793.359172	0.053443	0.019272	0.002727
792.806725	0.055120	0.020319	0.002496
792.246049	0.055185	0.020378	0.002643
791.657911	0.054652	0.020452	0.002710
791.181186	0.058141	0.020740	0.002662
790.646841	0.052442	0.020206	0.002614
790.120607	0.053039	0.021025	0.002690
789.623952	0.051351	0.021591	0.002749
789.059172	0.059210	0.021712	0.002686
788.521467	0.057300	0.021244	0.002673
788.042664	0.056886	0.022205	0.002551
787.581303	0.057476	0.020833	0.002472
787.082274	0.052826	0.021536	0.002787
786.556365	0.052015	0.022793	0.002705
786.010076	0.056825	0.022455	0.002584
785.519165	0.052014	0.022953	0.002639
785.025075	0.054611	0.022928	0.002620
784.536639	0.056031	0.022607	0.002574
784.046574	0.053136	0.022359	0.002570
783.581173	0.051968	0.022916	0.002645
783.111675	0.055499	0.022767	0.002651
782.649723	0.053154	0.023083	0.002571
782.151534	0.057956	0.023049	0.002748
781.683721	0.055020	0.022902	0.002574
781.189019	0.053567	0.022729	0.002640
780.702118	0.055415	0.022964	0.002702
780.231870	0.058189	0.023503	0.002673
779.761452	0.054477	0.023714	0.002648
779.275881	0.054907	0.023521	0.002704
778.794177	0.057647	0.022879	0.002642
778.304246	0.057908	0.023630	0.002611
777.818173	0.051779	0.023252	0.002721
777.339004	0.050988	0.023778	0.002692
776.814099	0.054782	0.024539	0.002521
776.364233	0.058076	0.023796	0.002618
775.906658	0.054842	0.023857	0.002649
775.408072	0.055220	0.023956	0.002686
774.915637	0.053357	0.024789	0.002549
774.438874	0.055651	0.025205	0.002686
773.934007	0.055393	0.024732	0.002659
773.424211	0.057132	0.024673	0.002616
772.929386	0.053013	0.024717	0.002634
772.443029	0.058251	0.024820	0.002702
771.970767	0.057504	0.025516	0.002482
771.476908	0.051571	0.025681	0.002715
770.999884	0.053956	0.025524	0.002699
770.500945	0.053796	0.025212	0.002689
770.015591	0.052390	0.025669	0.002762
769.528409	0.053733	0.025859	0.002604
769.012764	0.057520	0.025588	0.002709
768.526528	0.059062	0.025837	0.002659
768.054057	0.054373	0.025911	0.002616
767.579891	0.052625	0.025770	0.002541
767.090807	0.053074	0.025767	0.002747
766.613454	0.056544	0.026330	0.002754
766.156984	0.055567	0.026330	0.002617
765.640795	0.059297	0.026964	0.002675
765.181199	0.058756	0.026659	0.002598
764.705781	0.057067	0.026347	0.002809
764.208493	0.052939	0.026786	0.002594
763.713993	0.053571	0.027266	0.002731
763.221253	0.052260	0.026714	0.002770
762.744585	0.054986	0.026647	0.002732
762.252646	0.057649	0.026672	0.002561
761.761718	0.052579	0.027122	0.002550
761.300809	0.052141	0.027377	0.002674
760.812274	0.056607	0.027716	0.002643
760.304372	0.052820	0.027597	0.002579
759.779409	0.057815	0.027784	0.002690
759.245502	0.052307	0.027656	0.002684
758.769257	0.052325	0.027200	0.002712
758.278761	0.055792	0.028001	0.002738
757.801628	0.053038	0.028045	0.002522
757.352840	0.051886	0.027332	0.002640
756.860775	0.053613	0.028162	0.002463
756.414095	0.057497	0.027963	0.002555
755.921066	0.058729	0.028273	0.002587
755.442541	0.053628	0.028582	0.002688
754.963999	0.054090	0.028925	0.002654
754.465779	0.059249	0.028647	0.002670
754.012042	0.052579	0.028190	0.002663
753.517695	0.053095	0.028163	0.002680
753.025451	0.055494	0.029221	0.002700
752.545293	0.052260	0.028384	0.002555
752.047291	0.053680	0.028695	0.002579
751.561831	0.052666	0.028598	0.002631
751.086976	0.053575	0.028977	0.002739
750.607948	0.053894	0.028713	0.002507
750.154482	0.054360	0.028339	0.002719
749.656504	0.051348	0.029830	0.002652
749.153124	0.057356	0.029212	0.002646
748.674669	0.051684	0.029046	0.002720
748.208525	0.058222	0.029387	0.002686
747.703610	0.055650	0.029079	0.002609
747.187058	0.057267	0.029934	0.002481
746.722692	0.052240	0.029778	0.002555
746.245514	0.054611	0.029430	0.002475
745.782366	0.054673	0.029534	0.002677
745.289808	0.053753	0.029236	0.002656
744.807588	0.052969	0.029484	0.002693
744.291641	0.052354	0.030041	0.002645
743.815433	0.057650	0.030119	0.002766
743.343702	0.051858	0.030520	0.002569
742.875997	0.052975	0.029853	0.002575
742.416752	0.055924	0.029890	0.002698
741.908880	0.052995	0.030333	0.002578
741.422578	0.054809	0.030539	0.002682
740.923072	0.055310	0.030172	0.002615
740.414762	0.054509	0.030228	0.002652
739.949091	0.055914	0.030683	0.002639
739.478552	0.057770	0.031032	0.002617
738.999898	0.057886	0.030887	0.002747
738.503381	0.054336	0.030483	0.002509
738.035706	0.057116	0.030783	0.002577
737.571623	0.051414	0.031177	0.002684
737.083504	0.050143	0.030302	0.002508
736.625700	0.051444	0.031127	0.002587
736.144372	0.056517	0.031207	0.002636
735.683385	0.052334	0.030998	0.002723
735.204301	0.053778	0.031249	0.002473
734.730953	0.053461	0.031100	0.002588
734.251272	0.050859	0.031161	0.002497
733.757063	0.055030	0.031434	0.002455
733.285434	0.054129	0.031079	0.002632
732.803114	0.053806	0.031108	0.002546
732.310325	0.051122	0.031709	0.002698
731.857571	0.054029	0.031255	0.002590
731.381539	0.059209	0.031331	0.002529
730.915985	0.055651	0.031016	0.002525
730.383521	0.059279	0.031374	0.002549
729.891314	0.056106	0.031256	0.002499
729.380012	0.054041	0.031354	0.002592
728.880110	0.052876	0.031260	0.002704
728.389288	0.052771	0.031576	0.002593
727.923105	0.052044	0.031649	0.002813
727.450590	0.054967	0.031683	0.002506
726.977040	0.052154	0.031335	0.002478
726.514288	0.057320	0.031347	0.002654
726.017627	0.051708	0.031365	0.002697
725.559147	0.052326	0.031494	0.002670
725.069103	0.053710	0.032371	0.002546
724.572693	0.056590	0.031558	0.002578
724.110064	0.056876	0.031661	0.002786
723.606340	0.056743	0.032002	0.002697
723.112715	0.054487	0.031889	0.002538
722.635402	0.051232	0.031718	0.002755
722.141074	0.052858	0.031713	0.002562
721.670464	0.057845	0.032373	0.002642
721.178559	0.054088	0.031996	0.002591
720.696398	0.058291	0.032013	0.002509
720.240115	0.057611	0.032563	0.002584
719.785162	0.059176	0.032448	0.002675
719.296212	0.052217	0.032739	0.002659
718.822590	0.059050	0.032788	0.002574
718.299822	0.053315	0.032399	0.002592
717.838821	0.058466	0.032825	0.002696
717.334574	0.057848	0.032737	0.002675
716.846740	0.054159	0.032619	0.002561
716.346323	0.054723	0.032695	0.002690
715.877518	0.055195	0.032756	0.002634
715.374994	0.058044	0.032700	0.002535
714.859648	0.052715	0.033840	0.002747
714.345526	0.051401	0.034039	0.002650
713.870586	0.056157	0.033317	0.002541
713.373289	0.052649	0.033984	0.002556
712.927676	0.050504	0.032856	0.002585
712.446656	0.057392	0.033418	0.002671
711.948373	0.052504	0.033362	0.002654
711.454198	0.058069	0.034035	0.002678
710.963914	0.054190	0.033896	0.002594
710.443168	0.059957	0.034416	0.002553
709.940765	0.058820	0.034039	0.002656
709.475801	0.058353	0.034016	0.002570
708.996006	0.051940	0.034577	0.002594
708.556580	0.055473	0.034719	0.002567
708.055022	0.053701	0.034956	0.002629
707.582838	0.055065	0.035019	0.002611
707.120612	0.054323	0.035361	0.002854
706.655935	0.051149	0.035921	0.002634
706.176539	0.057777	0.035588	0.002591
705.689486	0.058176	0.035877	0.002690
705.174803	0.051401	0.035746	0.002755
704.692984	0.051850	0.036417	0.002607
704.191414	0.054475	0.036715	0.002645
703.712379	0.053465	0.037180	0.002578
703.251157	0.057165	0.037413	0.002574
702.763782	0.053983	0.037388	0.002549
702.298965	0.057319	0.038100	0.002761
701.836731	0.057428	0.038643	0.002658
701.358752	0.051536	0.038554	0.002598
700.867694	0.059866	0.039208	0.002476
700.358124	0.052808	0.040178	0.002635
699.880625	0.052689	0.040237	0.002540
699.394605	0.057734	0.041396	0.002690
698.896031	0.052622	0.041788	0.002587
698.441862	0.053612	0.042643	0.002644
697.988445	0.053833	0.043706	0.002723
697.523364	0.050561	0.044892	0.002684
697.053360	0.052304	0.045752	0.002639
696.584444	0.054629	0.047050	0.002577
696.098190	0.056852	0.048869	0.002512
695.585011	0.056444	0.050639	0.002678
695.096554	0.058436	0.052232	0.002675
694.593887	0.053556	0.054363	0.002598
694.124117	0.052564	0.056779	0.002687
693.646186	0.055431	0.059440	0.002544
693.163356	0.056366	0.062895	0.002536
692.702984	0.051690	0.065684	0.002761
692.223689	0.058453	0.069639	0.002824
691.740542	0.057302	0.074585	0.002704
691.275402	0.057834	0.079124	0.002571
690.798697	0.051549	0.083737	0.002649
690.320977	0.053619	0.088909	0.002643
689.811041	0.053342	0.094264	0.002645
689.347641	0.058941	0.097872	0.002525
688.869320	0.052821	0.101069	0.002480
688.388350	0.051790	0.102349	0.002615
687.906385	0.053846	0.102378	0.002667
687.421210	0.054556	0.100458	0.002634
686.945577	0.051842	0.096727	0.002682
686.461227	0.050651	0.092744	0.002599
685.973498	0.056682	0.087121	0.002693
685.495759	0.054900	0.082183	0.002533
685.034664	0.053077	0.077722	0.002634
684.583689	0.056289	0.072256	0.002598
684.092615	0.054768	0.067537	0.002626
683.627281	0.058732	0.063054	0.002602
683.141461	0.055087	0.058979	0.002567
682.688473	0.053409	0.055974	0.002615
682.216668	0.056223	0.052880	0.002718
681.759292	0.055071	0.049974	0.002586
681.261891	0.051746	0.047333	0.002779
680.777649	0.056601	0.045835	0.002680
680.305989	0.057787	0.043912	0.002617
679.811875	0.056555	0.041604	0.002595
679.338073	0.056656	0.040177	0.002697
678.868818	0.057429	0.038068	0.002667
678.403180	0.056552	0.036947	0.002750
677.935044	0.051079	0.035949	0.002533
677.448528	0.051440	0.034383	0.002741
676.972357	0.053515	0.033494	0.002579
676.509791	0.057012	0.032937	0.002638
676.057158	0.055026	0.031610	0.002543
675.581516	0.058042	0.030079	0.002812
675.111209	0.053872	0.029733	0.002636
674.629660	0.053757	0.029016	0.002742
674.126852	0.057865	0.028646	0.002637
673.647686	0.053639	0.027531	0.002533
673.184796	0.055707	0.026799	0.002637
672.732269	0.051910	0.026209	0.002739
672.269761	0.056811	0.025766	0.002570
671.803704	0.058604	0.025207	0.002584
671.329840	0.052766	0.024640	0.002576
670.835566	0.052699	0.024341	0.002621
670.354074	0.052516	0.023814	0.002673
669.863421	0.049709	0.023284	0.002613
669.416512	0.058456	0.022916	0.002590
668.918300	0.059296	0.022468	0.002568
668.415826	0.051890	0.022022	0.002721
667.945167	0.051666	0.021367	0.002704
667.482059	0.059311	0.021311	0.002639
667.017466	0.051900	0.020209	0.002612
666.523607	0.057309	0.020440	0.002534
666.048912	0.056944	0.020072	0.002624
665.569578	0.055826	0.019736	0.002761
665.081813	0.050927	0.019353	0.002719
664.586019	0.054280	0.019093	0.002661
664.059539	0.052561	0.018638	0.002514
663.542675	0.056792	0.018507	0.002580
663.045453	0.050429	0.018051	0.002653
662.551512	0.054075	0.017412	0.002654
662.087633	0.057518	0.017741	0.002578
661.601283	0.056110	0.016891	0.002607
661.082072	0.053560	0.017016	0.002601
660.592817	0.052591	0.016091	0.002674
660.096635	0.056639	0.016377	0.002707
659.602348	0.049900	0.015994	0.002694
659.094297	0.057332	0.015981	0.002621
658.632694	0.055665	0.016036	0.002612
658.152327	0.052806	0.015529	0.002665
657.654241	0.050607	0.015577	0.002552
657.187841	0.057174	0.014783	0.002592
656.688766	0.052253	0.014940	0.002567
656.217050	0.055098	0.014684	0.002698
655.722755	0.054253	0.014242	0.002743
655.245739	0.056555	0.014203	0.002543
654.787950	0.054173	0.014168	0.002749
654.246127	0.057108	0.014374	0.002512
653.763421	0.053694	0.013839	0.002664
653.312019	0.058202	0.013912	0.002657
652.817369	0.055270	0.013943	0.002562
652.336541	0.059054	0.013851	0.002458
651.849572	0.052811	0.013752	0.002577
651.364203	0.050257	0.014279	0.002552
650.881413	0.057290	0.014398	0.002636
650.399032	0.058625	0.014347	0.002596
649.915227	0.053966	0.014257	0.002563
649.413908	0.051593	0.014306	0.002718
648.928405	0.054508	0.014743	0.002609
648.423019	0.055091	0.015317	0.002682
647.932541	0.053596	0.016051	0.002644
647.404530	0.056272	0.016283	0.002586
646.943073	0.053983	0.016910	0.002538
646.461650	0.052000	0.017300	0.002540
645.989851	0.055937	0.018339	0.002650
645.489586	0.052312	0.018994	0.002568
644.986214	0.059436	0.020143	0.002843
644.477272	0.051280	0.021387	0.002689
644.003320	0.053240	0.022299	0.002640
643.520616	0.055552	0.023434	0.002634
643.070127	0.055430	0.024472	0.002690
642.588543	0.052479	0.025352	0.002552
642.086173	0.049459	0.026724	0.002706
641.616490	0.051088	0.027927	0.002636
641.096057	0.054535	0.028630	0.002602
640.600061	0.053850	0.028908	0.002797
640.114863	0.056971	0.028809	0.002627
639.625792	0.060335	0.028364	0.002718
639.140518	0.051323	0.026684	0.002831
638.670901	0.055541	0.024248	0.002643
638.182250	0.059824	0.021271	0.002592
637.680544	0.052614	0.017372	0.002780
637.192265	0.054491	0.014755	0.002660
636.733007	0.053971	0.013390	0.002741
636.282268	0.052440	0.014624	0.002584
635.799865	0.054758	0.018696	0.002720
635.328369	0.051098	0.023946	0.002847
635.190166	0.055139	0.028082	0.002620
635.668481	0.053397	0.022094	0.002708
636.159649	0.055173	0.017414	0.002672
636.673398	0.057533	0.013502	0.002644
637.154103	0.058587	0.013977	0.002533
637.624537	0.055214	0.015999	0.002858
638.079993	0.053529	0.018812	0.002703
638.570639	0.056547	0.022318	0.002767
639.043920	0.055693	0.025130	0.002557
639.527328	0.055320	0.026973	0.002563
640.014077	0.057761	0.028303	0.002648
640.465194	0.053359	0.029115	0.002651
640.908921	0.053035	0.029139	0.002635
641.397943	0.055229	0.028638	0.002719
641.903687	0.054512	0.027770	0.002686
642.403155	0.060020	0.026704	0.002776
642.879887	0.054745	0.025311	0.002668
643.372394	0.057248	0.024123	0.002625
643.850602	0.053847	0.023407	0.002687
644.341384	0.051694	0.021815	0.002686
644.830059	0.055860	0.020698	0.002575
645.298142	0.053127	0.019945	0.002572
645.773747	0.054758	0.018751	0.002636
646.240408	0.052549	0.018549	0.002648
646.739819	0.054695	0.017045	0.002675
647.223259	0.052056	0.016486	0.002571
647.704935	0.059037	0.016016	0.002458
648.192542	0.055366	0.015577	0.002650
648.663336	0.057449	0.015200	0.002638
649.147711	0.052287	0.014798	0.002701
649.608764	0.059767	0.014382	0.002507
650.096649	0.055014	0.014376	0.002741
650.587490	0.053558	0.014298	0.002682
651.059865	0.056938	0.014289	0.002642
651.541150	0.054086	0.014256	0.002582
652.031616	0.052842	0.013540	0.002598
652.526628	0.053947	0.014164	0.002621
653.030782	0.054874	0.014168	0.002609
653.514940	0.056310	0.013845	0.002554
654.015757	0.058794	0.013984	0.002676
654.496207	0.055280	0.014276	0.002577
654.968003	0.052680	0.014164	0.002573
655.482331	0.054775	0.014227	0.002729
655.947035	0.058347	0.014743	0.002663
656.425659	0.057090	0.014503	0.002511
656.920282	0.054237	0.015164	0.002554
657.379153	0.055248	0.014521	0.002746
657.917172	0.051680	0.015026	0.002661
658.495280	0.058280	0.015985	0.002661
659.068162	0.055393	0.016081	0.002532
659.577687	0.053046	0.015994	0.002609
660.050264	0.054844	0.016449	0.002652
660.549428	0.053694	0.016892	0.002674
661.041384	0.057966	0.017123	0.002628
661.529668	0.054215	0.017092	0.002592
662.026826	0.050588	0.017291	0.002556
662.520052	0.055799	0.017860	0.002595
663.022119	0.052977	0.017899	0.002741
663.477753	0.055012	0.017871	0.002713
663.934826	0.051354	0.018714	0.002585
664.399329	0.052539	0.018641	0.002694
664.881009	0.054026	0.019113	0.002600
665.354850	0.050183	0.019621	0.002565
665.812407	0.053721	0.019583	0.002664
666.316352	0.053922	0.020091	0.002585
666.778333	0.058765	0.020552	0.002580
667.241181	0.052311	0.021081	0.002538
667.729327	0.051648	0.021027	0.002559
668.198743	0.052289	0.021669	0.002725
668.691553	0.054382	0.022112	0.002749
669.180149	0.055933	0.022257	0.002611
669.674787	0.052088	0.022948	0.002737
670.169044	0.056887	0.023214	0.002569
670.628902	0.053825	0.024035	0.002560
671.099581	0.055262	0.024398	0.002689
671.568995	0.052232	0.024687	0.002682
672.022672	0.057653	0.024904	0.002712
672.521816	0.054299	0.025603	0.002630
672.989041	0.057545	0.025886	0.002637
673.463528	0.053021	0.026870	0.002591
673.945326	0.055806	0.027765	0.002701
674.389787	0.052433	0.028189	0.002697
674.909787	0.052461	0.029111	0.002528
675.406798	0.052627	0.029953	0.002692
675.919236	0.050506	0.030743	0.002704
676.393204	0.059281	0.031509	0.002574
676.860909	0.056869	0.032441	0.002559
677.319843	0.056350	0.033297	0.002660
677.784627	0.053928	0.034753	0.002670
678.247186	0.053536	0.035843	0.002692
678.732932	0.055162	0.036474	0.002741
679.214556	0.055436	0.038709	0.002536
679.689032	0.052859	0.040119	0.002697
680.211429	0.051958	0.041799	0.002554
680.724279	0.054688	0.044205	0.002663
681.199177	0.054942	0.045991	0.002683
681.690049	0.056851	0.048347	0.002623
682.115005	0.050759	0.051375	0.002717
682.579737	0.051856	0.053690	0.002636
683.044538	0.052157	0.056864	0.002606
683.541680	0.057752	0.060396	0.002788
684.020027	0.050950	0.064802	0.002622
684.508495	0.053238	0.069676	0.002586
685.014649	0.050999	0.074419	0.002681
685.511471	0.052315	0.079567	0.002663
686.028296	0.053252	0.085283	0.002673
686.522315	0.056341	0.090540	0.002749
687.028620	0.058581	0.095562	0.002557
687.486659	0.051836	0.099207	0.002618
687.953947	0.055056	0.101356	0.002792
688.415832	0.053305	0.102570	0.002550
688.854101	0.053870	0.101182	0.002806
689.308871	0.057168	0.098738	0.002586
689.764747	0.052969	0.095521	0.002702
690.250327	0.053734	0.091214	0.002541
690.751192	0.055151	0.085555	0.002685
691.219416	0.057061	0.081779	0.002655
691.703723	0.056162	0.076427	0.002649
692.198651	0.055088	0.071839	0.002511
692.672584	0.055103	0.067589	0.002594
693.153167	0.055821	0.063183	0.002623
693.643439	0.052587	0.060024	0.002742
694.133940	0.056377	0.057381	0.002637
694.634076	0.054573	0.055250	0.002635
695.143479	0.055514	0.052787	0.002641
695.642149	0.055605	0.050353	0.002547
696.141201	0.056068	0.048977	0.002501
696.618235	0.052624	0.047082	0.002659
697.103732	0.055458	0.045864	0.002710
697.597999	0.054719	0.044560	0.002504
698.108137	0.055478	0.043696	0.002644
698.591118	0.051734	0.042589	0.002621
699.090374	0.053344	0.041614	0.002659
699.551279	0.054309	0.041244	0.002552
699.999356	0.054985	0.040077	0.002443
700.450030	0.054366	0.039272	0.002729
700.941086	0.057435	0.039067	0.002572
701.424772	0.052957	0.038540	0.002665
701.931060	0.052207	0.038230	0.002561
702.406574	0.055439	0.037535	0.002667
702.864793	0.056989	0.037305	0.002569
703.362453	0.055612	0.036973	0.002518
703.814483	0.054393	0.036439	0.002673
704.286371	0.053998	0.036628	0.002764
704.794918	0.056415	0.035887	0.002562
705.311760	0.053711	0.035765	0.002572
705.829543	0.054059	0.035574	0.002577
706.328687	0.053463	0.035602	0.002828
706.812832	0.054554	0.035004	0.002592
707.302524	0.055364	0.034835	0.002631
707.784793	0.052359	0.034350	0.002693
708.308473	0.055220	0.034525	0.002570
708.810065	0.055621	0.034260	0.002647
709.306875	0.055347	0.033860	0.002553
709.830276	0.054969	0.034200	0.002542
710.322121	0.055549	0.034115	0.002567
710.790235	0.055906	0.033153	0.002502
711.268287	0.054864	0.033295	0.002700
711.750413	0.055233	0.033112	0.002635
712.211393	0.052188	0.033125	0.002556
712.706732	0.056156	0.033388	0.002742
713.200130	0.053396	0.033622	0.002643
713.671870	0.054950	0.032682	0.002665
714.156822	0.056701	0.032720	0.002656
714.665806	0.052108	0.033035	0.002519
715.129480	0.055297	0.033009	0.002670
715.622848	0.055230	0.032667	0.002687
716.135933	0.055278	0.032732	0.002697
716.629880	0.053926	0.032831	0.002488
717.137604	0.054751	0.032716	0.002603
717.609848	0.054818	0.032653	0.002580
718.089949	0.052886	0.032307	0.002695
718.570040	0.054015	0.032727	0.002782
719.043950	0.055728	0.032670	0.002532
719.530571	0.055805	0.032407	0.002566
720.012648	0.051260	0.032079	0.002592
720.545478	0.056030	0.032623	0.002624
721.043378	0.054296	0.031832	0.002595
721.510403	0.052990	0.032023	0.002684
722.013866	0.053503	0.031995	0.002603
722.543334	0.057579	0.031687	0.002730
723.032947	0.051441	0.031336	0.002701
723.527681	0.054995	0.031893	0.002612
724.013932	0.051202	0.031366	0.002637
724.521896	0.055633	0.031731	0.002630
724.996946	0.056924	0.031820	0.002501
725.442415	0.051644	0.032136	0.002588
725.926382	0.054951	0.031910	0.002621
726.405423	0.057682	0.032099	0.002641
726.870223	0.053029	0.031682	0.002575
727.365758	0.054639	0.031332	0.002578
727.833669	0.054765	0.031362	0.002575
728.337639	0.056629	0.031665	0.002667
728.831783	0.052961	0.030816	0.002664
729.310573	0.051748	0.031335	0.002577
729.793456	0.054310	0.031370	0.002576
730.288383	0.051697	0.031624	0.002731
730.747902	0.051559	0.031327	0.002655
731.244151	0.053990	0.031278	0.002636
731.748687	0.052625	0.031027	0.002662
732.263119	0.057013	0.031299	0.002491
732.733573	0.052793	0.030216	0.002519
733.215205	0.053833	0.031294	0.002570
733.708770	0.050928	0.031405	0.002657
734.209092	0.055714	0.031009	0.002540
734.675672	0.053255	0.030751	0.002515
735.149943	0.052968	0.031051	0.002611
735.677875	0.054611	0.031295	0.002628
736.157902	0.050997	0.030587	0.002726
736.644765	0.051364	0.030328	0.002749
737.146422	0.052793	0.030750	0.002632
737.624863	0.057282	0.030149	0.002563
738.085281	0.054349	0.030560	0.002573
738.572227	0.055964	0.030324	0.002568
739.083274	0.055249	0.029821	0.002582
739.592113	0.051920	0.030396	0.002624
740.096279	0.051731	0.029527	0.002575
740.596013	0.055370	0.030323	0.002707
741.056527	0.053052	0.030330	0.002707
741.536862	0.053517	0.029690	0.002672
742.010809	0.054691	0.029362	0.002660
742.483745	0.055214	0.029536	0.002626
742.949503	0.053938	0.029688	0.002494
743.420867	0.050822	0.029420	0.002700
743.913031	0.056452	0.029486	0.002729
744.351866	0.052787	0.029350	0.002662
744.829265	0.053213	0.029386	0.002625
745.330420	0.057605	0.029476	0.002654
745.795948	0.055910	0.029411	0.002623
746.283982	0.053622	0.029114	0.002606
746.764585	0.052739	0.029336	0.002619
747.277846	0.049901	0.029488	0.002606
747.763836	0.056024	0.028996	0.002566
748.258952	0.057168	0.028977	0.002560
748.736170	0.051107	0.028804	0.002666
749.222348	0.053269	0.029170	0.002563
749.674955	0.052700	0.029245	0.002607
750.155987	0.052789	0.028926	0.002606
750.651360	0.052356	0.028353	0.002601
751.132573	0.056916	0.029348	0.002696
751.613367	0.056552	0.028297	0.002587
752.117888	0.050988	0.028746	0.002633
752.615856	0.051397	0.028635	0.002783
753.079434	0.056697	0.028473	0.002735
753.596366	0.050812	0.028225	0.002667
754.075854	0.053039	0.027908	0.002630
754.562007	0.053457	0.028532	0.002606
755.067871	0.051651	0.027884	0.002587
755.527154	0.052399	0.027612	0.002546
756.050885	0.052491	0.028166	0.002618
756.557627	0.055294	0.028001	0.002607
757.051521	0.052726	0.027607	0.002573
757.525902	0.057425	0.026888	0.002659
758.012223	0.052112	0.027998	0.002727
758.500949	0.053909	0.026666	0.002764
758.979627	0.053711	0.027209	0.002782
759.452376	0.051293	0.027417	0.002606
759.948244	0.057009	0.027495	0.002594
760.475003	0.051945	0.027721	0.002546
760.956587	0.053161	0.027704	0.002469
761.448448	0.058099	0.026722	0.002608
761.965205	0.054593	0.026929	0.002653
762.460969	0.053089	0.026630	0.002703
762.948852	0.052397	0.027651	0.002633
763.459850	0.052447	0.026815	0.002657
763.962805	0.055893	0.026606	0.002735
764.428778	0.055142	0.026759	0.002526
764.905460	0.053370	0.026151	0.002593
765.354012	0.054818	0.026839	0.002754
765.854062	0.057046	0.026143	0.002673
766.330636	0.053984	0.026145	0.002637
766.794048	0.053498	0.026288	0.002668
767.267233	0.056455	0.025698	0.002575
767.771631	0.053261	0.026107	0.002779
768.286724	0.051817	0.025499	0.002575
768.779993	0.054839	0.025420	0.002620
769.257713	0.057916	0.024957	0.002562
769.725056	0.053016	0.026055	0.002697
770.197140	0.052649	0.025190	0.002712
770.681202	0.057168	0.025325	0.002571
771.186093	0.057370	0.024830	0.002680
771.688963	0.053807	0.024764	0.002741
772.172207	0.054224	0.024830	0.002702
772.664784	0.056400	0.024483	0.002609
773.138519	0.052681	0.024949	0.002532
773.626986	0.053913	0.023532	0.002713
774.105519	0.052760	0.024779	0.002599
774.605549	0.057307	0.023841	0.002541
775.112720	0.052178	0.024811	0.002562
775.570394	0.057461	0.024219	0.002652
776.032434	0.058544	0.024609	0.002713
776.516978	0.053138	0.024476	0.002654
776.969863	0.057633	0.023466	0.002566
777.444646	0.051844	0.024362	0.002517
777.930128	0.053232	0.024754	0.002600
778.423599	0.053542	0.024360	0.002507
778.927054	0.059373	0.023091	0.002628
779.409289	0.055055	0.023604	0.002615
779.883340	0.053849	0.023648	0.002595
780.355490	0.055128	0.023408	0.002666
780.827608	0.052824	0.023915	0.002672
781.303315	0.055936	0.023121	0.002620
781.785773	0.054215	0.023056	0.002595
782.264900	0.055223	0.023111	0.002598
782.738722	0.052945	0.022312	0.002708
783.195211	0.053916	0.023296	0.002663
783.667869	0.055658	0.023518	0.002637
784.132275	0.050777	0.022454	0.002492
784.589089	0.052150	0.022656	0.002657
785.088016	0.054077	0.023014	0.002659
785.562909	0.055046	0.022931	0.002762
786.058081	0.054458	0.022385	0.002538
786.532600	0.055453	0.021887	0.002569
787.004688	0.052748	0.021868	0.002703
787.514709	0.056574	0.021811	0.002670
788.005108	0.051904	0.021149	0.002686
788.515137	0.051075	0.021497	0.002662
788.986501	0.052276	0.021164	0.002694
789.482161	0.052785	0.020861	0.002783
789.980733	0.055640	0.021446	0.002674
790.466427	0.057065	0.020786	0.002612
790.952519	0.056647	0.021161	0.002621
791.443237	0.051607	0.020357	0.002583
791.913978	0.052767	0.020409	0.002608
792.365138	0.057144	0.020398	0.002697
792.875394	0.057015	0.020234	0.002749
793.369246	0.058938	0.021193	0.002573
793.832176	0.054727	0.020377	0.002561
794.312221	0.052880	0.020376	0.002744
794.799016	0.053898	0.020242	0.002528
795.297012	0.058990	0.019913	0.002631
795.776556	0.052499	0.019937	0.002557
796.285774	0.057821	0.019406	0.002767
796.771802	0.050711	0.020462	0.002665
797.271713	0.057549	0.020190	0.002627
797.722753	0.057278	0.019939	0.002469
798.207449	0.053422	0.019213	0.002581
798.711216	0.058023	0.018662	0.002598
799.194962	0.056174	0.019123	0.002687
799.715032	0.058655	0.018783	0.002685
