800.466504	0.079198	0.225012	0.004267
801.131816	0.077864	0.225358	0.004471
801.696274	0.078851	0.225494	0.004063
802.290598	0.079407	0.225466	0.006798
802.876915	0.080284	0.225629	0.004988
803.432765	0.080310	0.225863	0.003789
804.036640	0.077576	0.225966	0.003624
804.594279	0.079151	0.225669	0.006910
805.159426	0.078487	0.226024	0.004635
805.735515	0.078243	0.225912	0.004576
806.314663	0.078765	0.226332	0.004483
806.888065	0.077873	0.226669	0.004216
807.492461	0.079547	0.226689	0.004613
808.112844	0.078587	0.226300	0.006024
808.728980	0.079067	0.226457	0.004761
809.326511	0.078597	0.226499	0.004303
809.930890	0.078477	0.226787	0.004055
810.525599	0.079204	0.226677	0.004487
811.107594	0.078983	0.226769	0.005621
811.694689	0.077867	0.226950	0.003945
812.312314	0.079027	0.226782	0.005727
812.902579	0.078566	0.227009	0.004728
813.550422	0.080903	0.226498	0.006473
814.171153	0.078684	0.227071	0.004473
814.760836	0.078101	0.226688	0.005684
815.348707	0.077988	0.226682	0.005921
815.977598	0.077989	0.226700	0.005686
816.537239	0.079349	0.226897	0.004163
817.099088	0.080173	0.226604	0.004132
817.673673	0.078990	0.226839	0.004490
818.244585	0.078631	0.226393	0.005720
818.792579	0.079212	0.226388	0.005184
819.418047	0.077470	0.226612	0.004259
820.058678	0.077250	0.226539	0.004748
820.707680	0.078823	0.226123	0.004974
821.278084	0.080574	0.226003	0.004690
821.896494	0.079090	0.226074	0.006173
822.513537	0.079462	0.226008	0.004883
823.145364	0.078680	0.226482	0.005559
823.750955	0.078810	0.225780	0.004759
824.384591	0.079162	0.225402	0.004541
824.997860	0.078345	0.225763	0.004638
825.648309	0.079252	0.225546	0.004683
826.253572	0.077872	0.225446	0.004825
826.861125	0.077444	0.225385	0.004353
827.480938	0.078144	0.225062	0.004168
828.063780	0.079692	0.224960	0.004593
828.659632	0.079857	0.224479	0.005136
829.235716	0.078504	0.224318	0.004008
829.824922	0.077047	0.224644	0.003856
830.445154	0.078922	0.224035	0.006111
831.060000	0.078643	0.224041	0.004799
831.645410	0.077517	0.223868	0.005097
832.267980	0.079852	0.223298	0.006227
832.895881	0.078447	0.223681	0.003720
833.534080	0.078813	0.223263	0.004196
834.121103	0.078980	0.223129	0.003961
834.713310	0.078610	0.223219	0.004860
835.291062	0.080239	0.222862	0.003780
835.918606	0.077510	0.223089	0.003653
836.486673	0.078642	0.222893	0.004085
837.067097	0.078356	0.222601	0.003561
837.640680	0.079171	0.222196	0.004162
838.216212	0.079188	0.221791	0.003797
838.867854	0.078810	0.220509	0.007241
839.459474	0.078995	0.220495	0.005253
840.063153	0.079542	0.220557	0.003750
840.682937	0.078756	0.220107	0.004516
841.298023	0.079962	0.220298	0.004022
841.892030	0.079519	0.220214	0.004103
842.542037	0.078394	0.219615	0.004757
843.179537	0.079568	0.219582	0.003857
843.760592	0.078643	0.219387	0.004679
844.378489	0.080261	0.219035	0.005017
844.984323	0.077448	0.218267	0.004490
845.597501	0.079480	0.218217	0.004244
846.195556	0.079041	0.217918	0.003862
846.826875	0.079473	0.217879	0.004422
847.406296	0.079789	0.217493	0.004111
848.019875	0.077640	0.217351	0.004581
848.656632	0.079353	0.216255	0.005741
849.235815	0.078792	0.216177	0.004251
849.872391	0.078643	0.216162	0.003666
850.491646	0.078818	0.215752	0.005130
851.121293	0.077464	0.215061	0.005001
851.693098	0.079041	0.215204	0.004984
852.319932	0.078978	0.214967	0.005829
852.940753	0.078751	0.214547	0.004357
853.589754	0.078134	0.214079	0.004629
854.201336	0.078238	0.214020	0.004698
854.762290	0.070566	0.213620	0.004603
855.379076	0.077646	0.213258	0.003620
856.001350	0.079736	0.213107	0.003725
856.565042	0.078777	0.212904	0.003727
857.121436	0.079430	0.212791	0.004231
857.725413	0.078981	0.212148	0.005139
858.364779	0.079333	0.212226	0.003755
858.959267	0.078966	0.211322	0.006012
859.591262	0.079397	0.210938	0.003984
860.158631	0.077006	0.210551	0.004860
860.772286	0.078615	0.210842	0.005402
861.356446	0.078183	0.210497	0.004533
861.970098	0.079010	0.210380	0.004499
862.536787	0.079298	0.210041	0.004280
863.159150	0.079133	0.209764	0.003954
863.740553	0.079019	0.209265	0.003890
864.370935	0.078141	0.209056	0.004406
864.959726	0.079046	0.208711	0.003946
865.540680	0.074578	0.208700	0.004589
866.190153	0.078283	0.208386	0.004288
866.829601	0.078939	0.207476	0.004728
867.406407	0.080957	0.207367	0.003923
867.986919	0.079069	0.207408	0.004093
868.623462	0.077832	0.206753	0.005525
869.237837	0.078856	0.206564	0.004370
869.880940	0.078726	0.206025	0.004771
870.510176	0.078390	0.205602	0.004668
871.158130	0.079487	0.205488	0.003436
871.765795	0.078354	0.205637	0.003476
872.352219	0.075875	0.205223	0.003722
872.943094	0.076724	0.205030	0.004065
873.539049	0.080233	0.204352	0.004876
874.151366	0.079169	0.204341	0.003967
874.754517	0.077926	0.204132	0.003972
875.398468	0.077109	0.203671	0.004323
876.016756	0.079204	0.203248	0.004386
876.549923	0.077081	0.203247	0.003833
877.096882	0.079364	0.203145	0.004148
877.685497	0.079250	0.202949	0.004373
878.302300	0.077979	0.202931	0.003691
878.891298	0.078846	0.202374	0.005167
879.473355	0.079425	0.202274	0.003804
880.098390	0.077587	0.202074	0.004088
880.732429	0.080003	0.201788	0.004739
881.283434	0.077411	0.201845	0.003753
881.850934	0.078584	0.201277	0.004843
882.479624	0.077467	0.201131	0.004838
883.092360	0.075196	0.200906	0.004156
883.664522	0.078394	0.200917	0.004026
884.276437	0.077976	0.200328	0.005256
884.893022	0.078868	0.200459	0.003982
885.517651	0.077091	0.200229	0.004343
886.103876	0.077664	0.199773	0.003573
886.717148	0.079285	0.199500	0.004657
887.338335	0.078837	0.199557	0.003842
887.945888	0.079470	0.198929	0.004530
888.595905	0.077104	0.198987	0.003603
889.208668	0.078865	0.199092	0.004024
889.818362	0.079836	0.198638	0.004296
890.359595	0.078924	0.198699	0.004181
891.012302	0.081279	0.198520	0.004354
891.625413	0.078792	0.198196	0.004283
892.262289	0.078086	0.198067	0.004884
892.865433	0.078270	0.197943	0.005048
893.515552	0.077728	0.197933	0.004602
894.133507	0.078754	0.197355	0.005100
894.724155	0.078319	0.197426	0.003735
895.372831	0.078692	0.197234	0.003783
895.944354	0.080538	0.197003	0.003797
896.552127	0.079649	0.196897	0.004549
897.126145	0.078588	0.196939	0.003917
897.750877	0.079998	0.196787	0.004849
898.307959	0.075988	0.196703	0.004408
898.884189	0.078687	0.196855	0.003767
899.504548	0.078231	0.196521	0.003997
900.143016	0.079317	0.196600	0.003490
900.747152	0.076434	0.196370	0.004288
901.310587	0.077401	0.196111	0.004348
901.954234	0.077967	0.196314	0.003754
902.584332	0.081300	0.196094	0.004434
903.222996	0.078882	0.196061	0.004412
903.842752	0.078673	0.195915	0.004118
904.426533	0.077267	0.195798	0.004691
905.067479	0.077845	0.195970	0.004262
905.686663	0.077785	0.196047	0.003659
906.274469	0.081331	0.195657	0.005553
906.849682	0.079441	0.195837	0.005207
907.398704	0.076404	0.195706	0.006560
908.016775	0.078981	0.195757	0.004958
908.631037	0.078992	0.196014	0.004117
909.260695	0.079813	0.195925	0.004659
909.880086	0.077605	0.196045	0.003503
910.449460	0.079299	0.195923	0.004189
911.090985	0.079055	0.196080	0.003352
911.738736	0.077132	0.195896	0.005153
912.331609	0.078187	0.196152	0.004127
912.900558	0.078392	0.196146	0.003675
913.523105	0.080204	0.196331	0.004329
914.156861	0.079885	0.196684	0.003870
914.715959	0.079491	0.196313	0.004968
915.345250	0.078025	0.196934	0.004457
915.929414	0.076478	0.196717	0.004285
916.540660	0.077554	0.196646	0.004331
917.197239	0.080306	0.196659	0.004010
917.824939	0.077230	0.197020	0.003461
918.404462	0.078828	0.196832	0.004375
918.963962	0.079197	0.196919	0.004699
919.564630	0.068747	0.197255	0.003843
920.164534	0.079803	0.197349	0.004680
920.796827	0.079674	0.197643	0.004445
921.358264	0.078106	0.197616	0.004575
921.999469	0.078787	0.197960	0.004136
922.597569	0.077288	0.197536	0.005480
923.252318	0.078097	0.197762	0.004930
923.858873	0.080269	0.198311	0.003197
924.419602	0.079576	0.198126	0.005213
925.031219	0.077925	0.198913	0.004197
925.672995	0.078114	0.199004	0.004280
926.287713	0.076951	0.199189	0.004852
926.849263	0.080643	0.199185	0.005886
927.454106	0.079423	0.199729	0.003568
928.061365	0.078996	0.199843	0.003281
928.709309	0.078510	0.199772	0.006320
929.310282	0.077397	0.200262	0.004061
929.875282	0.079210	0.200213	0.004555
930.469298	0.078621	0.200538	0.004742
931.082420	0.080044	0.201029	0.004458
931.715542	0.078016	0.201567	0.003487
932.295547	0.078512	0.201732	0.003835
932.908558	0.077857	0.201881	0.003984
933.516406	0.078194	0.202397	0.003601
934.119862	0.079431	0.202083	0.007933
934.755755	0.077107	0.202803	0.004636
935.322011	0.080346	0.203209	0.004307
935.938763	0.077586	0.203651	0.005704
936.552570	0.077202	0.204066	0.004093
937.180246	0.078214	0.204394	0.004643
937.791837	0.076460	0.204462	0.005517
938.344685	0.080661	0.205067	0.004546
938.973468	0.076024	0.205704	0.004443
939.610716	0.079699	0.205997	0.005191
940.197106	0.077417	0.206458	0.004838
940.764870	0.078759	0.206494	0.005404
941.363802	0.077623	0.207049	0.004502
941.983321	0.078109	0.207421	0.005036
942.624706	0.079439	0.207999	0.004613
943.212438	0.081578	0.208509	0.003655
943.799462	0.076236	0.208785	0.003835
944.371087	0.078654	0.209424	0.003809
945.008273	0.080685	0.209669	0.004749
945.673836	0.078292	0.210496	0.004495
946.262397	0.080452	0.210718	0.005018
946.826614	0.079246	0.211447	0.004365
947.446918	0.078109	0.211887	0.004125
948.040929	0.078522	0.212497	0.005220
948.642043	0.078576	0.213267	0.003790
949.223989	0.081762	0.213761	0.004088
949.838695	0.077669	0.214299	0.004467
950.459520	0.079917	0.214794	0.005603
951.112134	0.077007	0.215290	0.004691
951.706575	0.080531	0.216125	0.004808
952.287587	0.076594	0.216932	0.004563
952.869947	0.079350	0.217773	0.004756
953.476898	0.076153	0.218031	0.004560
954.096066	0.078325	0.218871	0.003914
954.689598	0.078805	0.219315	0.004371
955.302966	0.079287	0.220001	0.004971
955.941588	0.077925	0.220604	0.004576
956.580714	0.077444	0.221075	0.005262
957.207793	0.078982	0.222123	0.004554
957.788535	0.080170	0.222528	0.004700
958.407027	0.078444	0.223081	0.007672
959.028135	0.084891	0.224520	0.004693
959.587211	0.078760	0.224961	0.004595
960.226144	0.080839	0.225826	0.004018
960.816752	0.077521	0.226732	0.004821
961.438328	0.077851	0.227420	0.004144
962.093672	0.079137	0.227884	0.005093
962.715968	0.071328	0.228509	0.005783
963.273861	0.079488	0.229511	0.005348
963.875269	0.082179	0.230589	0.004371
964.508303	0.076658	0.231251	0.004642
965.026235	0.060145	0.232424	0.004084
964.419827	0.078352	0.231556	0.004002
963.748171	0.080159	0.230431	0.005726
963.109485	0.083072	0.229621	0.004008
962.497941	0.079353	0.228809	0.004287
961.886911	0.082162	0.227495	0.006555
961.327463	0.077576	0.227304	0.004681
960.739789	0.078401	0.226409	0.004967
960.112234	0.078263	0.226046	0.004571
959.520321	0.073907	0.225149	0.004380
958.912173	0.078105	0.224503	0.004092
958.333836	0.078865	0.223454	0.004010
957.724518	0.080163	0.222995	0.004303
957.134904	0.078909	0.222182	0.004270
956.533565	0.079350	0.221781	0.004091
955.890417	0.080893	0.220925	0.003834
955.329280	0.076808	0.220283	0.004409
954.706685	0.078584	0.219748	0.004853
954.083439	0.078228	0.218994	0.004895
953.489801	0.080243	0.218567	0.004746
952.907368	0.078318	0.217994	0.003662
952.299759	0.076596	0.217181	0.004673
951.651409	0.076947	0.216385	0.003854
951.063615	0.080246	0.216017	0.004203
950.413801	0.077998	0.215180	0.004634
949.839836	0.080616	0.214627	0.004508
949.207928	0.079664	0.213809	0.004755
948.577545	0.073417	0.213535	0.003818
947.961672	0.079246	0.213076	0.004266
947.310429	0.078629	0.212316	0.004105
946.697263	0.078554	0.211462	0.005052
946.070191	0.078518	0.211042	0.004027
945.431793	0.078369	0.210665	0.003806
944.849873	0.077449	0.210060	0.004427
944.294428	0.078001	0.209616	0.006082
943.671352	0.077443	0.209254	0.003783
943.049850	0.079777	0.208617	0.005636
942.503865	0.079571	0.208038	0.005607
941.904172	0.078957	0.207420	0.005980
941.316931	0.077952	0.207261	0.004938
940.724017	0.077682	0.206655	0.005629
940.120229	0.079262	0.206329	0.004027
939.485538	0.078571	0.206151	0.004174
938.912101	0.078857	0.205541	0.004053
938.283275	0.079935	0.204772	0.003672
937.703568	0.075636	0.204237	0.004550
937.090747	0.077952	0.204358	0.003984
936.493430	0.077322	0.203955	0.004464
935.920920	0.078391	0.203835	0.003816
935.287982	0.077458	0.203075	0.004174
934.648047	0.080559	0.202614	0.004012
934.056950	0.078161	0.202314	0.004251
933.407068	0.079308	0.202360	0.004748
932.844297	0.080435	0.201649	0.004476
932.219866	0.077288	0.201531	0.006039
931.567457	0.077274	0.201449	0.004330
930.943615	0.078579	0.201179	0.004545
930.355009	0.080782	0.200916	0.004172
929.744080	0.079725	0.200442	0.004226
929.119683	0.078468	0.200000	0.005043
928.536115	0.079257	0.199853	0.004568
927.920968	0.078852	0.199502	0.004403
927.359260	0.080476	0.199253	0.003950
926.770916	0.077676	0.199357	0.004334
926.166356	0.075575	0.199193	0.004315
925.529494	0.077732	0.198714	0.004654
924.933092	0.077941	0.198334	0.004346
924.337565	0.078447	0.198610	0.004036
923.682170	0.079641	0.198385	0.004188
923.050038	0.079200	0.198025	0.004559
922.408262	0.078647	0.198034	0.004084
921.827238	0.080854	0.197853	0.003730
921.203703	0.079457	0.197396	0.004534
920.557719	0.077249	0.197346	0.004384
919.918582	0.077368	0.196839	0.006150
919.353543	0.080595	0.196943	0.005810
918.711414	0.078024	0.196889	0.004351
918.097213	0.079885	0.196531	0.005024
917.437851	0.078527	0.196533	0.005305
916.828721	0.081298	0.196401	0.005148
916.261361	0.077015	0.196375	0.004295
915.647206	0.078583	0.196414	0.004258
915.038564	0.079563	0.196266	0.003992
914.430387	0.077199	0.196369	0.004197
913.792952	0.079346	0.196521	0.003349
913.216013	0.079548	0.196099	0.004642
912.585774	0.078708	0.196140	0.003543
911.947422	0.078175	0.196021	0.003313
911.332506	0.079500	0.195788	0.004259
910.740079	0.082489	0.195949	0.003724
910.098533	0.076579	0.196026	0.003713
909.485327	0.079341	0.196049	0.004009
908.855322	0.080641	0.195828	0.004666
908.213658	0.078959	0.195580	0.004510
907.653154	0.078762	0.195661	0.004392
907.016957	0.078208	0.195854	0.003411
906.405366	0.078133	0.195405	0.004979
905.819410	0.077727	0.195525	0.003953
905.236524	0.076685	0.195206	0.004025
904.639191	0.079092	0.195509	0.004313
904.043889	0.078068	0.196129	0.004118
903.416404	0.079958	0.196387	0.004188
902.776329	0.080816	0.196085	0.004023
902.211909	0.080214	0.196112	0.004054
901.618061	0.076634	0.196033	0.004449
900.982415	0.078766	0.196202	0.004268
900.333917	0.080263	0.196183	0.004157
899.758356	0.078878	0.196238	0.005268
899.181089	0.080181	0.196357	0.003738
898.550243	0.078965	0.196679	0.004422
897.977647	0.067499	0.196616	0.004591
897.393920	0.078176	0.196828	0.004168
896.834260	0.079240	0.196881	0.003681
896.180743	0.076045	0.196788	0.004425
895.592386	0.077637	0.197315	0.004796
894.969265	0.080764	0.197415	0.004002
894.327988	0.079187	0.197460	0.005434
893.778909	0.078738	0.197895	0.003583
893.172256	0.079855	0.197773	0.005390
892.523274	0.078172	0.198088	0.004638
891.906810	0.079441	0.198036	0.005021
891.318437	0.078427	0.198323	0.004326
890.665148	0.077186	0.198478	0.004398
890.051336	0.077880	0.198756	0.004025
889.392471	0.078505	0.198377	0.005985
888.810545	0.079534	0.199026	0.003746
888.212945	0.079343	0.199093	0.004292
887.575221	0.079538	0.199328	0.004405
886.955863	0.079814	0.199120	0.004881
886.365471	0.077585	0.199654	0.003826
885.728098	0.078934	0.199655	0.004872
885.136100	0.080022	0.200234	0.003637
884.509528	0.079283	0.200618	0.003848
883.850169	0.075512	0.200457	0.005339
883.236768	0.078255	0.200566	0.004095
882.656954	0.077173	0.200953	0.003722
882.027518	0.075865	0.200940	0.004696
881.425201	0.077042	0.201620	0.003472
880.811046	0.077936	0.201887	0.003870
880.180150	0.079384	0.201644	0.005325
879.606733	0.079409	0.202124	0.004951
878.960860	0.079807	0.202665	0.003422
878.364948	0.079862	0.202543	0.004738
877.770502	0.079452	0.202897	0.004385
877.186776	0.078645	0.203131	0.004370
876.594092	0.078091	0.203061	0.004442
875.978054	0.078299	0.203578	0.004469
875.371305	0.078573	0.203632	0.005808
874.718051	0.078725	0.204248	0.004284
874.130324	0.078264	0.204577	0.004258
873.485475	0.077161	0.204447	0.005186
872.872015	0.078637	0.205056	0.003964
872.258978	0.079093	0.205396	0.004647
871.678196	0.077540	0.205322	0.004973
871.097511	0.078858	0.205239	0.006569
870.489170	0.079514	0.205647	0.004066
869.853798	0.080265	0.206107	0.003895
869.223838	0.080407	0.206766	0.004049
868.654665	0.080193	0.206809	0.004134
868.064229	0.079422	0.207008	0.004694
867.407705	0.080397	0.207297	0.004786
866.813695	0.080665	0.207933	0.003828
866.207607	0.079313	0.208222	0.004322
865.641022	0.074058	0.208270	0.004483
865.048224	0.081648	0.208600	0.004167
864.424669	0.077780	0.208852	0.004890
863.817081	0.079466	0.208974	0.004357
863.215746	0.080049	0.209506	0.004591
862.583224	0.079111	0.210011	0.003982
861.969535	0.079694	0.210399	0.004039
861.323248	0.079852	0.210616	0.003974
860.732523	0.078004	0.211125	0.003536
860.133248	0.078395	0.211199	0.004044
859.508544	0.078652	0.211436	0.005549
858.900342	0.076627	0.211883	0.005152
858.261500	0.079296	0.212071	0.005282
857.691841	0.080330	0.212626	0.004133
857.092135	0.077848	0.212677	0.004475
856.479853	0.078374	0.212860	0.004515
855.833285	0.078964	0.213211	0.003998
855.212977	0.080036	0.213339	0.005238
854.663078	0.078927	0.213718	0.004110
854.019035	0.078778	0.213934	0.005289
853.390125	0.078503	0.214706	0.003756
852.760868	0.079376	0.215077	0.003857
852.148818	0.080254	0.215169	0.003751
851.560644	0.078988	0.215616	0.004675
850.934335	0.079764	0.215874	0.003899
850.339729	0.078930	0.216458	0.004229
849.758368	0.078852	0.216520	0.004153
849.163437	0.079383	0.216753	0.004873
848.531215	0.078768	0.216465	0.006141
847.909199	0.078208	0.217298	0.004958
847.272708	0.078114	0.217424	0.005430
846.682537	0.077838	0.217868	0.004351
846.056255	0.080089	0.218232	0.004147
845.487323	0.079911	0.218704	0.003592
844.884315	0.079990	0.218612	0.004596
844.265249	0.078604	0.219406	0.004423
843.673856	0.079090	0.219483	0.004227
843.037667	0.079027	0.219587	0.005177
842.493637	0.076158	0.219612	0.005399
841.884412	0.079645	0.220250	0.004520
841.298284	0.080018	0.220590	0.004255
840.668602	0.077250	0.220616	0.005237
840.022256	0.078589	0.220641	0.005745
839.453305	0.078945	0.221168	0.005389
838.823597	0.079431	0.221866	0.005057
838.187504	0.079096	0.222490	0.003572
837.602841	0.078500	0.222568	0.004253
837.018774	0.078333	0.223038	0.004284
836.424769	0.078777	0.223175	0.004629
835.820117	0.078036	0.223784	0.004118
835.229938	0.078969	0.223911	0.004131
834.583616	0.080133	0.223985	0.003734
834.004724	0.079159	0.223566	0.005055
833.405909	0.078890	0.224220	0.003646
832.737640	0.079310	0.224306	0.004658
832.095069	0.078844	0.224412	0.004005
831.458470	0.078383	0.224586	0.003977
830.832889	0.077909	0.224612	0.004575
830.239153	0.077073	0.224955	0.005364
829.607572	0.079274	0.225212	0.004392
828.969913	0.078599	0.224786	0.005844
828.399213	0.078918	0.224880	0.006127
827.768909	0.078037	0.225686	0.004597
827.154839	0.079665	0.225727	0.004778
826.531071	0.078359	0.225541	0.003853
825.912331	0.079439	0.225342	0.005406
825.337539	0.078765	0.225615	0.004655
824.778759	0.078239	0.226182	0.005276
824.135909	0.078485	0.226259	0.005415
823.553412	0.077999	0.226494	0.004150
822.975184	0.079910	0.226456	0.004238
822.410273	0.073300	0.226460	0.004609
821.823823	0.079701	0.226721	0.004341
821.174618	0.080062	0.226719	0.005010
820.579023	0.079575	0.226750	0.004158
819.974239	0.078017	0.226576	0.004518
819.352310	0.078205	0.226994	0.004158
818.719475	0.078360	0.227222	0.004129
818.063127	0.078310	0.227102	0.004882
817.439243	0.079497	0.227149	0.004697
816.864562	0.078869	0.227196	0.004353
816.232774	0.078840	0.227433	0.004884
815.614217	0.078361	0.227554	0.004384
815.030341	0.079342	0.227548	0.003884
814.465630	0.078576	0.227547	0.003988
813.843083	0.078966	0.227629	0.004932
813.232643	0.078474	0.227396	0.004609
812.593890	0.077635	0.227547	0.004676
811.976421	0.078053	0.227484	0.004118
811.447271	0.078526	0.227447	0.003776
810.844490	0.079356	0.227586	0.004124
810.225633	0.079944	0.227301	0.005793
809.585933	0.080033	0.227259	0.005272
809.006126	0.079532	0.227158	0.004291
808.372197	0.078422	0.227159	0.004816
807.758003	0.078172	0.227113	0.003947
807.106928	0.077670	0.226899	0.005250
806.488167	0.078848	0.226958	0.004834
805.892957	0.077551	0.226736	0.004487
805.250511	0.078437	0.226723	0.005131
804.640828	0.078736	0.226541	0.004273
804.022390	0.079649	0.226322	0.004014
803.392971	0.079249	0.226450	0.004319
802.799748	0.079617	0.226273	0.004697
802.142107	0.078887	0.226076	0.004889
801.526202	0.078975	0.225847	0.004722
800.873665	0.086855	0.225747	0.004382
800.274571	0.077985	0.225511	0.005424
799.663364	0.080461	0.225074	0.005514
799.008932	0.078544	0.224563	0.006231
798.384944	0.078126	0.224703	0.004241
797.791251	0.077776	0.224377	0.005695
797.142620	0.077961	0.224264	0.005717
796.533035	0.080094	0.224117	0.005733
795.915517	0.078473	0.223752	0.004925
795.304445	0.079101	0.223542	0.003782
794.738935	0.077862	0.223143	0.006109
794.111539	0.078864	0.223380	0.003739
793.504316	0.078054	0.223206	0.004797
792.863274	0.078645	0.222847	0.005086
792.222626	0.077551	0.222129	0.005925
791.662061	0.078486	0.222112	0.004726
791.053290	0.079580	0.221599	0.004237
790.457951	0.078965	0.221593	0.004024
789.827860	0.080142	0.221061	0.004674
789.235827	0.079469	0.220894	0.004991
788.618222	0.077633	0.220483	0.005451
787.994762	0.080636	0.219917	0.004809
787.348264	0.079533	0.219353	0.004706
786.743690	0.078877	0.218683	0.004825
786.164834	0.078889	0.218778	0.003374
785.537206	0.079344	0.218443	0.003477
784.942502	0.079725	0.217941	0.004318
784.302989	0.078584	0.217883	0.003984
783.728999	0.079310	0.217351	0.004095
783.113284	0.079732	0.216922	0.004731
782.486200	0.079339	0.216518	0.005769
781.869947	0.078333	0.216283	0.003396
781.286462	0.077463	0.215741	0.004102
780.740042	0.080287	0.215236	0.004474
780.116277	0.078727	0.214646	0.005075
779.472425	0.078149	0.214348	0.005630
778.886429	0.078382	0.213993	0.004731
778.248228	0.078957	0.213265	0.004189
777.668182	0.078065	0.212329	0.005859
777.072449	0.078712	0.212601	0.004421
776.456165	0.079889	0.211992	0.004044
775.877821	0.076933	0.211670	0.004443
775.332862	0.079628	0.211024	0.004877
774.702612	0.079441	0.210662	0.005144
774.109376	0.078880	0.210252	0.004111
773.485267	0.079149	0.209667	0.003804
772.870009	0.079103	0.209114	0.004869
772.305600	0.079136	0.208896	0.003945
771.685312	0.078389	0.208183	0.003894
771.101373	0.077705	0.207455	0.004850
770.472545	0.080699	0.206907	0.004956
769.890990	0.079993	0.206596	0.004545
769.302797	0.079276	0.206090	0.004048
768.664923	0.079157	0.204994	0.005444
768.063562	0.079921	0.204797	0.005108
767.411865	0.079965	0.204488	0.004349
766.822195	0.079231	0.203876	0.003945
766.192037	0.079124	0.203002	0.004275
765.576428	0.078770	0.202576	0.003924
764.966886	0.077078	0.201407	0.005338
764.371702	0.077875	0.200902	0.005857
763.751375	0.078848	0.200579	0.003806
763.157385	0.079332	0.200006	0.003605
762.502014	0.078381	0.199352	0.003893
761.884115	0.079909	0.198653	0.004003
761.286542	0.080424	0.198494	0.004113
760.679348	0.079310	0.197708	0.004203
760.060269	0.080820	0.196887	0.003890
759.444824	0.078299	0.196123	0.004836
758.792734	0.078812	0.195754	0.004533
758.214007	0.078640	0.195167	0.004580
757.630181	0.076422	0.194431	0.005306
757.023038	0.079150	0.194020	0.003484
756.395053	0.078274	0.193123	0.004892
755.819942	0.077721	0.192886	0.004016
755.215028	0.078985	0.192250	0.004857
754.563739	0.077555	0.191598	0.004193
753.955533	0.078900	0.190775	0.004535
753.391717	0.078182	0.190222	0.004319
752.820443	0.078443	0.189574	0.005103
752.179303	0.079119	0.189143	0.004437
751.559886	0.078740	0.188343	0.004114
750.917713	0.078395	0.187921	0.003546
750.348018	0.079327	0.187126	0.003603
749.745945	0.079799	0.186325	0.004350
749.114660	0.078524	0.185150	0.004806
748.459313	0.077633	0.184687	0.003776
747.887909	0.077683	0.184220	0.003612
747.311694	0.078719	0.183412	0.004556
746.699734	0.078808	0.183112	0.003776
746.110128	0.078501	0.182263	0.004132
745.482934	0.078295	0.181507	0.004462
744.924543	0.079760	0.181067	0.003162
744.272257	0.078397	0.180223	0.003639
743.669766	0.079728	0.179709	0.003575
743.003260	0.079748	0.178957	0.003637
742.400224	0.080252	0.178268	0.003524
741.839598	0.078511	0.177666	0.003673
741.234555	0.078657	0.177038	0.004120
740.627413	0.080173	0.176368	0.003243
740.010795	0.078319	0.175504	0.003900
739.371125	0.078424	0.175013	0.003851
738.741018	0.079178	0.174024	0.003257
738.103486	0.079888	0.173169	0.003732
737.520002	0.079765	0.172451	0.004460
736.893895	0.077948	0.172295	0.003575
736.316750	0.078249	0.171623	0.003666
735.724522	0.078538	0.170836	0.003368
735.099061	0.077255	0.169978	0.003372
734.498741	0.080075	0.169619	0.003580
733.931672	0.080324	0.169085	0.003885
733.319990	0.079944	0.168276	0.003245
732.719277	0.078854	0.167600	0.003294
732.107758	0.080713	0.167030	0.003352
731.567504	0.079063	0.166354	0.003527
731.011818	0.077989	0.165566	0.004295
730.413485	0.078838	0.164783	0.004341
729.806588	0.077816	0.164320	0.003515
729.190607	0.078907	0.163625	0.004130
728.527480	0.078607	0.162957	0.004241
727.945836	0.077260	0.162384	0.003969
727.374921	0.078637	0.161849	0.003561
726.760042	0.078582	0.161258	0.003825
726.121590	0.080173	0.160520	0.003618
725.528068	0.078911	0.159704	0.003165
724.926953	0.077874	0.158937	0.003349
724.279299	0.080053	0.158368	0.003521
723.683658	0.079400	0.157751	0.003061
723.045546	0.080603	0.156960	0.003271
722.494010	0.078902	0.156515	0.003638
721.885269	0.078590	0.155610	0.003867
721.285528	0.080593	0.154968	0.003347
720.619983	0.076844	0.154327	0.003177
720.022850	0.078578	0.153674	0.003971
719.460401	0.077912	0.153438	0.003571
718.845252	0.077721	0.152510	0.003549
718.200072	0.080411	0.152041	0.003443
717.631722	0.079159	0.151436	0.003607
717.015783	0.078298	0.150716	0.003770
716.395639	0.080734	0.150107	0.003482
715.830510	0.080245	0.149649	0.003238
715.223987	0.078169	0.148932	0.004221
714.631499	0.078079	0.148030	0.003506
714.026140	0.077421	0.147507	0.003545
713.406853	0.079049	0.146769	0.004096
712.798764	0.078180	0.146235	0.004045
712.204716	0.077739	0.145621	0.004140
711.640258	0.081237	0.145323	0.003156
711.016865	0.075769	0.144535	0.003160
710.366098	0.077530	0.144112	0.003151
709.729125	0.077288	0.143531	0.003148
709.171333	0.077340	0.142962	0.003284
708.553258	0.079867	0.142266	0.003508
707.931040	0.077665	0.141491	0.003583
707.285414	0.079165	0.140934	0.003242
706.622346	0.078158	0.140357	0.003392
706.055283	0.080793	0.139909	0.003141
705.445079	0.078634	0.139199	0.003186
704.786790	0.078259	0.138567	0.003276
704.147833	0.081419	0.137928	0.003241
703.519855	0.080763	0.137319	0.003288
702.972396	0.075952	0.136661	0.003412
702.383068	0.076032	0.136320	0.003328
701.776612	0.079572	0.135784	0.003511
701.176914	0.079353	0.135215	0.003076
700.562025	0.077404	0.134645	0.003211
699.947954	0.079463	0.133879	0.003623
699.356292	0.079395	0.133442	0.003630
698.751753	0.078721	0.132958	0.003284
698.177144	0.081057	0.132488	0.003273
697.608643	0.078221	0.131904	0.003082
696.974714	0.075658	0.131318	0.003440
696.386269	0.079144	0.130782	0.003171
695.750279	0.079545	0.130262	0.003146
695.172854	0.078180	0.129770	0.003355
694.543116	0.079155	0.129110	0.003523
693.909627	0.078175	0.128743	0.003356
693.293097	0.079159	0.128461	0.003142
692.702977	0.079804	0.127811	0.003332
692.118237	0.079640	0.127337	0.003024
691.488868	0.076056	0.126913	0.003275
690.851913	0.079770	0.126281	0.003014
690.276776	0.079786	0.125920	0.002919
689.731300	0.079990	0.125395	0.003188
689.139685	0.078364	0.124701	0.003029
688.539900	0.080126	0.124038	0.003168
687.913622	0.079540	0.123311	0.003147
687.265900	0.079953	0.122314	0.003296
686.707523	0.077812	0.121606	0.003003
686.096945	0.076649	0.120661	0.003270
685.456107	0.078878	0.119916	0.003063
684.821738	0.079508	0.119126	0.003261
684.233355	0.079193	0.118712	0.003017
683.665745	0.077409	0.118334	0.003412
683.036529	0.081357	0.117696	0.003510
682.408666	0.079650	0.117772	0.003279
681.772686	0.076755	0.117808	0.002998
681.188332	0.079364	0.117798	0.003091
680.586372	0.078518	0.117633	0.003075
679.924812	0.079555	0.117224	0.003398
679.325976	0.078521	0.116917	0.003331
678.748759	0.077960	0.116744	0.003157
678.136861	0.080260	0.116233	0.003104
677.531339	0.079453	0.115962	0.003250
676.928192	0.078096	0.115308	0.002981
676.341903	0.080141	0.114918	0.003118
675.704533	0.082664	0.114617	0.003168
675.103993	0.079998	0.114169	0.003212
674.468850	0.080516	0.113722	0.002869
673.854008	0.078429	0.113368	0.003084
673.254802	0.080250	0.112921	0.003075
672.682341	0.078526	0.112623	0.002983
672.045872	0.077112	0.112179	0.003031
671.399105	0.075506	0.111729	0.003157
670.735228	0.078652	0.111472	0.002952
670.138995	0.078111	0.111134	0.003081
669.520586	0.076644	0.110643	0.003179
668.890330	0.079767	0.110262	0.003036
668.276674	0.077690	0.109797	0.002929
667.604361	0.078565	0.109244	0.003113
666.932515	0.079167	0.108915	0.003089
666.320017	0.076978	0.108471	0.002826
665.650039	0.077802	0.108005	0.002945
664.989726	0.079407	0.107632	0.003173
664.320022	0.076411	0.107414	0.003127
663.649651	0.080099	0.107020	0.003029
663.092004	0.078468	0.106646	0.002918
662.477515	0.082394	0.106324	0.003259
661.829392	0.080575	0.105921	0.003033
661.154869	0.076699	0.105342	0.002969
660.504290	0.077593	0.105024	0.002936
659.936224	0.081968	0.104833	0.002955
659.255870	0.079288	0.104313	0.003210
658.614362	0.079792	0.103885	0.002994
657.957871	0.081713	0.103701	0.003064
657.276165	0.077389	0.103415	0.003009
656.678120	0.078625	0.102790	0.002875
656.109866	0.077142	0.102434	0.003163
655.458185	0.076432	0.102180	0.003052
654.799253	0.076860	0.102002	0.003054
654.129293	0.077962	0.101577	0.002895
653.483344	0.079113	0.101125	0.003133
652.870917	0.075133	0.100986	0.002920
652.196362	0.077851	0.100398	0.002918
651.565198	0.079355	0.100163	0.002878
650.906454	0.080070	0.099910	0.002811
650.248451	0.079524	0.099312	0.003279
649.672753	0.077789	0.099079	0.002972
649.129391	0.076694	0.098869	0.002849
648.524445	0.080047	0.098516	0.003013
647.850960	0.081695	0.098348	0.002863
647.170777	0.081289	0.098085	0.002826
646.535284	0.078808	0.097731	0.002876
645.958535	0.076977	0.097357	0.003179
645.298093	0.076590	0.096946	0.002841
644.640753	0.078812	0.096807	0.002844
643.997666	0.074345	0.096445	0.002972
643.358350	0.078126	0.096278	0.002860
642.795906	0.081076	0.096041	0.002992
642.160464	0.082728	0.095734	0.002938
641.516641	0.079322	0.095491	0.002988
640.839862	0.081327	0.095170	0.003144
640.265578	0.076923	0.094724	0.002767
639.628363	0.078359	0.094507	0.002934
639.031057	0.079020	0.094321	0.002928
638.448325	0.080724	0.093900	0.003004
637.903868	0.079777	0.093805	0.002914
637.324346	0.081297	0.093488	0.002986
636.686120	0.079716	0.093356	0.002979
636.080831	0.082610	0.093128	0.002960
635.492604	0.077255	0.092839	0.003033
635.115661	0.079249	0.092706	0.003128
635.722639	0.080108	0.093110	0.002918
636.352927	0.079228	0.093302	0.002918
636.987233	0.079847	0.093549	0.002873
637.564454	0.079781	0.093802	0.002902
638.164870	0.079050	0.093966	0.002903
638.767962	0.077505	0.094392	0.002754
639.380258	0.081365	0.094605	0.002817
640.002636	0.082317	0.094738	0.002848
640.570031	0.079001	0.095033	0.002756
641.201302	0.076180	0.095149	0.002896
641.833465	0.076868	0.095407	0.003086
642.475042	0.080539	0.095749	0.002840
643.018529	0.081087	0.095998	0.002807
643.626506	0.080432	0.096411	0.002923
644.220168	0.078356	0.096560	0.002847
644.865406	0.080017	0.096975	0.002951
645.486394	0.078298	0.097211	0.002990
646.046236	0.081441	0.097511	0.002816
646.670816	0.078420	0.097805	0.002900
647.296840	0.078594	0.098346	0.002937
647.874222	0.078597	0.098474	0.003024
648.500142	0.081413	0.098811	0.002868
649.069440	0.079931	0.099087	0.003152
649.675999	0.079807	0.099360	0.002934
650.266781	0.079023	0.099447	0.003092
650.932370	0.077164	0.099852	0.003010
651.539377	0.079380	0.100112	0.002997
652.163595	0.077225	0.100465	0.003055
652.760603	0.080361	0.100827	0.002986
653.369219	0.078352	0.101095	0.002885
653.968147	0.078306	0.101346	0.003375
654.513383	0.080098	0.101699	0.003217
655.155052	0.077568	0.102046	0.002975
655.766312	0.080610	0.102380	0.002862
656.340361	0.076985	0.102796	0.002986
656.971600	0.077968	0.103012	0.003219
657.562951	0.077725	0.103523	0.002922
658.152572	0.080978	0.103602	0.003001
658.801670	0.078814	0.104033	0.002911
659.405717	0.077219	0.104527	0.003033
659.999034	0.079855	0.105036	0.002902
660.564052	0.080410	0.105339	0.002936
661.199599	0.080729	0.105589	0.002933
661.836536	0.078264	0.105724	0.003057
662.487721	0.079622	0.105736	0.002901
663.082308	0.077373	0.105946	0.003106
663.670794	0.078365	0.105843	0.002946
664.305203	0.078310	0.105810	0.003052
664.926821	0.080234	0.105688	0.003061
665.494096	0.077891	0.105910	0.002974
666.047924	0.079408	0.106319	0.002816
666.689533	0.077918	0.107028	0.002991
667.299605	0.081121	0.107628	0.003222
667.889234	0.076523	0.108555	0.002919
668.497598	0.078494	0.109214	0.003094
669.060194	0.080523	0.109837	0.003028
669.698680	0.077889	0.110564	0.003275
670.322302	0.079295	0.111412	0.003047
670.932169	0.081947	0.111610	0.003170
671.557388	0.077730	0.112075	0.003140
672.134287	0.078923	0.112330	0.003036
672.804679	0.078965	0.112773	0.003260
673.431764	0.077264	0.113294	0.003076
674.054820	0.076337	0.113573	0.003086
674.665784	0.078857	0.113838	0.002873
675.252650	0.076698	0.114337	0.002934
675.869757	0.077478	0.114661	0.002969
676.444634	0.078803	0.115217	0.003062
677.048831	0.082312	0.115517	0.003105
677.634259	0.077424	0.116127	0.003002
678.272109	0.078804	0.116498	0.003045
678.886203	0.078423	0.116878	0.003371
679.545228	0.080546	0.117292	0.003189
680.157829	0.079502	0.117682	0.003132
680.718078	0.076642	0.118148	0.003105
681.343863	0.078523	0.118708	0.003165
681.973961	0.074328	0.119103	0.003314
682.541520	0.081079	0.119367	0.003162
683.189755	0.078701	0.119841	0.003683
683.786948	0.078789	0.120677	0.003076
684.403202	0.080220	0.121051	0.003201
685.041672	0.079391	0.121633	0.003114
685.644297	0.080943	0.121990	0.003219
686.212797	0.078289	0.122467	0.003118
686.765536	0.078625	0.122802	0.003466
687.387713	0.077514	0.123490	0.002958
687.988988	0.080071	0.123899	0.003287
688.600418	0.079810	0.124359	0.003452
689.222356	0.080256	0.124971	0.003116
689.780038	0.078225	0.125346	0.003143
690.404792	0.078885	0.125994	0.003145
690.990278	0.080353	0.126425	0.003242
691.582928	0.078867	0.126966	0.003607
692.195993	0.079077	0.127832	0.003165
692.777886	0.083994	0.128021	0.003338
693.361892	0.079852	0.128467	0.003625
694.003596	0.080046	0.128971	0.003366
694.620912	0.078775	0.129700	0.003271
695.219743	0.080727	0.130136	0.003471
695.774529	0.077943	0.130475	0.003021
696.421924	0.078348	0.131011	0.003174
697.012193	0.078568	0.131624	0.003298
697.621120	0.078193	0.132174	0.003329
698.194399	0.076472	0.132743	0.003024
698.803266	0.078429	0.133152	0.002988
699.414040	0.078736	0.133735	0.003196
700.065803	0.080009	0.134019	0.003240
700.662962	0.079952	0.134964	0.003145
701.245576	0.077765	0.135593	0.003037
701.875197	0.080226	0.136146	0.003236
702.519158	0.079320	0.136492	0.003219
703.092881	0.079151	0.137086	0.003298
703.667927	0.075629	0.137820	0.003104
704.270798	0.078662	0.138165	0.003894
704.890481	0.079010	0.138975	0.003142
705.465115	0.080624	0.139344	0.003549
706.089414	0.078880	0.139788	0.004296
706.661222	0.079099	0.140313	0.003757
707.295983	0.078320	0.141052	0.003235
707.879808	0.077931	0.141746	0.003408
708.472557	0.078798	0.142497	0.003115
709.057419	0.078957	0.143003	0.003423
709.618181	0.078495	0.143338	0.003451
710.219824	0.077509	0.144187	0.003434
710.850070	0.078892	0.144799	0.003376
711.459653	0.078348	0.145513	0.003177
712.031922	0.079134	0.146081	0.003637
712.638672	0.082410	0.146388	0.003392
713.272860	0.078553	0.147022	0.003766
713.845059	0.079400	0.147784	0.003197
714.476958	0.084344	0.148359	0.003749
715.068207	0.079752	0.149177	0.004117
715.676139	0.080117	0.149842	0.003522
716.320862	0.079350	0.150281	0.003699
716.957745	0.079127	0.150856	0.003602
717.532576	0.078116	0.151453	0.004213
718.127797	0.079641	0.152434	0.003399
718.696086	0.076983	0.152793	0.003998
719.322328	0.078945	0.153610	0.003493
719.926871	0.078409	0.154301	0.003743
720.508821	0.078223	0.154787	0.003863
721.133297	0.077547	0.155352	0.003532
721.769708	0.078327	0.155882	0.003599
722.347072	0.077528	0.156689	0.003419
722.977231	0.078688	0.157491	0.003658
723.553199	0.079906	0.158164	0.003328
724.159061	0.078607	0.158848	0.003324
724.769720	0.078668	0.159172	0.003938
725.337940	0.078902	0.160125	0.003467
725.921886	0.079950	0.160623	0.004144
726.542998	0.077675	0.161253	0.003780
727.153448	0.079999	0.161917	0.003750
727.824793	0.078505	0.162760	0.003587
728.426401	0.078121	0.163399	0.004026
729.006952	0.078421	0.164322	0.003585
729.625101	0.077769	0.164700	0.004104
730.209868	0.079632	0.165356	0.003244
730.817843	0.080047	0.166326	0.003390
731.433947	0.080215	0.166618	0.003873
732.008319	0.078767	0.167083	0.004929
732.606132	0.075892	0.167880	0.004001
733.237580	0.080960	0.168454	0.004775
733.846009	0.077950	0.169387	0.003239
734.411978	0.078410	0.170130	0.003375
735.001363	0.078465	0.170585	0.004048
735.631702	0.077682	0.171276	0.003614
736.234999	0.078688	0.172140	0.003658
736.806996	0.078538	0.172664	0.003564
737.384840	0.078764	0.173060	0.003835
738.029380	0.079689	0.173706	0.003980
738.665198	0.079886	0.174536	0.003297
739.242500	0.079104	0.174909	0.003677
739.895955	0.079246	0.175827	0.004626
740.479879	0.078854	0.176665	0.003721
741.101994	0.078944	0.177401	0.004870
741.748343	0.079159	0.178160	0.003189
742.349589	0.078447	0.178650	0.003638
742.927083	0.077394	0.179279	0.004057
743.515867	0.078222	0.179561	0.005399
744.144157	0.079090	0.180662	0.004024
744.719864	0.079088	0.181223	0.003810
745.368282	0.080137	0.182155	0.003502
745.943437	0.078453	0.182710	0.004277
746.557815	0.077365	0.183185	0.003739
747.199771	0.078048	0.183991	0.004171
747.805162	0.077708	0.184703	0.004464
748.416599	0.079683	0.185148	0.004088
748.995211	0.079035	0.185732	0.004771
749.605824	0.079840	0.186380	0.004844
750.217483	0.079369	0.187179	0.003957
750.803345	0.079523	0.187727	0.003597
751.432698	0.078391	0.188395	0.003804
752.014548	0.078795	0.189004	0.003715
752.629196	0.078648	0.189780	0.004143
753.247684	0.078501	0.190276	0.005146
753.833706	0.079900	0.190894	0.003657
754.394640	0.080325	0.191565	0.003808
755.017841	0.078769	0.192531	0.003635
755.640214	0.078629	0.192907	0.003928
756.274990	0.076590	0.193620	0.005361
756.851749	0.077311	0.194220	0.003826
757.407825	0.078464	0.194641	0.004229
758.029371	0.078468	0.195105	0.005173
758.667150	0.078729	0.195824	0.004019
759.254894	0.078522	0.196306	0.004247
759.893960	0.079480	0.196790	0.004190
760.469631	0.078071	0.197425	0.004512
761.063158	0.079339	0.197744	0.005671
761.677528	0.078021	0.198950	0.004254
762.297803	0.077758	0.199424	0.004670
762.892445	0.079065	0.200120	0.004460
763.470997	0.080112	0.200701	0.004207
764.118376	0.079753	0.201382	0.004109
764.686625	0.078730	0.201864	0.004526
765.308294	0.079360	0.202539	0.003887
765.878928	0.078491	0.203066	0.004023
766.529146	0.079676	0.203394	0.004546
767.135433	0.079750	0.204324	0.004016
767.777321	0.078108	0.204905	0.003897
768.380925	0.077632	0.205472	0.004647
768.965414	0.077321	0.205765	0.005661
769.590880	0.077737	0.206256	0.004662
770.230897	0.078200	0.206862	0.004678
770.823635	0.079346	0.207410	0.004719
771.450897	0.079091	0.207854	0.004111
772.032983	0.078776	0.208874	0.004387
772.624501	0.079644	0.209396	0.004707
773.247867	0.079030	0.209444	0.005005
773.847103	0.076819	0.210149	0.004544
774.455863	0.077320	0.211011	0.004854
775.018780	0.079618	0.211780	0.004369
775.608108	0.078501	0.212269	0.004289
776.220950	0.079060	0.212718	0.004331
776.842732	0.079027	0.213054	0.004913
777.504315	0.078987	0.213660	0.004829
778.088268	0.078986	0.214279	0.005093
778.709251	0.078864	0.214751	0.003939
779.303991	0.079391	0.214851	0.004722
779.931048	0.079137	0.215282	0.005140
780.494895	0.078637	0.215716	0.004646
781.056818	0.079255	0.215962	0.004800
781.656158	0.079834	0.216802	0.004145
782.273627	0.078196	0.216883	0.004770
782.890883	0.079035	0.217142	0.004223
783.553727	0.078571	0.217727	0.004494
784.147352	0.078115	0.218201	0.004332
784.766803	0.077484	0.218612	0.004368
785.396632	0.078471	0.218839	0.003887
786.005951	0.077735	0.219198	0.004717
786.585983	0.076991	0.219466	0.003865
787.159012	0.078536	0.220007	0.004804
787.760229	0.079230	0.219889	0.005673
788.372643	0.079193	0.220390	0.004072
788.970262	0.078826	0.220737	0.005193
789.619265	0.079442	0.221183	0.005193
790.215949	0.078265	0.221694	0.003740
790.857173	0.078402	0.221802	0.004317
791.503277	0.078520	0.222012	0.005966
792.089809	0.080387	0.222763	0.003732
792.720609	0.077825	0.222720	0.004941
793.334478	0.080218	0.223177	0.004466
793.918513	0.077620	0.223287	0.006376
794.544018	0.078196	0.224406	0.003796
795.124970	0.079510	0.224067	0.005352
795.727814	0.079713	0.223888	0.006684
796.362803	0.078290	0.224804	0.004866
796.996213	0.079358	0.224977	0.004618
797.576576	0.078533	0.225224	0.004583
798.110333	0.079149	0.225357	0.005037
798.719249	0.079061	0.225470	0.004447
799.374745	0.078109	0.225027	0.006522
799.967059	0.077852	0.225720	0.005413
