800.437752	0.079382	0.078775	0.002861
801.117084	0.079003	0.078697	0.002757
801.705900	0.078826	0.078490	0.002745
802.311909	0.079750	0.078335	0.002959
802.873998	0.079824	0.078249	0.002734
803.472187	0.079224	0.078084	0.002748
804.049396	0.078931	0.077876	0.002911
804.615643	0.079065	0.077706	0.002779
805.180560	0.078530	0.077596	0.002811
805.765600	0.078633	0.077586	0.002708
806.336652	0.079443	0.077417	0.002842
806.920379	0.078559	0.077169	0.002770
807.501654	0.079354	0.077072	0.002847
808.114799	0.078540	0.076804	0.002952
808.666432	0.078361	0.076691	0.002859
809.275748	0.077624	0.076568	0.002925
809.939222	0.077119	0.076305	0.002820
810.522607	0.078985	0.076209	0.002697
811.114745	0.077898	0.076121	0.002731
811.704396	0.078504	0.075929	0.002833
812.288057	0.079444	0.075760	0.002821
812.922335	0.077877	0.075659	0.002772
813.562271	0.080834	0.075478	0.002846
814.155633	0.078651	0.075416	0.002747
814.744428	0.078491	0.075312	0.002759
815.395788	0.078973	0.075114	0.002824
815.994226	0.077608	0.075074	0.002809
816.544621	0.078751	0.074888	0.002689
817.104098	0.078517	0.074763	0.002807
817.671364	0.077910	0.074622	0.002688
818.242753	0.077055	0.074490	0.002757
818.891657	0.080030	0.074347	0.002711
819.518810	0.078451	0.074288	0.002704
820.149787	0.077883	0.074271	0.002809
820.783385	0.078884	0.074153	0.002811
821.340321	0.078560	0.074143	0.002919
821.876271	0.078449	0.074013	0.002880
822.479257	0.077989	0.073851	0.002754
823.132806	0.079521	0.073857	0.002894
823.679349	0.077993	0.073733	0.002797
824.252970	0.079249	0.073655	0.002738
824.865410	0.078582	0.073476	0.002836
825.508155	0.078014	0.073391	0.002861
826.073959	0.078329	0.073360	0.002789
826.692718	0.080487	0.073190	0.002719
827.337003	0.078792	0.073146	0.002902
827.907262	0.079211	0.073047	0.002696
828.508661	0.078444	0.072870	0.002946
829.133256	0.075777	0.072848	0.002661
829.726454	0.078025	0.072729	0.002734
830.334232	0.078842	0.072652	0.002804
830.947424	0.076558	0.072635	0.002720
831.533600	0.077955	0.072466	0.002802
832.142965	0.079291	0.072488	0.002766
832.736829	0.079379	0.072320	0.002709
833.296969	0.078459	0.072243	0.002926
833.921766	0.081356	0.072139	0.003052
834.548830	0.079077	0.072170	0.002819
835.177709	0.079882	0.072204	0.002747
835.756537	0.077859	0.072057	0.002820
836.394130	0.077822	0.072005	0.002897
837.009929	0.079755	0.071840	0.002747
837.601632	0.078741	0.071807	0.002861
838.149920	0.079306	0.071721	0.002716
838.752407	0.079154	0.071813	0.002781
839.332495	0.078211	0.071613	0.002858
839.884727	0.077296	0.071558	0.002822
840.471022	0.079514	0.071465	0.002735
841.068290	0.078281	0.071413	0.002930
841.704422	0.079322	0.071324	0.002812
842.284465	0.079110	0.071243	0.002753
842.832433	0.080108	0.071293	0.002929
843.379053	0.079110	0.071207	0.002795
843.912260	0.078913	0.071156	0.002772
844.475908	0.079323	0.071061	0.002796
845.077488	0.079534	0.071218	0.002725
845.700068	0.079211	0.071097	0.002851
846.293729	0.079263	0.071109	0.002881
846.859826	0.079577	0.071031	0.002738
847.414137	0.079078	0.070909	0.002861
848.013296	0.078185	0.070860	0.002826
848.647444	0.078187	0.070844	0.002913
849.265656	0.077868	0.070788	0.002901
849.837563	0.079060	0.070794	0.002737
850.459915	0.078491	0.070684	0.002714
851.047262	0.079965	0.070735	0.002884
851.603544	0.078822	0.070686	0.002951
852.177709	0.079685	0.070650	0.002921
852.830175	0.078423	0.070609	0.002894
853.429677	0.078155	0.070619	0.002691
854.047734	0.078394	0.070550	0.002802
854.685526	0.079316	0.070523	0.002837
855.245436	0.078236	0.070555	0.002755
855.837890	0.078210	0.070539	0.002706
856.475080	0.078630	0.070404	0.002812
857.105050	0.078484	0.070457	0.002859
857.689382	0.080256	0.070405	0.002718
858.313147	0.079539	0.070370	0.002701
858.920574	0.078260	0.070444	0.002773
859.525637	0.078516	0.070358	0.002796
860.164659	0.078259	0.070366	0.002736
860.717927	0.078346	0.070266	0.002826
861.318020	0.078826	0.070435	0.002845
861.941843	0.078440	0.070387	0.002784
862.551756	0.079283	0.070320	0.002860
863.138460	0.078297	0.070337	0.002806
863.757123	0.077161	0.070317	0.002665
864.386184	0.079379	0.070260	0.002887
865.004148	0.080084	0.070239	0.003005
865.586203	0.073668	0.070257	0.002738
866.182896	0.078108	0.070237	0.002823
866.800380	0.077999	0.070291	0.002748
867.468547	0.078556	0.070195	0.002773
868.067026	0.079174	0.070262	0.002837
868.663381	0.081358	0.070222	0.002822
869.294444	0.078632	0.070221	0.002762
869.912230	0.080103	0.070275	0.002879
870.510167	0.079423	0.070239	0.002861
871.071455	0.078106	0.070296	0.002920
871.710839	0.077797	0.070222	0.002771
872.329673	0.078127	0.070246	0.002811
872.895886	0.078709	0.070194	0.002821
873.452166	0.078075	0.070309	0.002802
874.077013	0.079085	0.070402	0.002890
874.710847	0.078159	0.070385	0.002790
875.301167	0.078599	0.070351	0.002794
875.861348	0.078479	0.070354	0.002933
876.417128	0.072729	0.070430	0.002744
877.008501	0.078279	0.070342	0.002730
877.601124	0.078755	0.070535	0.002736
878.163579	0.079557	0.070534	0.002696
878.755713	0.078757	0.070412	0.002689
879.379069	0.077622	0.070562	0.002845
880.001839	0.078506	0.070576	0.002737
880.586567	0.078555	0.070535	0.002843
881.226789	0.077645	0.070532	0.002701
881.861544	0.078118	0.070606	0.002893
882.484575	0.077186	0.070735	0.002744
883.091238	0.075849	0.070742	0.002884
883.642171	0.077710	0.070813	0.002890
884.222770	0.078316	0.070811	0.002696
884.863068	0.078688	0.070894	0.002732
885.515766	0.079045	0.070931	0.002867
886.112531	0.076712	0.071037	0.002905
886.747084	0.080932	0.071007	0.002716
887.377028	0.076134	0.071060	0.002763
888.009057	0.077665	0.071142	0.002820
888.652794	0.078478	0.071138	0.002776
889.219888	0.079960	0.071202	0.002773
889.837219	0.079781	0.071177	0.002874
890.465913	0.078859	0.071292	0.002947
891.071924	0.078701	0.071368	0.002741
891.622102	0.079166	0.071409	0.002774
892.237718	0.077551	0.071452	0.002877
892.873346	0.077703	0.071497	0.002726
893.425128	0.076691	0.071559	0.002702
893.999807	0.076630	0.071533	0.002834
894.553263	0.076657	0.071628	0.002777
895.160924	0.078778	0.071755	0.002676
895.777035	0.077319	0.071765	0.002835
896.369174	0.078069	0.071831	0.002726
896.943953	0.077558	0.071841	0.002872
897.572892	0.078553	0.071970	0.002844
898.174424	0.080906	0.072005	0.002914
898.817433	0.078346	0.072125	0.002857
899.436392	0.077296	0.072227	0.002799
900.045604	0.079205	0.072255	0.002748
900.713199	0.079277	0.072440	0.002755
901.299582	0.079367	0.072471	0.003037
901.887081	0.079156	0.072567	0.002762
902.448804	0.078728	0.072749	0.002760
903.042400	0.078009	0.072748	0.002808
903.648956	0.079508	0.072725	0.002809
904.253926	0.079754	0.072780	0.002810
904.799321	0.077315	0.072896	0.002824
905.399779	0.078029	0.073040	0.002933
906.038130	0.076803	0.073194	0.002774
906.631815	0.078411	0.073146	0.002858
907.308731	0.080001	0.073291	0.002793
907.877065	0.076303	0.073446	0.002820
908.529544	0.077978	0.073477	0.002846
909.150826	0.079001	0.073590	0.002801
909.756154	0.080207	0.073595	0.002676
910.332551	0.077906	0.073728	0.002814
910.969133	0.078895	0.073787	0.002737
911.589863	0.080986	0.073884	0.002882
912.271167	0.078248	0.074055	0.002786
912.849876	0.075885	0.074232	0.002875
913.448897	0.079453	0.074202	0.002740
914.094670	0.079224	0.074302	0.002840
914.710725	0.076847	0.074429	0.002841
915.302054	0.077249	0.074659	0.002843
915.858179	0.077984	0.074722	0.002702
916.481008	0.079772	0.074825	0.002729
917.099450	0.079996	0.074918	0.002897
917.748134	0.080097	0.075043	0.002795
918.333150	0.080465	0.075303	0.002915
918.931564	0.076547	0.075268	0.002783
919.544987	0.068455	0.075453	0.002869
920.145503	0.080439	0.075631	0.002853
920.786047	0.078753	0.075730	0.003009
921.437632	0.078622	0.075921	0.002857
922.024705	0.077934	0.075971	0.002854
922.655481	0.078797	0.076079	0.002887
923.286469	0.078387	0.076349	0.002867
923.910793	0.079261	0.076479	0.002864
924.481313	0.078489	0.076540	0.002824
925.123372	0.077962	0.076702	0.002859
925.752847	0.079801	0.076930	0.002807
926.343780	0.076652	0.076942	0.002788
926.911349	0.078460	0.077148	0.002797
927.465277	0.080097	0.077319	0.002907
928.077617	0.078655	0.077382	0.002874
928.706907	0.080424	0.077489	0.002922
929.342762	0.078499	0.077700	0.002940
929.956147	0.079307	0.077934	0.002950
930.619750	0.080153	0.078098	0.002822
931.211463	0.077042	0.078209	0.002968
931.818019	0.079178	0.078324	0.002752
932.412061	0.079473	0.078501	0.002781
933.014203	0.078584	0.078706	0.002872
933.652555	0.077224	0.078866	0.003000
934.260754	0.079835	0.079021	0.002807
934.863032	0.078848	0.079310	0.002761
935.444841	0.077489	0.079336	0.002841
936.073631	0.078988	0.079559	0.002860
936.655444	0.078914	0.079733	0.002668
937.279287	0.079411	0.079912	0.002842
937.884241	0.081036	0.080120	0.002878
938.459497	0.078092	0.080183	0.002983
939.041892	0.079538	0.080495	0.002846
939.666894	0.079231	0.080645	0.002896
940.279003	0.079089	0.080914	0.002839
940.867315	0.078932	0.080931	0.002999
941.436733	0.077193	0.081244	0.002821
942.064531	0.079026	0.081426	0.002843
942.705294	0.078927	0.081828	0.002815
943.305038	0.079598	0.081871	0.002937
943.860542	0.078810	0.081995	0.002791
944.479675	0.080007	0.082247	0.002904
945.099031	0.078636	0.082460	0.002806
945.699410	0.076896	0.082591	0.002803
946.272850	0.076816	0.082838	0.002874
946.869345	0.078366	0.083110	0.002791
947.497970	0.079798	0.083319	0.003014
948.068382	0.078284	0.083404	0.002818
948.668460	0.075664	0.083770	0.002836
949.336119	0.076649	0.083936	0.002887
950.013753	0.075884	0.084141	0.002892
950.613914	0.075869	0.084218	0.002849
951.194195	0.076028	0.084595	0.002889
951.856199	0.078819	0.084944	0.002906
952.527140	0.078296	0.085185	0.002890
953.208157	0.078963	0.085198	0.002903
953.871320	0.078128	0.085431	0.002950
954.434987	0.076438	0.085824	0.002833
955.029254	0.077043	0.086056	0.002978
955.709218	0.076479	0.086345	0.002953
956.386285	0.078869	0.086527	0.003045
957.060851	0.076711	0.086869	0.002838
957.621622	0.078846	0.086969	0.003031
958.205998	0.078582	0.087351	0.003003
958.882172	0.077188	0.087503	0.003249
959.532858	0.080266	0.087771	0.002965
960.179558	0.078084	0.088093	0.002886
960.796269	0.079674	0.088395	0.002908
961.402222	0.079147	0.088610	0.002933
962.034336	0.076926	0.088802	0.003017
962.704799	0.069066	0.089309	0.002865
963.382626	0.078812	0.089524	0.003006
964.049264	0.077509	0.089835	0.002842
964.603523	0.080582	0.090158	0.002740
964.915324	0.074804	0.090166	0.002679
964.256367	0.077882	0.089823	0.002995
963.570623	0.078950	0.089736	0.002835
962.903094	0.078390	0.089327	0.002914
962.351900	0.080510	0.088906	0.002954
961.730851	0.076987	0.088664	0.002975
961.091935	0.078516	0.088308	0.003297
960.425261	0.077888	0.088259	0.002901
959.760231	0.077593	0.087930	0.002940
959.153205	0.080167	0.087532	0.002853
958.603928	0.078358	0.087347	0.002947
957.986768	0.076049	0.087222	0.002733
957.335874	0.084333	0.086898	0.002972
956.667322	0.078440	0.086608	0.002837
956.004949	0.076711	0.086280	0.002908
955.446564	0.078638	0.086309	0.003169
954.771020	0.078810	0.085909	0.003079
954.099553	0.076905	0.085634	0.002998
953.410945	0.078314	0.085407	0.002990
952.739663	0.078072	0.085115	0.002853
952.166187	0.081309	0.084919	0.002938
951.585641	0.076649	0.084844	0.003009
950.904148	0.078482	0.084400	0.002865
950.232184	0.077372	0.084245	0.002793
949.664273	0.076991	0.084104	0.002889
949.049853	0.079022	0.083753	0.002781
948.503384	0.076934	0.083506	0.002901
947.887610	0.076433	0.083299	0.002916
947.273743	0.080906	0.083179	0.002853
946.612421	0.077488	0.082869	0.002830
946.050229	0.077782	0.082620	0.002973
945.448262	0.080466	0.082498	0.002895
944.802199	0.077787	0.082243	0.002913
944.183256	0.080035	0.082062	0.002896
943.558770	0.079647	0.081757	0.002823
942.970505	0.077473	0.081730	0.002876
942.325571	0.078078	0.081374	0.002877
941.733758	0.079560	0.081154	0.002837
941.108471	0.075020	0.081138	0.002801
940.534726	0.078023	0.080812	0.002882
939.913208	0.080524	0.080642	0.002932
939.269834	0.079861	0.080468	0.003207
938.650409	0.078485	0.080337	0.002863
938.020448	0.081959	0.080119	0.002952
937.457328	0.080318	0.079974	0.002952
936.882092	0.078552	0.079669	0.002807
936.294887	0.079796	0.079537	0.002918
935.700029	0.080094	0.079324	0.002865
935.057812	0.078823	0.079224	0.002740
934.500123	0.079715	0.078953	0.002837
933.868913	0.079752	0.078750	0.002746
933.224403	0.078308	0.078574	0.002835
932.598574	0.075528	0.078514	0.002877
932.000715	0.079404	0.078283	0.002777
931.440014	0.075836	0.078170	0.002845
930.811875	0.079368	0.077892	0.002715
930.212808	0.079073	0.077861	0.002745
929.580211	0.078296	0.077657	0.002669
928.939464	0.077838	0.077554	0.002820
928.366953	0.078883	0.077341	0.003098
927.709683	0.080690	0.077245	0.002770
927.095739	0.081527	0.077079	0.002890
926.502441	0.078037	0.076963	0.002904
925.926978	0.077355	0.076783	0.002769
925.296706	0.077204	0.076565	0.002886
924.698963	0.078525	0.076555	0.002824
924.067881	0.077179	0.076294	0.002992
923.451092	0.080957	0.076189	0.002825
922.859652	0.078508	0.076100	0.002936
922.204137	0.079364	0.075950	0.002936
921.612557	0.079434	0.075722	0.002839
921.005834	0.078744	0.075710	0.002825
920.390962	0.078198	0.075615	0.002908
919.814306	0.081095	0.075509	0.002783
919.244111	0.079899	0.075291	0.003002
918.655502	0.076828	0.075256	0.002862
918.047043	0.077740	0.075116	0.002954
917.454872	0.078411	0.075004	0.002832
916.823347	0.080700	0.074887	0.002933
916.210039	0.076125	0.074714	0.002752
915.622866	0.079343	0.074615	0.002902
914.990137	0.078265	0.074516	0.002856
914.434086	0.078119	0.074343	0.003108
913.808197	0.078497	0.074360	0.002893
913.221602	0.079310	0.074128	0.002783
912.591624	0.079504	0.074051	0.002829
912.022253	0.079124	0.073953	0.002883
911.394251	0.077236	0.073842	0.002989
910.762684	0.079958	0.073771	0.002789
910.186587	0.081197	0.073679	0.002963
909.567532	0.079479	0.073562	0.002949
908.981303	0.078316	0.073403	0.002771
908.379411	0.080245	0.073408	0.002835
907.737734	0.076718	0.073264	0.002924
907.127693	0.080321	0.073165	0.002854
906.542410	0.079577	0.073167	0.002745
905.895324	0.079739	0.073031	0.002796
905.257854	0.078646	0.072881	0.002852
904.689818	0.077108	0.072805	0.002790
904.060642	0.078152	0.072769	0.003004
903.473102	0.080515	0.072767	0.002855
902.861134	0.078010	0.072621	0.002678
902.199347	0.079717	0.072504	0.002812
901.597455	0.079432	0.072478	0.002728
901.013962	0.077543	0.072325	0.002835
900.390734	0.076900	0.072331	0.002822
899.777408	0.079522	0.072293	0.002893
899.116122	0.078068	0.072202	0.002824
898.494571	0.080359	0.072080	0.002853
897.944399	0.068278	0.072093	0.002707
897.344404	0.078411	0.071903	0.002837
896.704574	0.077652	0.071978	0.002807
896.113709	0.077224	0.071858	0.002962
895.559292	0.076151	0.071806	0.002774
894.945372	0.078695	0.071748	0.002951
894.314244	0.076282	0.071660	0.002943
893.729442	0.079925	0.071583	0.002837
893.113739	0.078497	0.071575	0.002833
892.534696	0.079412	0.071401	0.002762
891.922639	0.078186	0.071463	0.002821
891.315712	0.077925	0.071321	0.002817
890.704580	0.077596	0.071354	0.002689
890.129885	0.077607	0.071229	0.002911
889.534552	0.078435	0.071243	0.002771
888.958059	0.078386	0.071198	0.002801
888.317892	0.077592	0.071185	0.002708
887.686762	0.078340	0.071078	0.002850
887.103176	0.083901	0.071100	0.002744
886.486947	0.077763	0.070922	0.002796
885.883537	0.077920	0.070903	0.002898
885.283570	0.079870	0.071003	0.002855
884.694627	0.078928	0.070803	0.002826
884.143358	0.079312	0.070811	0.002696
883.538510	0.078886	0.070791	0.002750
882.911972	0.078897	0.070865	0.002894
882.327543	0.080713	0.070641	0.002820
881.766796	0.079349	0.070655	0.002807
881.131226	0.076760	0.070657	0.002910
880.514300	0.078651	0.070697	0.002799
879.880929	0.076675	0.070704	0.002927
879.300970	0.078783	0.070583	0.002791
878.684401	0.078974	0.070552	0.002854
878.097826	0.077861	0.070479	0.002757
877.462460	0.080108	0.070572	0.002967
876.851450	0.079387	0.070464	0.002845
876.290774	0.076515	0.070467	0.002817
875.664636	0.077431	0.070472	0.002787
875.054638	0.077589	0.070430	0.002797
874.464098	0.078243	0.070406	0.002765
873.894163	0.078515	0.070382	0.002715
873.262312	0.080859	0.070437	0.002664
872.659332	0.077758	0.070423	0.002791
872.089999	0.079362	0.070413	0.002768
871.482544	0.079577	0.070395	0.002800
870.923150	0.079331	0.070371	0.002771
870.335168	0.077886	0.070434	0.002791
869.691828	0.078090	0.070418	0.002793
869.041617	0.077634	0.070346	0.002747
868.472257	0.079158	0.070267	0.002656
867.846017	0.077048	0.070295	0.002868
867.178860	0.078507	0.070317	0.002753
866.558871	0.078595	0.070318	0.002703
865.931321	0.078629	0.070365	0.002787
865.367243	0.078862	0.070294	0.002820
864.764553	0.076771	0.070372	0.002755
864.131848	0.078903	0.070390	0.002739
863.539921	0.079275	0.070315	0.002772
862.962930	0.078937	0.070314	0.002800
862.322713	0.079248	0.070276	0.002805
861.717529	0.078611	0.070423	0.002813
861.146027	0.078515	0.070340	0.002889
860.542852	0.079745	0.070438	0.002850
859.977396	0.078589	0.070406	0.002737
859.386765	0.078082	0.070395	0.002761
858.760344	0.078508	0.070363	0.002868
858.153270	0.078074	0.070498	0.002819
857.561792	0.079581	0.070464	0.002787
856.925285	0.078994	0.070562	0.002842
856.318446	0.079147	0.070531	0.002812
855.692403	0.078922	0.070670	0.002932
855.046205	0.078386	0.070555	0.002746
854.481348	0.079799	0.070634	0.002763
853.816510	0.077601	0.070620	0.002684
853.212012	0.078096	0.070731	0.002863
852.591981	0.079145	0.070747	0.002702
852.012117	0.078913	0.070799	0.002844
851.390709	0.077601	0.070804	0.002786
850.738583	0.075554	0.070853	0.002850
850.136153	0.078691	0.070831	0.002851
849.526151	0.078592	0.070894	0.002820
848.945530	0.079330	0.070875	0.002859
848.341548	0.078643	0.071043	0.002840
847.735720	0.078417	0.071043	0.002752
847.142725	0.077739	0.071023	0.003005
846.501923	0.078181	0.071142	0.002849
845.930728	0.078739	0.071073	0.002776
845.324179	0.078030	0.071250	0.002756
844.680774	0.079696	0.071308	0.002678
844.067898	0.078811	0.071247	0.002942
843.475651	0.078762	0.071433	0.002653
842.846049	0.078828	0.071498	0.002865
842.200113	0.080708	0.071548	0.002880
841.628697	0.079643	0.071580	0.002705
841.005866	0.077933	0.071671	0.002759
840.439437	0.078266	0.071684	0.002863
839.814570	0.079168	0.071708	0.002738
839.217404	0.078548	0.071690	0.002832
838.587411	0.079678	0.071804	0.002853
838.012799	0.079684	0.071890	0.002813
837.365771	0.079167	0.071919	0.002815
836.750885	0.078297	0.072021	0.002874
836.160853	0.079659	0.072079	0.002880
835.540671	0.079492	0.072130	0.002866
834.968459	0.078987	0.072225	0.002892
834.366577	0.078860	0.072211	0.002832
833.761732	0.078193	0.072418	0.002673
833.117090	0.078490	0.072509	0.002952
832.548278	0.078998	0.072537	0.002774
831.932455	0.079073	0.072581	0.002796
831.345948	0.079124	0.072646	0.002738
830.707095	0.078981	0.072819	0.002768
830.092215	0.079620	0.072921	0.002876
829.531537	0.080128	0.072997	0.002777
828.914671	0.077268	0.073046	0.002847
828.262173	0.079556	0.073135	0.002814
827.681351	0.079406	0.073320	0.002901
827.049756	0.079757	0.073332	0.002768
826.473536	0.078001	0.073404	0.002749
825.864696	0.079677	0.073540	0.002762
825.229853	0.079568	0.073627	0.002860
824.591442	0.078565	0.073768	0.002772
824.005014	0.078766	0.073892	0.002837
823.360632	0.079097	0.073917	0.002804
822.737523	0.078668	0.074043	0.002782
822.141571	0.079217	0.074044	0.002865
821.539074	0.078913	0.074207	0.002837
820.952148	0.078722	0.074314	0.002842
820.341434	0.080686	0.074359	0.002900
819.723340	0.079253	0.074530	0.002934
819.100125	0.079354	0.074645	0.002887
818.531192	0.079286	0.074787	0.002811
817.875650	0.078608	0.074939	0.002793
817.262919	0.077650	0.074917	0.002794
816.656472	0.077728	0.075022	0.002699
816.004496	0.077521	0.075187	0.002772
815.430040	0.079482	0.075268	0.002773
814.820834	0.078951	0.075280	0.002809
814.164678	0.078319	0.075497	0.002945
813.558501	0.080164	0.075665	0.002886
812.928712	0.078427	0.075875	0.002874
812.358191	0.078710	0.075968	0.002853
811.758164	0.078786	0.076083	0.002861
811.166088	0.078113	0.076241	0.002662
810.575786	0.079031	0.076399	0.002796
809.919080	0.078082	0.076531	0.002753
809.344156	0.078625	0.076692	0.002804
808.708258	0.078037	0.076765	0.002872
808.111641	0.078703	0.076993	0.002749
807.466057	0.079216	0.077113	0.002902
806.853424	0.078538	0.077239	0.002982
806.286376	0.079357	0.077418	0.002743
805.677073	0.079085	0.077494	0.002781
805.062972	0.078417	0.077679	0.002879
804.446521	0.078481	0.077941	0.002808
803.880916	0.079719	0.077971	0.002761
803.245022	0.078476	0.078135	0.002935
802.664461	0.079912	0.078297	0.002896
802.077508	0.079957	0.078437	0.002770
801.456977	0.079576	0.078624	0.002902
800.872894	0.087153	0.078832	0.002976
800.250812	0.079248	0.078953	0.002692
799.653802	0.079298	0.079163	0.002888
799.008832	0.078361	0.079294	0.002810
798.399978	0.078438	0.079322	0.002758
797.825473	0.078335	0.079624	0.002759
797.197458	0.079307	0.079651	0.002898
796.567565	0.079069	0.079879	0.002787
795.978868	0.078491	0.080141	0.002972
795.418633	0.077717	0.080324	0.002821
794.783801	0.079139	0.080474	0.002819
794.183406	0.078873	0.080588	0.002801
793.583307	0.077996	0.080764	0.002765
792.913665	0.078579	0.080993	0.002831
792.345665	0.078522	0.081130	0.002841
791.697100	0.079484	0.081416	0.002879
791.069249	0.079195	0.081535	0.002873
790.462494	0.079460	0.081708	0.002872
789.918347	0.079207	0.081874	0.002899
789.299939	0.077635	0.082044	0.002800
788.675662	0.077307	0.082138	0.002923
788.081041	0.078626	0.082411	0.002892
787.494394	0.077822	0.082680	0.002856
786.840362	0.078165	0.082848	0.002894
786.229440	0.078235	0.083099	0.002763
785.612826	0.079289	0.083358	0.002750
784.988556	0.078705	0.083565	0.002743
784.416812	0.079383	0.083716	0.002854
783.830960	0.080272	0.083723	0.002886
783.260230	0.076762	0.083982	0.002880
782.654451	0.078935	0.084264	0.002802
782.074048	0.078476	0.084421	0.002900
781.506970	0.078875	0.084671	0.003026
780.926046	0.079706	0.084985	0.002867
780.323606	0.079157	0.085092	0.002808
779.702597	0.078625	0.085409	0.002896
779.125828	0.078409	0.085628	0.002832
778.502658	0.078602	0.085770	0.002841
777.899057	0.077511	0.086132	0.002871
777.286612	0.078999	0.086265	0.002831
776.702990	0.079664	0.086578	0.002930
776.079238	0.079714	0.086822	0.002922
775.450577	0.079124	0.087049	0.002762
774.894341	0.079949	0.087331	0.002949
774.264272	0.079847	0.087436	0.002911
773.676291	0.079190	0.087820	0.002846
773.067593	0.078852	0.088167	0.003083
772.422638	0.079457	0.088464	0.002811
771.801513	0.080242	0.088767	0.002933
771.204282	0.078752	0.089284	0.002920
770.545647	0.078535	0.089490	0.002889
769.938064	0.079319	0.089853	0.002882
769.358154	0.078703	0.090092	0.002866
768.736621	0.079203	0.090330	0.002881
768.177162	0.078680	0.090592	0.002639
767.564111	0.078416	0.090797	0.002992
766.934337	0.079463	0.091048	0.002905
766.326933	0.079727	0.091505	0.002869
765.761969	0.079148	0.091712	0.002860
765.154337	0.080734	0.091886	0.002907
764.518780	0.078705	0.092126	0.002742
763.909741	0.079301	0.092331	0.002839
763.315381	0.079660	0.092777	0.003011
762.761506	0.078467	0.092994	0.002935
762.176326	0.079105	0.093193	0.002838
761.578714	0.079255	0.093440	0.002926
760.975191	0.079254	0.093601	0.003055
760.351720	0.077723	0.093895	0.002918
759.698187	0.080726	0.094138	0.002778
759.111435	0.078486	0.094294	0.002778
758.482042	0.079071	0.094637	0.003126
757.847946	0.077589	0.094883	0.002868
757.281601	0.078726	0.095110	0.002794
756.638976	0.079174	0.095427	0.003057
756.011932	0.078396	0.095695	0.002992
755.413002	0.077395	0.096070	0.002828
754.818668	0.078441	0.096342	0.002981
754.208916	0.075944	0.096620	0.002955
753.603338	0.076293	0.096866	0.003087
752.958093	0.077897	0.097359	0.002882
752.331725	0.078529	0.097747	0.002839
751.767627	0.079554	0.098044	0.002818
751.154264	0.078445	0.098255	0.003109
750.533736	0.079617	0.098691	0.003018
749.955290	0.078613	0.098813	0.003182
749.361069	0.078376	0.099375	0.002855
748.735876	0.078967	0.099694	0.002957
748.145641	0.077683	0.100088	0.003077
747.542342	0.078212	0.100597	0.002997
746.961153	0.078151	0.100928	0.002856
746.339460	0.078520	0.101316	0.003013
745.703299	0.079851	0.101682	0.002965
745.050731	0.078368	0.102266	0.002959
744.470863	0.076577	0.102587	0.003013
743.868565	0.078368	0.102923	0.002823
743.221073	0.078423	0.103415	0.002999
742.611537	0.079984	0.103820	0.002939
741.979698	0.078847	0.104215	0.002920
741.355489	0.077391	0.104742	0.002929
740.765815	0.078846	0.105207	0.003128
740.115389	0.076076	0.105660	0.002856
739.495687	0.078705	0.105960	0.002974
738.897252	0.079444	0.106543	0.002952
738.321596	0.079778	0.106828	0.002940
737.687273	0.078336	0.107381	0.003003
737.095408	0.079774	0.107801	0.003010
736.477228	0.077651	0.108265	0.003154
735.881976	0.078837	0.108719	0.002936
735.302202	0.078614	0.109157	0.003171
734.701692	0.077780	0.109692	0.003018
734.050726	0.077855	0.110090	0.003324
733.425587	0.079825	0.110576	0.003422
732.852802	0.078044	0.111189	0.003325
732.223336	0.080121	0.111623	0.003132
731.590676	0.077621	0.112192	0.003284
731.031081	0.077722	0.112792	0.003270
730.409807	0.077969	0.113289	0.002911
729.828345	0.078622	0.113808	0.003127
729.212437	0.078759	0.114129	0.003203
728.563404	0.079106	0.114568	0.003312
727.935855	0.078767	0.115040	0.003097
727.344047	0.079025	0.115614	0.002867
726.732724	0.077855	0.116138	0.003070
726.127466	0.079010	0.116871	0.002893
725.505273	0.077379	0.117400	0.003127
724.867420	0.076818	0.117787	0.003064
724.272667	0.079070	0.118392	0.003135
723.601746	0.079738	0.119120	0.003161
722.981101	0.078715	0.119782	0.002950
722.381005	0.078442	0.120247	0.003412
721.776527	0.079648	0.120888	0.003263
721.214362	0.077566	0.121362	0.003225
720.613906	0.080361	0.121852	0.003098
719.988267	0.078991	0.122126	0.003044
719.353722	0.078629	0.122863	0.003206
718.780867	0.077392	0.123322	0.003101
718.156292	0.078424	0.124028	0.003408
717.505481	0.077562	0.124760	0.003545
716.930881	0.081092	0.125550	0.003224
716.327647	0.079424	0.126211	0.003319
715.752973	0.080866	0.126424	0.003418
715.129637	0.079657	0.127075	0.002976
714.525762	0.079128	0.127876	0.003340
713.893249	0.081099	0.128661	0.003212
713.300059	0.079102	0.129172	0.003078
712.696677	0.081247	0.129814	0.003377
712.083794	0.080073	0.130295	0.003332
711.449623	0.079928	0.130997	0.003135
710.846243	0.077337	0.131719	0.003198
710.260329	0.079253	0.132122	0.003249
709.637261	0.077948	0.132905	0.003070
709.015470	0.078768	0.133692	0.003041
708.381076	0.079315	0.134419	0.003332
707.785879	0.080199	0.135076	0.003672
707.205652	0.079520	0.135909	0.003587
706.623470	0.078013	0.136818	0.003122
705.996445	0.078201	0.137659	0.003955
705.388220	0.080118	0.138176	0.004501
704.852710	0.079787	0.139051	0.003387
704.128057	0.078857	0.140108	0.004313
703.551718	0.077785	0.141096	0.003735
702.914702	0.078324	0.141827	0.003689
702.332955	0.076573	0.142957	0.003179
701.755854	0.079513	0.143612	0.003169
701.130841	0.078825	0.144491	0.003467
700.493417	0.079545	0.145365	0.003486
699.870693	0.079692	0.146011	0.003347
699.291126	0.081262	0.146579	0.004377
698.714684	0.079006	0.147258	0.003408
698.118167	0.078897	0.148158	0.003320
697.531968	0.076983	0.149010	0.003624
696.938998	0.078512	0.149701	0.003789
696.364845	0.078167	0.150819	0.003217
695.733088	0.080947	0.151547	0.003629
695.138607	0.077388	0.151941	0.004476
694.544782	0.080603	0.153090	0.003339
693.951798	0.078278	0.153791	0.003403
693.388677	0.078795	0.154660	0.003418
692.773298	0.080702	0.155548	0.003230
692.200189	0.076893	0.156280	0.003785
691.599839	0.080759	0.157571	0.003477
690.999431	0.076005	0.158456	0.004177
690.426785	0.076203	0.159250	0.003300
689.812161	0.078671	0.159579	0.004515
689.199655	0.079366	0.160801	0.003630
688.547018	0.078349	0.161511	0.003705
687.931818	0.079718	0.162704	0.003493
687.368973	0.077874	0.163333	0.004492
686.716367	0.077850	0.164788	0.003886
686.105746	0.076744	0.165319	0.004241
685.462720	0.076909	0.166696	0.003665
684.828098	0.079094	0.167317	0.004296
684.255261	0.078024	0.168193	0.003693
683.622872	0.078899	0.169237	0.004124
682.993460	0.078769	0.170362	0.003428
682.420211	0.080520	0.171189	0.003794
681.879647	0.079639	0.171814	0.004504
681.287660	0.076925	0.172705	0.004182
680.694445	0.076744	0.174080	0.003563
680.091748	0.081254	0.174744	0.003651
679.499771	0.078321	0.175625	0.004195
678.924309	0.079722	0.177129	0.003760
678.331021	0.081046	0.178185	0.003836
677.749986	0.078316	0.178781	0.004419
677.150580	0.077886	0.179944	0.004029
676.593544	0.078058	0.180752	0.003805
675.965598	0.080164	0.182013	0.004186
675.337399	0.078474	0.182465	0.006130
674.742490	0.077709	0.183917	0.004369
674.087088	0.079157	0.185153	0.003991
673.523868	0.076965	0.186139	0.004355
672.889171	0.080276	0.187054	0.004295
672.268679	0.078475	0.188317	0.003477
671.694405	0.080063	0.189478	0.003757
671.153839	0.078947	0.190436	0.003829
670.579503	0.078212	0.191148	0.004989
670.013453	0.079168	0.192828	0.003970
669.396406	0.077925	0.193739	0.004087
668.755251	0.080667	0.195610	0.004058
668.187893	0.079127	0.196056	0.004435
667.579229	0.079423	0.196955	0.005084
666.936130	0.078593	0.198371	0.003291
666.299382	0.081152	0.199693	0.004057
665.646516	0.077559	0.201107	0.003566
665.064201	0.074609	0.201985	0.004540
664.483915	0.076454	0.203225	0.004507
663.864853	0.080659	0.204004	0.005457
663.226388	0.079476	0.205511	0.004963
662.682830	0.079805	0.206441	0.005096
662.065375	0.078926	0.207947	0.003465
661.403626	0.079584	0.209141	0.004263
660.809924	0.079950	0.209918	0.006079
660.250320	0.079882	0.211150	0.005704
659.633586	0.077239	0.212450	0.004675
659.030557	0.078299	0.213962	0.004550
658.434172	0.078585	0.215208	0.004022
657.828648	0.077910	0.216486	0.004480
657.181702	0.079283	0.217913	0.004322
656.593949	0.078489	0.219207	0.003959
655.960919	0.079560	0.220596	0.004476
655.331496	0.078566	0.222079	0.003928
654.750736	0.076929	0.222862	0.004994
654.117772	0.076556	0.224192	0.005450
653.504389	0.075436	0.225696	0.004366
652.929152	0.077718	0.227063	0.003606
652.301309	0.075838	0.227888	0.006775
651.735062	0.079198	0.229913	0.004031
651.140388	0.078807	0.230959	0.004761
650.556597	0.079245	0.232674	0.004900
649.942564	0.076363	0.234058	0.004761
649.395168	0.078728	0.234801	0.005384
648.793394	0.076774	0.236180	0.004863
648.159588	0.079687	0.237430	0.005428
647.585406	0.079398	0.239002	0.003943
646.963481	0.077881	0.239610	0.007818
646.401163	0.077992	0.241315	0.004659
645.811042	0.081029	0.242682	0.004641
645.226344	0.076006	0.244217	0.005096
644.616021	0.077593	0.245968	0.004491
644.062895	0.079097	0.247193	0.004549
643.440454	0.077214	0.248802	0.005254
642.852538	0.078397	0.250577	0.004301
642.213284	0.079936	0.251975	0.004802
641.605256	0.079152	0.253081	0.004116
641.008222	0.077873	0.253961	0.006035
640.407997	0.080470	0.255251	0.006723
639.786638	0.077329	0.257360	0.004204
639.190605	0.078495	0.259034	0.005701
638.651825	0.080067	0.260311	0.003736
638.050711	0.080659	0.261955	0.003826
637.411025	0.081019	0.262318	0.006845
636.802557	0.079426	0.264696	0.004391
636.240402	0.082727	0.265712	0.005675
635.634084	0.079240	0.267262	0.004362
635.071372	0.061756	0.268824	0.004134
635.615714	0.077536	0.267540	0.005668
636.267561	0.079402	0.266063	0.003728
636.870160	0.080004	0.264318	0.004052
637.450601	0.080169	0.262220	0.004838
638.072216	0.077872	0.261182	0.004723
638.690935	0.082026	0.259606	0.006730
639.271985	0.077102	0.258763	0.004791
639.845827	0.076118	0.257141	0.004988
640.446335	0.076952	0.255744	0.004715
641.056618	0.079315	0.254722	0.005031
641.669606	0.079849	0.252928	0.005953
642.226871	0.080010	0.251922	0.004236
642.849206	0.079467	0.250388	0.005753
643.435537	0.082067	0.249084	0.004473
644.053257	0.079842	0.247514	0.004710
644.616144	0.076397	0.246364	0.004240
645.177961	0.077339	0.244282	0.005920
645.772955	0.079107	0.242896	0.005323
646.373005	0.078015	0.241919	0.003691
646.968887	0.080891	0.240465	0.005273
647.536481	0.078599	0.239304	0.005218
648.142316	0.077626	0.237497	0.005026
648.785281	0.078333	0.236147	0.005419
649.369169	0.080245	0.234971	0.004402
650.002437	0.078480	0.233804	0.004585
650.627860	0.080303	0.232203	0.004738
651.213314	0.077720	0.230765	0.005264
651.838611	0.080012	0.229213	0.005651
652.438033	0.079799	0.228442	0.004301
653.017169	0.077228	0.227033	0.004679
653.664670	0.078070	0.225641	0.004626
654.313193	0.080581	0.223789	0.006116
654.893116	0.077763	0.222646	0.004502
655.540427	0.083410	0.221150	0.003630
656.107953	0.076982	0.219854	0.003965
656.702075	0.077920	0.218506	0.004653
657.331594	0.079065	0.217039	0.004458
657.982614	0.078932	0.215806	0.003824
658.557422	0.080473	0.214344	0.005809
659.179552	0.079202	0.213471	0.004752
659.815096	0.079381	0.212034	0.005471
660.423609	0.072127	0.210826	0.004377
661.039454	0.082507	0.209404	0.004054
661.606249	0.079499	0.208298	0.004602
662.255541	0.077899	0.207094	0.003911
662.846398	0.077273	0.205858	0.004333
663.460450	0.080155	0.204846	0.005005
664.032021	0.077091	0.203858	0.003562
664.642785	0.075592	0.202785	0.003667
665.236409	0.079193	0.201360	0.003710
665.835877	0.079328	0.199760	0.003590
666.468830	0.077471	0.198938	0.003327
667.043216	0.076858	0.197874	0.003968
667.659269	0.077397	0.196576	0.004686
668.265771	0.078713	0.195676	0.003937
668.910421	0.078340	0.194303	0.003856
669.518743	0.078816	0.192972	0.004763
670.091490	0.077971	0.192044	0.003605
670.698685	0.081284	0.190709	0.003406
671.340327	0.078500	0.189812	0.004099
671.921711	0.079309	0.188917	0.003929
672.503907	0.081692	0.188050	0.003471
673.057072	0.077897	0.186766	0.003886
673.640544	0.077734	0.185624	0.004007
674.246425	0.078337	0.184770	0.003407
674.825168	0.077228	0.183533	0.003887
675.382648	0.080204	0.182231	0.005231
675.915158	0.077921	0.181526	0.004313
676.484468	0.077590	0.180447	0.004265
677.049936	0.079140	0.179475	0.003712
677.649977	0.080749	0.177878	0.004464
678.203516	0.079535	0.177149	0.003212
678.800752	0.078869	0.176495	0.003786
679.419741	0.077982	0.175579	0.003534
680.010991	0.081084	0.174892	0.003709
680.589400	0.079115	0.173737	0.004476
681.233625	0.078569	0.172882	0.003772
681.833810	0.078157	0.172007	0.004376
682.446741	0.077268	0.170938	0.003498
683.052302	0.078861	0.169822	0.003643
683.628792	0.079499	0.168923	0.004414
684.261935	0.077253	0.167980	0.004416
684.908889	0.077612	0.167222	0.003614
685.493366	0.078550	0.166213	0.003990
686.071380	0.078378	0.165143	0.003286
686.704359	0.079803	0.164366	0.003378
687.344255	0.076687	0.163264	0.003732
687.978729	0.080659	0.162409	0.003722
688.581141	0.077648	0.161593	0.003464
689.148423	0.080681	0.160758	0.003410
689.762329	0.080231	0.160026	0.003333
690.391160	0.077779	0.158498	0.005024
690.983156	0.078536	0.158012	0.003587
691.602960	0.078200	0.157108	0.003211
692.186926	0.080757	0.156193	0.003626
692.818855	0.080270	0.155320	0.003410
693.442850	0.080025	0.154412	0.003330
694.101611	0.077783	0.153673	0.003407
694.667759	0.080083	0.153028	0.003114
695.292633	0.079386	0.151756	0.003728
695.928143	0.079950	0.151008	0.003617
696.503908	0.080843	0.150254	0.003985
697.127272	0.079498	0.149421	0.003922
697.699384	0.077854	0.148536	0.003837
698.339252	0.077313	0.147903	0.003094
698.944835	0.075925	0.147061	0.003365
699.562478	0.077769	0.146357	0.003516
700.131675	0.078919	0.145449	0.003422
700.765861	0.078887	0.144734	0.003691
701.389394	0.077905	0.143970	0.003419
701.989985	0.079246	0.143269	0.003108
702.615174	0.077425	0.142478	0.003058
703.181142	0.077158	0.141979	0.003339
703.800619	0.078899	0.141180	0.003109
704.376439	0.078741	0.140569	0.003324
705.004505	0.078110	0.139750	0.003205
705.606541	0.080382	0.138915	0.003480
706.187108	0.080895	0.138324	0.003340
706.794823	0.079017	0.137575	0.003354
707.424798	0.078568	0.136965	0.003511
708.005545	0.079814	0.136151	0.003634
708.600609	0.078201	0.135599	0.003441
709.151758	0.079571	0.134924	0.003102
709.762523	0.076221	0.134023	0.003518
710.376889	0.076541	0.133338	0.003756
710.989154	0.075383	0.132814	0.003492
711.603033	0.078744	0.132308	0.003101
712.173014	0.079545	0.131644	0.003304
712.777973	0.080185	0.131021	0.003123
713.366897	0.078703	0.130435	0.003349
713.974611	0.077761	0.129897	0.003049
714.561693	0.080168	0.129316	0.003114
715.201265	0.077348	0.128603	0.003186
715.798814	0.079890	0.127973	0.003479
716.397114	0.078899	0.127474	0.003160
716.985853	0.079503	0.126885	0.003147
717.542153	0.079529	0.126169	0.003233
718.129828	0.078318	0.125597	0.003303
718.751185	0.078333	0.125182	0.003179
719.402169	0.078101	0.124470	0.003105
720.004238	0.077862	0.123933	0.003199
720.593557	0.078708	0.123258	0.003046
721.200042	0.077717	0.122725	0.003240
721.803106	0.077012	0.122165	0.003085
722.384964	0.080096	0.121589	0.002996
722.963990	0.078132	0.121014	0.003127
723.596295	0.079173	0.120443	0.003227
724.204104	0.077661	0.119911	0.003125
724.843574	0.078224	0.119414	0.003080
725.455329	0.078448	0.118920	0.002864
726.034663	0.077317	0.118325	0.003131
726.680414	0.079340	0.117601	0.003468
727.306079	0.079624	0.117194	0.003205
727.940158	0.078791	0.116723	0.003173
728.517304	0.080829	0.116281	0.002930
729.136744	0.078956	0.115621	0.003018
729.763458	0.077084	0.115110	0.003010
730.402433	0.077952	0.114586	0.002867
731.004105	0.077193	0.114011	0.003573
731.570557	0.079178	0.113517	0.003183
732.203270	0.079100	0.113269	0.003218
732.795571	0.078537	0.112901	0.002970
733.427319	0.079256	0.112212	0.002917
734.026989	0.080842	0.111778	0.002957
734.631410	0.078279	0.111240	0.003096
735.260060	0.079523	0.110571	0.003444
735.896757	0.079135	0.110139	0.003030
736.479300	0.077761	0.109882	0.003390
737.040859	0.078413	0.109386	0.003070
737.659455	0.078758	0.108949	0.003005
738.286994	0.079239	0.108469	0.003025
738.863629	0.079273	0.108096	0.003213
739.434969	0.079377	0.107935	0.002746
740.080878	0.076889	0.107352	0.002942
740.691876	0.077525	0.106877	0.003057
741.296718	0.079447	0.106463	0.003033
741.919836	0.078375	0.105989	0.003198
742.478014	0.078295	0.105645	0.003048
743.091152	0.079396	0.105213	0.003212
743.701427	0.076848	0.104841	0.003033
744.308734	0.079899	0.104436	0.002881
744.873606	0.078055	0.103970	0.003216
745.435932	0.078737	0.103656	0.002994
746.074348	0.078724	0.103272	0.002928
746.663036	0.077444	0.102899	0.002889
747.272041	0.078644	0.102454	0.002894
747.819547	0.078029	0.102030	0.002995
748.372611	0.079386	0.101657	0.002826
748.911178	0.078970	0.101306	0.003092
749.458472	0.076465	0.100980	0.002830
750.045526	0.077155	0.100706	0.002974
750.649820	0.078494	0.100306	0.003005
751.291315	0.076973	0.099887	0.002761
751.882176	0.078120	0.099559	0.003157
752.536090	0.078854	0.099194	0.002924
753.119805	0.078124	0.098816	0.002884
753.693693	0.077755	0.098384	0.002985
754.318093	0.077804	0.098027	0.003015
754.942754	0.079178	0.097704	0.002928
755.503178	0.077642	0.097380	0.002953
756.099221	0.079398	0.097042	0.002958
756.712675	0.078146	0.096758	0.002802
757.343138	0.079811	0.096347	0.003011
757.926736	0.078968	0.096132	0.002814
758.500599	0.079599	0.095896	0.002829
759.114982	0.077624	0.095371	0.002788
759.744481	0.079511	0.095116	0.002849
760.328348	0.078507	0.094852	0.002862
760.896870	0.077694	0.094512	0.002899
761.558926	0.078542	0.093907	0.003119
762.149374	0.078000	0.093858	0.002850
762.780161	0.079024	0.093552	0.002950
763.357353	0.078201	0.093254	0.002900
763.973304	0.079169	0.092967	0.003025
764.556929	0.079444	0.092654	0.002836
765.203536	0.078625	0.092281	0.003159
765.836821	0.079330	0.092044	0.002813
766.407049	0.078544	0.091764	0.002888
767.050115	0.078284	0.091456	0.003081
767.646038	0.078293	0.091193	0.002779
768.290710	0.079501	0.090817	0.002997
768.871954	0.079571	0.090638	0.003065
769.502789	0.079190	0.090380	0.002804
770.138880	0.079928	0.090126	0.002801
770.748046	0.079034	0.089769	0.002777
771.340863	0.078803	0.089620	0.002931
771.896266	0.078526	0.089352	0.002780
772.534531	0.078082	0.089099	0.002943
773.129203	0.077526	0.088780	0.002968
773.723831	0.078776	0.088510	0.002853
774.339144	0.079411	0.088331	0.002785
774.892199	0.079085	0.088026	0.002756
775.477054	0.077866	0.087855	0.002873
776.077251	0.079255	0.087477	0.002936
776.724262	0.078770	0.087251	0.002945
777.315005	0.078332	0.087144	0.002849
777.904552	0.077819	0.086796	0.002840
778.539651	0.077596	0.086528	0.002831
779.141110	0.076904	0.086429	0.002838
779.757231	0.079033	0.086186	0.002909
780.351738	0.078752	0.085837	0.002886
780.975698	0.079425	0.085722	0.002910
781.564860	0.079637	0.085327	0.002851
782.135554	0.079957	0.085261	0.002835
782.696886	0.078057	0.084920	0.002976
783.346122	0.078464	0.084738	0.002923
783.985592	0.077540	0.084540	0.002970
784.623724	0.078518	0.084266	0.002966
785.245627	0.078190	0.084086	0.002986
785.838208	0.079615	0.083859	0.002748
786.476274	0.079568	0.083640	0.002885
787.058443	0.079135	0.083292	0.002764
787.656215	0.078483	0.083217	0.002867
788.204967	0.078790	0.083031	0.002922
788.824433	0.079628	0.082774	0.002878
789.463098	0.078301	0.082541	0.002856
790.034615	0.077907	0.082450	0.002847
790.701102	0.079136	0.082240	0.002775
791.275296	0.078967	0.081999	0.002904
791.893366	0.078282	0.081859	0.002899
792.544581	0.079576	0.081538	0.002938
793.137234	0.079191	0.081329	0.002809
793.777153	0.079505	0.081182	0.002736
794.328247	0.079298	0.081023	0.002832
794.947634	0.077626	0.080842	0.002916
795.545386	0.077153	0.080745	0.002809
796.189731	0.077510	0.080698	0.002851
796.791817	0.076724	0.080362	0.002866
797.369401	0.078170	0.080180	0.002779
798.013480	0.079246	0.080019	0.002853
798.626097	0.079762	0.079722	0.002928
799.233239	0.078716	0.079620	0.002906
799.805242	0.078524	0.079523	0.002850
