800.447118	0.077865	0.321266	0.005046
801.102407	0.078422	0.320611	0.008923
801.681818	0.077900	0.321676	0.006607
802.304525	0.078688	0.321838	0.006049
802.920986	0.079613	0.322394	0.006591
803.506847	0.078428	0.321894	0.010089
804.070909	0.077774	0.323006	0.004977
804.631714	0.078167	0.322322	0.010537
805.179398	0.078053	0.323962	0.007117
805.758036	0.077472	0.324075	0.007217
806.332683	0.078517	0.324516	0.007590
806.924933	0.077580	0.324548	0.006628
807.498745	0.079706	0.324101	0.008438
808.102512	0.078439	0.325586	0.005796
808.680763	0.079288	0.326059	0.006975
809.244099	0.077473	0.326397	0.005982
809.864428	0.078179	0.326493	0.005213
810.475699	0.079568	0.327485	0.005726
811.037467	0.078383	0.327888	0.006004
811.647152	0.067290	0.328548	0.006164
812.251608	0.079049	0.329108	0.005145
812.834421	0.079313	0.328966	0.007034
813.411568	0.078469	0.329856	0.005066
814.034162	0.078960	0.329683	0.006965
814.649020	0.078601	0.330817	0.007972
815.234166	0.077319	0.331719	0.005701
815.813935	0.079728	0.331988	0.006854
816.352747	0.077996	0.332679	0.006025
816.908314	0.078344	0.332858	0.006517
817.470811	0.078965	0.333243	0.009371
818.095021	0.079800	0.333964	0.006457
818.699213	0.077834	0.334410	0.005760
819.264060	0.077942	0.334937	0.006301
819.921152	0.080270	0.335136	0.005415
820.574958	0.079467	0.335434	0.007062
821.166075	0.079987	0.336297	0.005730
821.793424	0.078729	0.336652	0.006334
822.371152	0.073631	0.337413	0.005283
822.960970	0.079842	0.337980	0.007320
823.530466	0.078132	0.338290	0.004671
824.109914	0.078321	0.338467	0.006452
824.692847	0.078816	0.338787	0.005872
825.311587	0.079408	0.339571	0.005652
825.945967	0.078854	0.340430	0.005274
826.578303	0.079499	0.340498	0.006995
827.155411	0.079079	0.341105	0.006471
827.783537	0.078103	0.341543	0.006499
828.362031	0.080057	0.342077	0.005989
828.952425	0.078278	0.341419	0.010576
829.536581	0.078764	0.342398	0.007310
830.146187	0.077975	0.342923	0.007012
830.746814	0.079961	0.343585	0.006906
831.335310	0.080180	0.344206	0.007253
831.926290	0.077848	0.344522	0.005895
832.566023	0.078817	0.344843	0.007157
833.189615	0.079089	0.345937	0.005930
833.777155	0.078290	0.346235	0.008645
834.325946	0.077888	0.347006	0.006589
834.928025	0.078401	0.347400	0.006985
835.539554	0.079093	0.347372	0.007355
836.146244	0.079477	0.347604	0.006424
836.747908	0.078625	0.347978	0.007352
837.357242	0.079614	0.348739	0.006446
837.954484	0.079860	0.348816	0.004738
838.565055	0.078035	0.349217	0.006059
839.132765	0.077518	0.349422	0.006085
839.738384	0.078326	0.349370	0.007479
840.365597	0.079101	0.350162	0.006241
840.940813	0.079239	0.350294	0.007530
841.512777	0.079044	0.350866	0.007798
842.156796	0.078107	0.351128	0.006548
842.763935	0.079136	0.352153	0.005550
843.421216	0.078375	0.352791	0.006901
844.045293	0.079149	0.353504	0.006816
844.652366	0.078683	0.353128	0.008852
845.289114	0.077917	0.353684	0.008158
845.866607	0.078538	0.354509	0.005304
846.473472	0.078048	0.355061	0.005532
847.038847	0.079793	0.355071	0.006416
847.671630	0.078810	0.356026	0.006935
848.264750	0.077789	0.355728	0.008427
848.888889	0.079334	0.355970	0.007519
849.456115	0.077911	0.355401	0.008839
850.072687	0.077122	0.355920	0.008335
850.689594	0.077892	0.356845	0.007288
851.325956	0.079100	0.357690	0.007602
851.892531	0.077798	0.358207	0.006750
852.494373	0.078440	0.358122	0.005492
853.139132	0.078665	0.358079	0.006150
853.764004	0.079697	0.358515	0.009154
854.369711	0.078734	0.358770	0.005931
854.906536	0.079170	0.359422	0.005777
855.513435	0.078835	0.360080	0.006397
856.134865	0.078190	0.360208	0.006366
856.709390	0.078380	0.359708	0.009008
857.274086	0.079849	0.360370	0.006379
857.888830	0.079105	0.361490	0.004259
858.530675	0.078535	0.361123	0.006458
859.099777	0.078314	0.361425	0.007508
859.664216	0.078479	0.361826	0.005703
860.286109	0.079389	0.362142	0.006975
860.914143	0.076391	0.362784	0.005735
861.490093	0.077265	0.362414	0.009067
862.033717	0.078693	0.363162	0.005926
862.666329	0.080507	0.362958	0.006931
863.315555	0.079218	0.362372	0.007328
863.882510	0.078648	0.362517	0.006809
864.464080	0.078739	0.362702	0.007149
865.055056	0.078423	0.362305	0.007817
865.667869	0.076718	0.362182	0.008006
866.227947	0.078190	0.362481	0.006514
866.832754	0.079977	0.362133	0.006706
867.400655	0.078940	0.362058	0.007582
868.017688	0.079046	0.361237	0.007928
868.632053	0.079259	0.362247	0.005498
869.292360	0.080068	0.361602	0.005814
869.893739	0.077936	0.361596	0.008120
870.480609	0.078011	0.362882	0.006098
871.129575	0.079714	0.362566	0.007243
871.744838	0.078480	0.361622	0.010315
872.317095	0.075896	0.361867	0.007328
872.865942	0.079109	0.362761	0.006572
873.501964	0.077742	0.361713	0.007408
874.125059	0.079512	0.361681	0.006741
874.783028	0.078028	0.361528	0.005512
875.374903	0.080205	0.361766	0.006717
875.945292	0.077615	0.362155	0.004948
876.545941	0.076681	0.361602	0.007523
877.189955	0.078771	0.361215	0.009353
877.797266	0.077903	0.362041	0.006978
878.370190	0.078607	0.361032	0.009629
878.952463	0.078987	0.361832	0.006431
879.594546	0.078244	0.360885	0.009004
880.190191	0.077356	0.360861	0.006242
880.825572	0.078267	0.360785	0.006897
881.399708	0.077296	0.360581	0.005345
882.013400	0.078531	0.360882	0.006930
882.649650	0.078399	0.361642	0.006979
883.262140	0.077318	0.362465	0.004810
883.824724	0.076512	0.362109	0.008350
884.447165	0.078786	0.361777	0.007930
885.088386	0.079599	0.361643	0.007270
885.676751	0.077396	0.361070	0.007028
886.259495	0.078610	0.361685	0.008241
886.884473	0.079730	0.362151	0.006649
887.533574	0.078176	0.361846	0.008032
888.162062	0.077734	0.362014	0.006523
888.778364	0.077372	0.361432	0.007789
889.331281	0.078034	0.360890	0.005711
889.943881	0.078821	0.361606	0.006003
890.593067	0.080027	0.361294	0.006509
891.200767	0.079249	0.361295	0.006194
891.756467	0.078598	0.361013	0.006198
892.379888	0.079324	0.360379	0.006894
893.000308	0.079616	0.359857	0.006280
893.567358	0.079800	0.359106	0.007669
894.150647	0.077872	0.359520	0.007110
894.696709	0.077754	0.359012	0.007006
895.341214	0.079206	0.358581	0.005420
895.974741	0.081037	0.358745	0.006036
896.603664	0.079990	0.358217	0.006312
897.249699	0.077395	0.357784	0.007130
897.812325	0.078054	0.356911	0.008264
898.371081	0.080069	0.357300	0.005507
899.011997	0.077072	0.356481	0.009263
899.623404	0.078482	0.356335	0.005916
900.242231	0.078930	0.355700	0.006533
900.801425	0.078689	0.355232	0.007113
901.404762	0.078667	0.355300	0.006986
901.995782	0.078882	0.354519	0.005913
902.627401	0.077905	0.354025	0.007688
903.211432	0.076783	0.353088	0.009049
903.828568	0.078770	0.352879	0.005680
904.479189	0.077259	0.351751	0.006095
905.115388	0.079353	0.351395	0.008262
905.758430	0.080427	0.351581	0.006579
906.340659	0.078209	0.350646	0.007671
906.941110	0.077004	0.350504	0.006435
907.561236	0.077051	0.350140	0.006601
908.210487	0.079444	0.349583	0.005731
908.808745	0.079461	0.349569	0.006932
909.363913	0.078754	0.349449	0.006350
909.973215	0.078551	0.348622	0.005859
910.612037	0.078006	0.347298	0.007530
911.200461	0.077846	0.347867	0.006234
911.788045	0.079925	0.347428	0.007130
912.421689	0.079976	0.347471	0.006348
913.025593	0.078154	0.347453	0.006010
913.682452	0.077126	0.346386	0.007466
914.266133	0.078524	0.345949	0.007767
914.900896	0.078085	0.345819	0.006023
915.520898	0.077645	0.345393	0.005554
916.122473	0.079195	0.345155	0.006959
916.764611	0.080368	0.344762	0.007011
917.411457	0.079230	0.343411	0.006699
918.003126	0.079171	0.343210	0.005301
918.650380	0.079068	0.342689	0.006924
919.263074	0.079892	0.341835	0.008220
919.853664	0.077364	0.341696	0.005669
920.424545	0.078762	0.340788	0.006479
921.023208	0.081432	0.340555	0.005864
921.642389	0.079996	0.339810	0.005656
922.255186	0.079438	0.338522	0.007996
922.842074	0.077224	0.338773	0.005839
923.414863	0.077684	0.338650	0.004872
924.055590	0.078770	0.338135	0.006508
924.664574	0.079334	0.337326	0.007302
925.283372	0.079262	0.336117	0.007485
925.853586	0.080272	0.336240	0.005488
926.457598	0.079653	0.335585	0.005192
927.090828	0.076598	0.334591	0.005148
927.676707	0.080662	0.334018	0.006220
928.304659	0.079096	0.333911	0.004723
928.893954	0.077280	0.332412	0.006090
929.514305	0.076742	0.332145	0.004753
930.160089	0.079704	0.331247	0.005932
930.776261	0.080212	0.330942	0.006049
931.440862	0.078749	0.330267	0.006071
931.998797	0.075571	0.328979	0.006622
932.612441	0.080069	0.328794	0.005090
933.236407	0.077053	0.328357	0.006347
933.840158	0.080007	0.327383	0.005558
934.436436	0.079730	0.327225	0.005092
935.014554	0.076465	0.325764	0.006270
935.581296	0.077590	0.325251	0.006201
936.203063	0.078657	0.325782	0.005717
936.795299	0.080557	0.325016	0.007999
937.354209	0.077532	0.324605	0.006181
937.981733	0.078030	0.323288	0.005624
938.598768	0.078548	0.322106	0.005358
939.216453	0.078616	0.322045	0.004892
939.864499	0.076489	0.321429	0.005446
940.434213	0.078638	0.320805	0.006402
941.055804	0.078514	0.320405	0.005338
941.623580	0.078633	0.319001	0.007266
942.221934	0.078013	0.318849	0.006183
942.797090	0.080796	0.317705	0.006460
943.415383	0.078725	0.317190	0.005161
944.011970	0.076801	0.316864	0.004884
944.636749	0.077812	0.316052	0.005456
945.267106	0.077427	0.316099	0.005711
945.844128	0.079148	0.315299	0.006127
946.493312	0.081209	0.314771	0.005436
947.046305	0.080231	0.313988	0.005374
947.663719	0.081938	0.313422	0.006519
948.224534	0.078025	0.312168	0.007137
948.796834	0.079439	0.311405	0.006070
949.437483	0.081084	0.311607	0.004651
950.049049	0.078651	0.310729	0.004532
950.658571	0.078284	0.309832	0.005426
951.224864	0.078526	0.308853	0.006800
951.834146	0.079127	0.307874	0.006330
952.420648	0.078083	0.307167	0.009026
953.033702	0.076477	0.307515	0.005275
953.612151	0.080581	0.307063	0.005348
954.215606	0.081448	0.306453	0.005013
954.829887	0.078397	0.305225	0.005920
955.459122	0.078266	0.305051	0.005557
956.068509	0.078461	0.303872	0.005130
956.661663	0.079445	0.303505	0.006609
957.254615	0.078954	0.302953	0.005090
957.879373	0.082578	0.302422	0.006485
958.478909	0.074380	0.301868	0.006115
959.128689	0.078196	0.301314	0.005003
959.709850	0.079086	0.300708	0.005017
960.307660	0.081512	0.300248	0.006640
960.938484	0.077847	0.300030	0.005558
961.549730	0.076111	0.299107	0.006076
962.137578	0.078301	0.298347	0.006172
962.742896	0.071542	0.296863	0.006740
963.340417	0.076868	0.297166	0.005408
963.951600	0.080207	0.296860	0.007153
964.576861	0.077941	0.296409	0.005380
964.995578	0.074243	0.296118	0.005850
964.388609	0.076530	0.296291	0.005378
963.771372	0.076594	0.296316	0.007666
963.158413	0.078710	0.297726	0.004142
962.599158	0.076896	0.297847	0.005022
961.986231	0.080812	0.298282	0.006267
961.354568	0.078557	0.298945	0.006334
960.703257	0.076915	0.299874	0.006043
960.134661	0.077850	0.300156	0.006679
959.576425	0.076907	0.300967	0.006102
958.971405	0.079092	0.301720	0.004544
958.322761	0.079081	0.302455	0.004857
957.702573	0.078690	0.301838	0.009200
957.091461	0.081680	0.302801	0.009004
956.504087	0.074657	0.303568	0.007295
955.871732	0.080646	0.304598	0.006711
955.267796	0.079052	0.305133	0.007538
954.645521	0.077638	0.306194	0.005561
954.079208	0.077374	0.306422	0.006948
953.484030	0.078026	0.306976	0.008592
952.854318	0.078004	0.307901	0.006053
952.239936	0.077485	0.308241	0.005187
951.605775	0.076713	0.309418	0.005308
951.039934	0.079342	0.310355	0.004357
950.442554	0.081175	0.311232	0.004812
949.801959	0.080560	0.311726	0.004884
949.189847	0.078260	0.311296	0.006983
948.574067	0.075252	0.312034	0.006718
947.998691	0.081943	0.313031	0.005309
947.373067	0.077846	0.313718	0.005882
946.747818	0.078031	0.314249	0.007517
946.141331	0.079281	0.314594	0.007272
945.556591	0.078271	0.315193	0.005845
944.963336	0.079223	0.315729	0.005771
944.342282	0.080457	0.316481	0.005586
943.726609	0.077689	0.317205	0.005135
943.093329	0.080774	0.317912	0.005308
942.541127	0.076336	0.318380	0.008246
941.946451	0.078191	0.319003	0.007065
941.296128	0.078650	0.320188	0.006559
940.703103	0.077861	0.320387	0.007438
940.133026	0.078917	0.321069	0.006067
939.523430	0.079600	0.321813	0.006188
938.901034	0.079127	0.322683	0.006555
938.305064	0.080487	0.323410	0.005304
937.696857	0.075907	0.324199	0.006506
937.123860	0.077592	0.324135	0.006555
936.520300	0.077800	0.324148	0.010442
935.861718	0.079742	0.325862	0.005026
935.239947	0.078429	0.326544	0.007640
934.663374	0.078271	0.327463	0.005946
934.035821	0.080465	0.327581	0.006927
933.413079	0.080336	0.328606	0.004809
932.821084	0.077920	0.329080	0.005704
932.151386	0.077992	0.330300	0.005447
931.590734	0.078987	0.330118	0.008461
931.013042	0.077317	0.330900	0.005147
930.436480	0.081314	0.330810	0.006855
929.834302	0.078103	0.332079	0.006414
929.194509	0.078279	0.332571	0.005195
928.587278	0.079925	0.333136	0.005005
927.939602	0.078433	0.333375	0.008139
927.305129	0.080259	0.333912	0.008217
926.693212	0.078462	0.334616	0.006971
926.136319	0.078102	0.335626	0.004847
925.523476	0.078275	0.336212	0.005472
924.905444	0.077681	0.336569	0.006152
924.236104	0.077941	0.336770	0.007256
923.622643	0.078277	0.337212	0.006392
923.041065	0.077662	0.338332	0.005216
922.388944	0.080264	0.338653	0.007388
921.799414	0.078921	0.338942	0.009469
921.157145	0.079328	0.340045	0.008150
920.582770	0.077913	0.340513	0.004732
919.985977	0.076779	0.340953	0.007685
919.396214	0.078942	0.342190	0.005961
918.788125	0.080239	0.342801	0.006202
918.171107	0.079109	0.343096	0.005369
917.573124	0.080707	0.343467	0.006788
916.956977	0.077818	0.343980	0.005380
916.346343	0.079806	0.344624	0.006406
915.760836	0.077899	0.344835	0.006953
915.188942	0.078052	0.345399	0.008198
914.606786	0.077775	0.346165	0.008918
914.008489	0.078317	0.346374	0.008366
913.393983	0.078526	0.347541	0.006748
912.771375	0.077391	0.348014	0.006533
912.181134	0.080988	0.348144	0.008281
911.593093	0.076751	0.348769	0.006381
910.993568	0.077485	0.348945	0.006745
910.347659	0.077961	0.349213	0.007114
909.724741	0.079290	0.349512	0.008368
909.151432	0.079592	0.349981	0.007720
908.549803	0.077698	0.350281	0.008900
907.964034	0.079986	0.350913	0.007330
907.322843	0.079940	0.351199	0.006740
906.739880	0.080825	0.351913	0.006600
906.096006	0.080311	0.352578	0.006069
905.513685	0.079156	0.352852	0.006296
904.869796	0.077746	0.353268	0.006017
904.222011	0.077277	0.353292	0.005972
903.642492	0.080049	0.352977	0.006256
902.995925	0.077734	0.353619	0.007411
902.394971	0.078469	0.353951	0.007873
901.741951	0.078473	0.354705	0.007489
901.129362	0.078985	0.354744	0.008187
900.549199	0.079763	0.355044	0.006727
899.941855	0.078813	0.355231	0.006799
899.325159	0.078597	0.355161	0.007896
898.722380	0.079774	0.356216	0.005417
898.089772	0.079668	0.355814	0.005543
897.556439	0.080801	0.355760	0.008923
896.941088	0.079727	0.356142	0.006373
896.300738	0.078403	0.356152	0.005951
895.666528	0.077937	0.356036	0.007537
895.050477	0.076612	0.356363	0.006511
894.484445	0.079283	0.357467	0.006715
893.822058	0.078765	0.358135	0.007407
893.242216	0.079798	0.358186	0.006319
892.614955	0.078203	0.358087	0.007038
891.978368	0.076550	0.357821	0.010015
891.394859	0.078785	0.359134	0.005264
890.749328	0.078270	0.358794	0.006099
890.130973	0.078530	0.359046	0.007148
889.488453	0.078306	0.359582	0.007671
888.881548	0.076926	0.359250	0.006424
888.283264	0.079349	0.359553	0.006548
887.665085	0.078839	0.360070	0.006478
887.039079	0.078900	0.360534	0.005517
886.424768	0.079023	0.360722	0.005830
885.868280	0.078303	0.360233	0.006530
885.226251	0.078782	0.360338	0.006831
884.588694	0.077586	0.361033	0.007284
884.003510	0.078268	0.360920	0.007127
883.364752	0.076469	0.360787	0.007195
882.794116	0.077888	0.360991	0.005541
882.169227	0.077275	0.360242	0.008462
881.560814	0.080074	0.360531	0.006672
880.939451	0.079934	0.360722	0.005774
880.303736	0.079151	0.360965	0.006868
879.690209	0.080056	0.360958	0.007697
879.080294	0.078639	0.362210	0.005405
878.416194	0.079656	0.361889	0.005969
877.796390	0.079539	0.361477	0.005529
877.206277	0.078164	0.361439	0.006113
876.576427	0.077447	0.362015	0.007799
876.015328	0.077737	0.361387	0.006991
875.421165	0.077999	0.361971	0.006349
874.771662	0.078938	0.362000	0.005506
874.180395	0.077985	0.362454	0.005593
873.584198	0.078765	0.362012	0.006047
872.982323	0.075351	0.362053	0.005532
872.338579	0.077061	0.361712	0.006401
871.756183	0.077933	0.361100	0.006746
871.192968	0.078964	0.361023	0.005916
870.585146	0.080091	0.360019	0.009005
869.947009	0.077997	0.360360	0.005574
869.372084	0.078183	0.360554	0.006154
868.817893	0.078048	0.360876	0.006836
868.175358	0.078339	0.360799	0.007893
867.543262	0.079783	0.361482	0.005502
866.910742	0.077044	0.360848	0.008922
866.277446	0.078666	0.361024	0.008410
865.684926	0.078866	0.361323	0.006474
865.075725	0.079113	0.360829	0.006409
864.475264	0.078744	0.360830	0.007941
863.904444	0.078101	0.360582	0.008984
863.327997	0.079249	0.361048	0.006936
862.687978	0.078759	0.360498	0.009221
862.069126	0.078178	0.360311	0.006865
861.435760	0.079023	0.360307	0.005078
860.827815	0.078473	0.359808	0.006608
860.255233	0.078498	0.360232	0.005026
859.617637	0.079698	0.359655	0.007065
858.975480	0.078916	0.359418	0.006764
858.354724	0.079231	0.358876	0.006808
857.776078	0.078135	0.358587	0.006796
857.169052	0.078933	0.358270	0.008488
856.565624	0.077791	0.358214	0.005312
855.934463	0.078503	0.357820	0.006198
855.310704	0.078804	0.357131	0.010089
854.760220	0.072009	0.357147	0.005908
854.108669	0.078597	0.357095	0.007533
853.516184	0.079110	0.356638	0.008345
852.896909	0.079261	0.356844	0.005898
852.244534	0.079957	0.356175	0.006277
851.652807	0.078044	0.356128	0.006320
851.025908	0.080142	0.355715	0.006196
850.367356	0.080285	0.355195	0.006242
849.767314	0.078888	0.354922	0.007887
849.192066	0.078406	0.355025	0.007741
848.544891	0.077839	0.354687	0.006091
847.892848	0.078632	0.353491	0.006483
847.232793	0.078743	0.353186	0.007184
846.598166	0.077395	0.352831	0.008061
846.030010	0.080718	0.352457	0.007992
845.396585	0.078027	0.352006	0.007987
844.743173	0.079176	0.351774	0.006235
844.101234	0.079214	0.351569	0.006798
843.435037	0.077435	0.351281	0.008377
842.790376	0.077967	0.350662	0.007891
842.231917	0.078800	0.350267	0.006660
841.559137	0.078282	0.349776	0.007778
840.901658	0.078744	0.349510	0.007593
840.274658	0.079383	0.349213	0.006009
839.666306	0.078912	0.348328	0.008424
839.094915	0.077629	0.348162	0.007182
838.429117	0.076722	0.348243	0.005718
837.778439	0.078908	0.347216	0.006884
837.147108	0.078788	0.347243	0.006109
836.464767	0.078496	0.345652	0.011942
835.823126	0.078194	0.345770	0.006581
835.189878	0.081052	0.345487	0.005971
834.539036	0.078450	0.345543	0.007759
833.875661	0.078224	0.345200	0.007056
833.206578	0.079484	0.344683	0.005884
832.584351	0.079570	0.343572	0.007808
832.010678	0.078529	0.342959	0.005603
831.448874	0.080209	0.342869	0.004599
830.751772	0.079531	0.342715	0.007234
830.158977	0.078216	0.341729	0.008575
829.520238	0.079793	0.342061	0.005604
828.926717	0.077851	0.341342	0.007289
828.266827	0.079391	0.340645	0.006190
827.588299	0.079086	0.340065	0.007005
826.914561	0.078918	0.339587	0.005668
826.241832	0.079471	0.338765	0.006805
825.684428	0.079647	0.337905	0.006916
825.055520	0.078945	0.337313	0.006802
824.430626	0.080941	0.336808	0.006395
823.791752	0.078509	0.336690	0.006235
823.107574	0.079306	0.337254	0.006018
822.546356	0.078323	0.335900	0.007465
821.930487	0.079356	0.335620	0.005737
821.258285	0.080393	0.335200	0.007263
820.604218	0.079166	0.334509	0.006640
820.039775	0.077494	0.334211	0.004623
819.421037	0.077268	0.333646	0.005656
818.788765	0.079201	0.333624	0.005636
818.195144	0.078482	0.332642	0.008475
817.644143	0.078374	0.332657	0.006852
817.003584	0.077413	0.331890	0.005316
816.387294	0.078070	0.330175	0.010509
815.809948	0.078456	0.330681	0.005569
815.167919	0.078894	0.330512	0.007383
814.589377	0.078987	0.329349	0.006667
813.995690	0.078282	0.329335	0.005594
813.391500	0.079678	0.328899	0.006633
812.775290	0.080085	0.328628	0.005923
812.195675	0.079566	0.327986	0.008652
811.624037	0.064576	0.327696	0.006115
811.037205	0.079910	0.326560	0.005479
810.410104	0.078413	0.326769	0.007171
809.807722	0.078564	0.326094	0.006782
809.249511	0.078029	0.325686	0.005849
808.609482	0.079346	0.325160	0.004985
808.015406	0.079606	0.324396	0.005663
807.431919	0.078963	0.324789	0.004824
806.843571	0.078522	0.323924	0.006344
806.254064	0.080241	0.322806	0.007626
805.636128	0.078511	0.322637	0.006939
805.028994	0.078589	0.322128	0.006551
804.362970	0.077736	0.321635	0.006784
803.770958	0.078615	0.321030	0.006420
803.121583	0.078125	0.320641	0.006295
802.520186	0.078918	0.320508	0.005075
801.899939	0.078380	0.319917	0.005473
801.287177	0.079724	0.319396	0.006411
800.686368	0.080196	0.318689	0.004783
800.103867	0.080041	0.318554	0.005208
799.500319	0.076660	0.318415	0.004476
798.847721	0.079016	0.318090	0.006345
798.262003	0.077931	0.317252	0.007059
797.645833	0.077469	0.316805	0.004852
797.042522	0.079998	0.316108	0.006924
796.404350	0.079156	0.315685	0.007215
795.835039	0.079448	0.315410	0.006641
795.226727	0.078630	0.314794	0.006570
794.603204	0.078524	0.314489	0.005605
794.007561	0.079605	0.314327	0.005156
793.365490	0.078201	0.313962	0.005751
792.792723	0.077934	0.313582	0.005548
792.173485	0.077730	0.312637	0.007506
791.553137	0.077877	0.312379	0.006714
790.947455	0.079951	0.312669	0.006335
790.326591	0.076822	0.312056	0.006294
789.767737	0.078971	0.312039	0.004670
789.151802	0.079995	0.311306	0.005638
788.531348	0.079132	0.310549	0.008067
787.965314	0.079718	0.310797	0.005838
787.391250	0.079215	0.310607	0.004591
786.783061	0.078670	0.310147	0.006295
786.154134	0.080053	0.308950	0.009912
785.562027	0.078992	0.309197	0.005638
784.950868	0.078694	0.308944	0.006613
784.350267	0.079101	0.308645	0.004799
783.744832	0.077907	0.308404	0.005448
783.143970	0.080183	0.307875	0.005961
782.518597	0.078984	0.307968	0.006230
781.924288	0.078271	0.307051	0.006009
781.297210	0.078076	0.306658	0.004260
780.680311	0.078475	0.306339	0.006396
780.083206	0.079475	0.306189	0.005246
779.486254	0.078428	0.306147	0.005913
778.888828	0.079362	0.306061	0.006385
778.287958	0.079051	0.305499	0.006552
777.671926	0.077180	0.305123	0.006111
777.044202	0.079281	0.304148	0.008078
776.466541	0.079585	0.304364	0.005016
775.880103	0.076728	0.304005	0.004583
775.276151	0.078372	0.303592	0.006195
774.659758	0.079167	0.303189	0.005203
773.998922	0.079684	0.303065	0.007006
773.426462	0.079666	0.302545	0.004509
772.801229	0.079006	0.302492	0.005087
772.167479	0.080822	0.302187	0.005923
771.556409	0.079670	0.301668	0.007104
770.925239	0.079705	0.301852	0.004501
770.347076	0.079363	0.301368	0.006213
769.707157	0.077809	0.301030	0.006134
769.092813	0.078509	0.300662	0.006201
768.512869	0.078328	0.300691	0.005479
767.955001	0.080743	0.300480	0.005323
767.314789	0.080281	0.300323	0.005401
766.692017	0.078767	0.300232	0.004994
766.114912	0.078068	0.299043	0.010026
765.467966	0.079272	0.299861	0.004860
764.890290	0.079284	0.299767	0.004829
764.283980	0.078089	0.299546	0.004140
763.628721	0.076931	0.298995	0.006040
763.008408	0.077969	0.298743	0.006175
762.359246	0.078910	0.298411	0.006408
761.760345	0.080235	0.297643	0.007020
761.173060	0.079595	0.298123	0.005822
760.497974	0.078798	0.297515	0.006530
759.891536	0.078371	0.297797	0.005983
759.311156	0.079093	0.297548	0.005667
758.681376	0.078600	0.296992	0.007353
758.061902	0.078397	0.297304	0.005068
757.491862	0.078027	0.297091	0.005573
756.930012	0.077462	0.296763	0.005136
756.300190	0.077628	0.296709	0.005862
755.690271	0.078952	0.296138	0.007267
755.084097	0.078708	0.296387	0.006380
754.445192	0.079010	0.296548	0.005895
753.867380	0.079045	0.296037	0.006121
753.270972	0.078072	0.296239	0.005515
752.606351	0.078976	0.296791	0.005165
751.985181	0.076857	0.296123	0.005590
751.352626	0.077871	0.295470	0.008558
750.800083	0.078219	0.295455	0.007456
750.193694	0.079410	0.295767	0.004758
749.630312	0.079450	0.295895	0.006098
749.044724	0.080009	0.296060	0.005624
748.488733	0.078894	0.295861	0.005555
747.851560	0.079584	0.296003	0.004584
747.222687	0.078499	0.295857	0.004879
746.590813	0.078543	0.296005	0.004323
745.962929	0.077877	0.295804	0.004929
745.364277	0.080139	0.295626	0.005913
744.712548	0.078052	0.295921	0.005509
744.097336	0.080140	0.296363	0.005164
743.475682	0.076357	0.296649	0.004537
742.840836	0.077537	0.296739	0.007815
742.261667	0.079382	0.297242	0.005327
741.643812	0.080015	0.297413	0.005627
741.025041	0.078546	0.297463	0.005770
740.453610	0.076665	0.297137	0.005223
739.896503	0.078918	0.296969	0.006584
739.268138	0.076986	0.296979	0.006480
738.636309	0.078213	0.297241	0.004153
738.042689	0.079445	0.297305	0.005961
737.457743	0.080066	0.297091	0.004217
736.826084	0.079389	0.296931	0.005679
736.198826	0.079304	0.296622	0.005252
735.571309	0.077206	0.297043	0.004935
734.975583	0.077921	0.297079	0.007580
734.375934	0.081123	0.296739	0.007194
733.745213	0.078692	0.296727	0.007115
733.113205	0.077667	0.296523	0.007059
732.486702	0.079826	0.296821	0.007475
731.873364	0.080627	0.296579	0.006685
731.296006	0.078720	0.296858	0.006842
730.706725	0.078463	0.296826	0.005702
730.073362	0.080407	0.296821	0.006830
729.424927	0.079959	0.296131	0.008089
728.846857	0.079363	0.296664	0.005652
728.225347	0.078268	0.296822	0.005819
727.613327	0.077033	0.296715	0.005295
726.983584	0.078909	0.296370	0.004980
726.344303	0.080052	0.295901	0.007926
725.760069	0.079909	0.296776	0.005444
725.141816	0.077169	0.296606	0.004926
724.530610	0.078715	0.295769	0.005223
723.936253	0.078859	0.294851	0.005623
723.348259	0.078788	0.293781	0.007353
722.744930	0.078040	0.295642	0.005807
722.118424	0.077476	0.295880	0.006282
721.537024	0.078820	0.295354	0.005948
720.888019	0.078661	0.295714	0.007201
720.304093	0.077694	0.296222	0.005725
719.684242	0.079018	0.295798	0.007160
719.069744	0.078312	0.295762	0.005304
718.479613	0.077080	0.295886	0.005347
717.911084	0.078739	0.296964	0.005062
717.293896	0.077502	0.296892	0.005790
716.670900	0.076925	0.295307	0.007041
716.081281	0.079226	0.296386	0.005552
715.429382	0.078336	0.296143	0.005721
714.851750	0.079967	0.296548	0.005493
714.258652	0.080524	0.296388	0.006142
713.673149	0.078602	0.297496	0.005400
713.027743	0.077887	0.296565	0.006507
712.431860	0.079838	0.297286	0.006035
711.799551	0.077949	0.296822	0.004654
711.177598	0.078403	0.296931	0.005530
710.554998	0.077771	0.297217	0.006721
710.003736	0.079304	0.297614	0.005191
709.433005	0.080289	0.297568	0.005832
708.802659	0.079685	0.298033	0.005352
708.212651	0.079816	0.297510	0.006261
707.582490	0.080019	0.297711	0.005840
707.006997	0.081351	0.297878	0.007257
706.461651	0.079552	0.298234	0.004794
705.834365	0.078200	0.298484	0.005489
705.203942	0.076467	0.298168	0.006470
704.584053	0.079029	0.298571	0.005356
703.998936	0.080112	0.298844	0.005082
703.366127	0.079059	0.298531	0.007533
702.699751	0.081490	0.299076	0.004824
702.099292	0.078057	0.298233	0.010033
701.453483	0.079453	0.299645	0.006309
700.869885	0.080916	0.299542	0.004210
700.266092	0.076873	0.299731	0.005978
699.628126	0.077163	0.300266	0.004663
699.032221	0.078419	0.300789	0.004930
698.429046	0.079031	0.300949	0.006086
697.827236	0.081038	0.300778	0.006862
697.200585	0.080382	0.300912	0.006663
696.609384	0.080313	0.300665	0.005921
695.954389	0.080378	0.301243	0.005012
695.374899	0.079596	0.300506	0.008170
694.780991	0.080352	0.300414	0.009007
694.141150	0.078592	0.300643	0.007852
693.525196	0.080029	0.301450	0.004855
692.942791	0.077576	0.302150	0.005184
692.293944	0.079108	0.302110	0.005548
691.685444	0.079446	0.301908	0.007197
691.102408	0.078065	0.302634	0.005385
690.455610	0.079504	0.302639	0.004853
689.901175	0.078678	0.302578	0.006744
689.287567	0.077365	0.302511	0.006853
688.664506	0.080811	0.301805	0.005225
688.015371	0.079303	0.301131	0.005275
687.416952	0.079047	0.302201	0.007972
686.846669	0.078627	0.302771	0.005501
686.225759	0.079707	0.303332	0.005950
685.617620	0.080744	0.303406	0.005899
685.028876	0.076742	0.303590	0.005735
684.448572	0.080086	0.303983	0.005367
683.851383	0.076655	0.304179	0.005575
683.284990	0.077422	0.303710	0.004509
682.714669	0.078922	0.304000	0.005203
682.104726	0.077342	0.304103	0.005060
681.560792	0.078352	0.303911	0.008661
680.928006	0.079940	0.304100	0.004750
680.316501	0.078338	0.304092	0.006129
679.718192	0.078098	0.304025	0.005063
679.145946	0.080705	0.303501	0.009610
678.507830	0.078627	0.304382	0.005028
677.883178	0.078832	0.304252	0.004998
677.247973	0.078065	0.303513	0.007648
676.643833	0.076671	0.303950	0.006555
676.054410	0.080456	0.304588	0.006256
675.404896	0.078630	0.304771	0.004672
674.793665	0.079756	0.304263	0.008209
674.211450	0.080804	0.305069	0.004826
673.640056	0.080239	0.304539	0.006488
673.024579	0.076223	0.305544	0.005328
672.404708	0.075027	0.305048	0.004736
671.701874	0.078834	0.305659	0.005628
671.092730	0.079477	0.305186	0.004886
670.501118	0.077558	0.305238	0.005682
669.903795	0.076642	0.305276	0.005161
669.305766	0.078453	0.305829	0.004477
668.735191	0.082069	0.306190	0.004153
668.124903	0.079673	0.306066	0.005010
667.558974	0.077637	0.306185	0.005208
666.942976	0.077810	0.306066	0.006031
666.355988	0.081011	0.306432	0.004873
665.715836	0.078066	0.306438	0.005741
665.136224	0.078363	0.306577	0.005983
664.563195	0.080474	0.306521	0.007435
663.988196	0.077357	0.306855	0.007600
663.334079	0.076403	0.307321	0.007961
662.690695	0.078533	0.307881	0.006220
662.104255	0.078460	0.308134	0.004591
661.449375	0.077582	0.307941	0.004256
660.848160	0.076572	0.307970	0.006678
660.208845	0.076868	0.308265	0.005433
659.626857	0.079809	0.307986	0.008035
658.986647	0.076577	0.308217	0.005002
658.365239	0.079852	0.308186	0.005350
657.734094	0.079988	0.308295	0.005775
657.161904	0.079534	0.308217	0.004969
656.599499	0.079999	0.308397	0.005791
655.980318	0.080929	0.307437	0.009044
655.343160	0.077608	0.308275	0.005838
654.668149	0.079419	0.308723	0.006475
654.119329	0.079201	0.308172	0.008430
653.517827	0.076765	0.308562	0.005024
652.876721	0.079104	0.308415	0.004754
652.254775	0.081901	0.308491	0.005067
651.679735	0.079373	0.308176	0.005462
651.111208	0.079000	0.308134	0.005796
650.498767	0.080980	0.307984	0.006421
649.862847	0.078126	0.308614	0.004551
649.243894	0.079383	0.308115	0.005212
648.669711	0.077398	0.308053	0.007368
648.030406	0.078336	0.308265	0.006245
647.430378	0.079523	0.308447	0.006494
646.784050	0.078490	0.309026	0.004839
646.167034	0.077357	0.308877	0.004766
645.599903	0.077641	0.308706	0.004889
645.001919	0.079775	0.308401	0.005031
644.405204	0.078629	0.308701	0.006648
643.813035	0.075957	0.308193	0.006177
643.171821	0.079816	0.308587	0.006067
642.595249	0.077547	0.308130	0.008784
642.015002	0.080004	0.308311	0.006188
641.401118	0.079733	0.308482	0.007300
640.770223	0.079065	0.308345	0.005847
640.192824	0.079353	0.308675	0.004657
639.566663	0.079674	0.308496	0.004850
638.945766	0.077415	0.307877	0.007099
638.330489	0.080567	0.308225	0.004416
637.752523	0.078581	0.308375	0.005423
637.117611	0.078592	0.308432	0.005823
636.505546	0.081049	0.308085	0.007336
635.909157	0.079358	0.307825	0.006992
635.310861	0.077808	0.307595	0.007196
635.264643	0.080383	0.308320	0.005773
635.859412	0.080020	0.308276	0.007223
636.458716	0.079499	0.308397	0.005246
637.050867	0.078643	0.308373	0.005191
637.711384	0.079645	0.308236	0.005361
638.303541	0.077783	0.308130	0.005654
638.910211	0.076472	0.308459	0.004618
639.545879	0.081190	0.308016	0.006727
640.132007	0.080427	0.308061	0.005480
640.679683	0.077415	0.308367	0.005053
641.291396	0.079854	0.308360	0.007623
641.904585	0.078503	0.308885	0.005130
642.512293	0.077296	0.308896	0.005466
643.174618	0.079409	0.308853	0.005500
643.750920	0.080082	0.308684	0.005842
644.395767	0.079185	0.309345	0.004833
645.027155	0.077809	0.308932	0.005417
645.656156	0.081203	0.308554	0.005718
646.288836	0.076408	0.309089	0.006138
646.851668	0.082739	0.308996	0.005440
647.477223	0.078198	0.308673	0.004880
648.115805	0.078836	0.308489	0.007349
648.727765	0.078501	0.308573	0.005386
649.323244	0.078674	0.308675	0.005875
649.954245	0.077152	0.309089	0.005344
650.560756	0.079066	0.308397	0.008110
651.148335	0.077206	0.308251	0.007697
651.815005	0.077468	0.308153	0.009106
652.394926	0.077942	0.308132	0.006608
652.973631	0.079541	0.308638	0.005992
653.568049	0.080688	0.308198	0.007703
654.161216	0.077325	0.308239	0.005776
654.746042	0.079014	0.308969	0.005559
655.380408	0.078074	0.308663	0.005279
656.012953	0.077186	0.308601	0.006406
656.639270	0.081127	0.308406	0.006447
657.194297	0.080911	0.308504	0.005824
657.747819	0.079618	0.307881	0.006201
658.372772	0.081034	0.307953	0.005981
658.987933	0.077550	0.308155	0.006929
659.613062	0.078361	0.308031	0.006508
660.180169	0.080031	0.307739	0.005143
660.774496	0.078786	0.308124	0.005512
661.420926	0.078612	0.307949	0.005627
662.063216	0.079215	0.307899	0.004771
662.674152	0.080598	0.307729	0.006764
663.251261	0.080595	0.307755	0.005372
663.904507	0.077595	0.307823	0.005775
664.512993	0.079294	0.307884	0.005902
665.145922	0.080006	0.307417	0.006197
665.731393	0.078585	0.307577	0.006527
666.317663	0.077318	0.307382	0.006842
666.904068	0.077691	0.307523	0.005956
667.527471	0.079225	0.306977	0.007014
668.145424	0.080723	0.307156	0.007323
668.745117	0.079316	0.307561	0.005751
669.392623	0.079705	0.307194	0.008764
670.030822	0.077171	0.307353	0.005586
670.662005	0.079035	0.307162	0.006463
671.260956	0.079864	0.307150	0.006136
671.868200	0.079873	0.307599	0.004851
672.510452	0.078986	0.306855	0.006294
673.121555	0.076995	0.306883	0.005793
673.687149	0.076738	0.306796	0.004759
674.262870	0.077914	0.306576	0.007630
674.843039	0.077217	0.306513	0.005568
675.432680	0.078763	0.306832	0.005073
676.062179	0.078365	0.305503	0.009272
676.629309	0.078758	0.306387	0.006576
677.195039	0.076756	0.306401	0.006976
677.834427	0.078557	0.306131	0.007140
678.444241	0.080394	0.305733	0.008949
679.029090	0.078018	0.305258	0.010988
679.684835	0.077075	0.305463	0.007512
680.264387	0.078231	0.305545	0.005554
680.881217	0.079390	0.305573	0.004424
681.517926	0.077886	0.304829	0.008757
682.123268	0.078589	0.305202	0.005979
682.704678	0.079204	0.304890	0.006992
683.320490	0.078258	0.304863	0.005731
683.935913	0.077784	0.304730	0.004851
684.475884	0.081499	0.304133	0.005845
685.098015	0.077940	0.303574	0.005668
685.656749	0.078639	0.302991	0.007776
686.279055	0.078752	0.304098	0.004697
686.886017	0.078630	0.303729	0.006826
687.512887	0.079727	0.303976	0.005212
688.152893	0.078508	0.304386	0.005352
688.722632	0.077639	0.303822	0.005196
689.345214	0.078855	0.303372	0.005270
689.967837	0.077439	0.303107	0.004951
690.579069	0.078869	0.303054	0.006765
691.181105	0.078707	0.303539	0.004706
691.838617	0.081879	0.303504	0.005253
692.428105	0.079671	0.303479	0.004725
693.080202	0.077694	0.302580	0.005200
693.658292	0.079343	0.302622	0.004990
694.260687	0.076485	0.301992	0.006366
694.808551	0.079263	0.301260	0.008188
695.442750	0.081606	0.301369	0.006161
696.079214	0.079032	0.300893	0.005617
696.659584	0.078549	0.300685	0.007079
697.300821	0.078756	0.300760	0.004978
697.903838	0.079091	0.300894	0.006497
698.537924	0.078941	0.300566	0.004765
699.137928	0.079259	0.299761	0.007903
699.713464	0.079890	0.300349	0.005328
700.278181	0.073720	0.299815	0.005377
700.878521	0.081485	0.299086	0.005243
701.490973	0.081070	0.298877	0.005676
702.080631	0.080119	0.299504	0.005969
702.698353	0.078986	0.299836	0.004904
703.325441	0.076630	0.300229	0.005400
703.947774	0.078504	0.299800	0.007101
704.596403	0.078082	0.299353	0.005913
705.150143	0.077334	0.299072	0.007110
705.773424	0.079562	0.299504	0.005031
706.402405	0.077179	0.299140	0.007327
707.010206	0.080121	0.299901	0.005260
707.611721	0.078314	0.299724	0.005288
708.256593	0.079815	0.299790	0.005512
708.866669	0.079409	0.299696	0.005034
709.467193	0.079180	0.299481	0.006267
710.085499	0.077445	0.299819	0.006632
710.658223	0.079147	0.300449	0.005395
711.270562	0.077894	0.300078	0.007281
711.933462	0.077809	0.300193	0.006056
712.565853	0.079714	0.299972	0.005453
713.137127	0.078603	0.299596	0.007192
713.753440	0.078904	0.299618	0.006595
714.388291	0.081923	0.299965	0.005387
714.984580	0.078493	0.299434	0.006312
715.579781	0.080715	0.299575	0.006412
716.157473	0.078980	0.299262	0.005343
716.749519	0.077747	0.299037	0.006133
717.354055	0.077372	0.299346	0.005732
717.981732	0.078405	0.299332	0.005347
718.546328	0.077744	0.299007	0.005150
719.169521	0.079218	0.298673	0.007435
719.789540	0.078680	0.299137	0.004395
720.427537	0.077765	0.298355	0.005623
721.014881	0.080102	0.298429	0.005547
721.565645	0.078388	0.298253	0.006001
722.159491	0.079130	0.298124	0.006279
722.801201	0.078306	0.298097	0.005603
723.394868	0.079725	0.297749	0.004837
723.970343	0.079091	0.297883	0.005117
724.614594	0.078084	0.297691	0.005860
725.202020	0.072812	0.297782	0.006389
725.796841	0.077616	0.297171	0.006437
726.454669	0.078540	0.297365	0.006119
727.023929	0.078215	0.297406	0.005725
727.678055	0.078930	0.297045	0.006604
728.302975	0.076409	0.297395	0.004733
728.867110	0.079391	0.297424	0.005341
729.482593	0.078704	0.297026	0.006891
730.045827	0.079959	0.296933	0.006019
730.650508	0.079912	0.296900	0.004843
731.249466	0.078318	0.296828	0.005076
731.892833	0.079173	0.296394	0.006316
732.461952	0.077337	0.296686	0.004560
733.058420	0.078343	0.295815	0.006386
733.665425	0.078365	0.295794	0.005225
734.303416	0.078332	0.295507	0.005988
734.921756	0.077370	0.295685	0.005695
735.496279	0.080075	0.295704	0.006172
736.117711	0.078844	0.295693	0.005563
736.775126	0.078197	0.295761	0.004540
737.349898	0.076886	0.295860	0.004143
737.893199	0.078576	0.295720	0.004625
738.463088	0.077797	0.295215	0.006857
739.094205	0.077096	0.295325	0.005966
739.703158	0.079169	0.295216	0.006629
740.292463	0.079344	0.295734	0.006338
740.862496	0.079460	0.295703	0.004838
741.485289	0.080099	0.295194	0.006103
742.113631	0.078238	0.295788	0.005057
742.761463	0.077714	0.295503	0.005403
743.329199	0.077468	0.296008	0.004579
743.928153	0.077583	0.296301	0.006037
744.603445	0.079018	0.295891	0.006283
745.206655	0.079571	0.296496	0.005624
745.791354	0.078404	0.296411	0.006100
746.355844	0.079732	0.297034	0.006061
746.966977	0.077589	0.297484	0.006006
747.597512	0.080186	0.297819	0.005083
748.255603	0.078844	0.298064	0.005007
748.904095	0.078505	0.298416	0.005906
749.480076	0.077868	0.298751	0.005365
750.105460	0.078127	0.298680	0.006479
750.711587	0.077502	0.299108	0.005282
751.282426	0.079086	0.298908	0.007062
751.849399	0.079255	0.299054	0.005227
752.478614	0.081072	0.299312	0.004082
753.104393	0.077983	0.298980	0.005293
753.678298	0.078930	0.299673	0.004210
754.305003	0.077609	0.299130	0.006657
754.874941	0.079177	0.299057	0.005286
755.454415	0.077356	0.299574	0.005316
756.021131	0.078926	0.299522	0.006800
756.619690	0.078761	0.299815	0.005703
757.202944	0.078655	0.299366	0.007326
757.830011	0.078850	0.299918	0.006518
758.427609	0.079092	0.300496	0.004961
759.101626	0.078587	0.300237	0.006123
759.705159	0.080112	0.300791	0.005921
760.290044	0.078894	0.301191	0.005154
760.933122	0.078468	0.301204	0.004927
761.539559	0.078167	0.301612	0.006091
762.112585	0.080230	0.301837	0.005148
762.658744	0.079333	0.302382	0.004197
763.277417	0.077957	0.302290	0.007195
763.895487	0.079439	0.302339	0.006828
764.489842	0.079437	0.302991	0.005689
765.099537	0.078099	0.303439	0.005642
765.666052	0.079651	0.303189	0.005529
766.295643	0.079001	0.303093	0.004416
766.884086	0.078531	0.303048	0.004750
767.533321	0.079898	0.303524	0.004914
768.131403	0.079764	0.303098	0.007692
768.723980	0.079204	0.304172	0.004349
769.360060	0.078961	0.304683	0.005372
769.985366	0.078645	0.304996	0.005192
770.616975	0.079005	0.305295	0.005106
771.191380	0.078344	0.305554	0.005683
771.820336	0.078699	0.305428	0.006065
772.381378	0.078002	0.304891	0.008413
773.000351	0.079139	0.305582	0.007472
773.642392	0.079154	0.305890	0.004204
774.214861	0.080540	0.305783	0.007593
774.880667	0.079683	0.306690	0.005303
775.496548	0.078913	0.306800	0.004724
776.132423	0.080098	0.306906	0.006575
776.719114	0.078463	0.307386	0.004295
777.321712	0.077956	0.307805	0.005106
777.882268	0.076909	0.308233	0.005177
778.509704	0.079610	0.308479	0.005366
779.148681	0.076940	0.308596	0.005785
779.716430	0.079262	0.309180	0.007054
780.377231	0.079309	0.309886	0.004805
780.994395	0.079261	0.309802	0.006530
781.635899	0.078676	0.310381	0.005321
782.198032	0.078653	0.310442	0.005830
782.762916	0.079127	0.311630	0.004962
783.329216	0.077928	0.311866	0.005147
783.890085	0.078747	0.311956	0.005583
784.468106	0.078834	0.311845	0.006962
785.017665	0.079699	0.312501	0.005444
785.564192	0.079529	0.312298	0.007760
786.108982	0.078977	0.312544	0.005288
786.663275	0.077778	0.312186	0.007867
787.236059	0.080156	0.312748	0.005030
787.791198	0.079523	0.312625	0.006410
788.418235	0.079438	0.312583	0.005539
789.000268	0.079204	0.313559	0.005355
789.616475	0.079615	0.313852	0.005537
790.165569	0.078833	0.314095	0.005256
790.731085	0.078705	0.313473	0.005751
791.320706	0.078618	0.314036	0.007064
791.922214	0.078896	0.314274	0.004118
792.540769	0.079083	0.315144	0.005615
793.132987	0.078841	0.315091	0.006361
793.755094	0.079415	0.315784	0.005351
794.351477	0.079526	0.315126	0.005383
794.940454	0.078908	0.316387	0.004605
795.509287	0.078761	0.316813	0.005128
796.146084	0.078458	0.316668	0.008089
796.774239	0.076102	0.317040	0.005652
797.433863	0.076438	0.316898	0.006099
798.016650	0.079145	0.318024	0.004333
798.605560	0.079104	0.318326	0.005789
799.253923	0.078615	0.318614	0.006416
799.852588	0.077818	0.318559	0.006207
