800.467790	0.079360	0.301249	0.004501
801.096876	0.078441	0.300632	0.008171
801.673837	0.077720	0.300950	0.005531
802.274971	0.079542	0.300729	0.005177
802.840908	0.079504	0.300414	0.005143
803.444282	0.079747	0.300256	0.005452
803.991107	0.080694	0.300398	0.004616
804.560716	0.079045	0.299828	0.005691
805.120036	0.079715	0.299513	0.006121
805.684923	0.079405	0.299574	0.004558
806.245851	0.078770	0.299281	0.004090
806.804869	0.078796	0.298958	0.005269
807.362251	0.079206	0.298848	0.004908
807.919335	0.079734	0.298745	0.004532
808.465606	0.078903	0.298580	0.005441
809.017714	0.079340	0.298335	0.004879
809.598442	0.079536	0.298366	0.004912
810.163126	0.078439	0.298224	0.004472
810.690816	0.078784	0.297772	0.007037
811.239317	0.078736	0.297947	0.005568
811.773620	0.077816	0.297193	0.005919
812.339071	0.079183	0.297526	0.005148
812.898831	0.078715	0.297440	0.005011
813.449145	0.078293	0.296561	0.007449
814.038063	0.079382	0.296731	0.005987
814.605777	0.078199	0.296186	0.006086
815.217307	0.077955	0.296930	0.005068
815.801253	0.078911	0.296551	0.006148
816.353355	0.079248	0.296411	0.005221
816.906854	0.078765	0.296166	0.004588
817.469515	0.078656	0.296552	0.005563
818.036961	0.077845	0.296410	0.005158
818.599972	0.078585	0.295659	0.005161
819.154528	0.078439	0.294669	0.004509
819.772584	0.080072	0.295015	0.004933
820.346946	0.081192	0.294757	0.003963
820.952654	0.078973	0.294421	0.005100
821.544433	0.079231	0.294854	0.004969
822.171152	0.079903	0.294591	0.005672
822.713401	0.079053	0.294753	0.005568
823.339672	0.079640	0.294637	0.004622
823.925311	0.078721	0.294925	0.004374
824.564438	0.078963	0.293621	0.006337
825.161124	0.078283	0.294209	0.005034
825.741706	0.078681	0.294255	0.005625
826.328003	0.079234	0.294207	0.004672
826.978309	0.078473	0.293858	0.005511
827.551852	0.078097	0.293344	0.005469
828.161680	0.079270	0.293384	0.004631
828.809360	0.076309	0.292770	0.005810
829.397121	0.079102	0.292556	0.007151
829.972362	0.079722	0.292794	0.005596
830.590397	0.078688	0.292904	0.004888
831.213202	0.079881	0.292540	0.004878
831.818938	0.076797	0.292358	0.004559
832.402389	0.079425	0.291925	0.006600
833.019128	0.078716	0.291978	0.005079
833.629248	0.078198	0.292206	0.005103
834.257999	0.078245	0.291615	0.007323
834.833080	0.079689	0.291625	0.005379
835.410871	0.079414	0.291418	0.006130
836.028403	0.078228	0.291532	0.004641
836.670114	0.080046	0.291922	0.004588
837.235357	0.077524	0.291475	0.004141
837.846971	0.078264	0.291058	0.005392
838.439547	0.078703	0.291108	0.004689
839.065102	0.077956	0.291278	0.006592
839.621550	0.078604	0.291105	0.004496
840.224309	0.078782	0.291259	0.004127
840.820883	0.079168	0.291115	0.004305
841.486761	0.078316	0.290960	0.004557
842.065020	0.078715	0.290908	0.004866
842.698512	0.077475	0.290963	0.005504
843.330572	0.078504	0.290827	0.004991
843.936170	0.077676	0.290501	0.006210
844.492980	0.077773	0.290992	0.005183
845.068724	0.078386	0.290804	0.005386
845.710581	0.079365	0.290981	0.004721
846.307785	0.080763	0.291038	0.005170
846.872030	0.080052	0.291309	0.005310
847.492397	0.078952	0.290378	0.008278
848.115101	0.079012	0.290741	0.004130
848.701906	0.077555	0.290834	0.004163
849.366002	0.078133	0.290656	0.004748
849.983630	0.076794	0.290511	0.005239
850.551908	0.078990	0.289822	0.005886
851.168852	0.078758	0.290568	0.005231
851.766241	0.077159	0.290284	0.006040
852.349286	0.079232	0.290311	0.005633
852.900955	0.076755	0.290154	0.004809
853.493045	0.077180	0.289770	0.006305
854.129494	0.078181	0.290234	0.004743
854.720571	0.076422	0.290324	0.006845
855.278532	0.078591	0.290703	0.004931
855.898759	0.080342	0.290691	0.005151
856.534022	0.078915	0.290544	0.004543
857.122609	0.078547	0.290245	0.005781
857.751773	0.078469	0.290046	0.005127
858.326898	0.077486	0.290144	0.006265
858.955519	0.078803	0.289924	0.006221
859.524504	0.077121	0.289920	0.005226
860.110054	0.078520	0.289901	0.005881
860.738033	0.077713	0.289782	0.005734
861.301305	0.079762	0.290194	0.005457
861.892965	0.080399	0.290105	0.004653
862.518116	0.077184	0.290237	0.005560
863.091007	0.079289	0.290204	0.005994
863.703411	0.079125	0.290071	0.004484
864.290193	0.078433	0.289394	0.006383
864.919071	0.079547	0.289590	0.005727
865.550939	0.074075	0.289343	0.005438
866.108797	0.079799	0.289166	0.006041
866.754677	0.078198	0.289128	0.005902
867.383578	0.079566	0.289675	0.005638
868.042756	0.080199	0.289720	0.004765
868.607246	0.078232	0.288670	0.010268
869.199378	0.079326	0.289890	0.006061
869.863462	0.078532	0.290356	0.005149
870.507681	0.078519	0.289991	0.004859
871.080511	0.079839	0.289620	0.006087
871.635416	0.075972	0.289784	0.004512
872.237086	0.077810	0.289925	0.005195
872.811793	0.079200	0.289650	0.005030
873.402391	0.078624	0.289569	0.005949
873.983989	0.079393	0.289920	0.005495
874.600029	0.078945	0.290281	0.005275
875.228523	0.078506	0.289961	0.005209
875.835591	0.079171	0.289637	0.005846
876.444227	0.075696	0.289883	0.005700
877.012388	0.081392	0.289961	0.005326
877.562333	0.080344	0.290173	0.004213
878.176437	0.080142	0.290326	0.004110
878.762547	0.080435	0.290120	0.005573
879.321990	0.077945	0.290587	0.005802
879.955030	0.078566	0.290398	0.004999
880.556091	0.077139	0.290079	0.006320
881.145695	0.077926	0.290394	0.004866
881.815681	0.079106	0.290014	0.004790
882.383895	0.077564	0.290358	0.005135
882.953218	0.078249	0.290213	0.006362
883.533918	0.079141	0.290214	0.005326
884.160659	0.077885	0.290196	0.004351
884.724181	0.079095	0.290087	0.007178
885.354027	0.076962	0.289980	0.006740
885.954672	0.078425	0.289837	0.006108
886.605823	0.079201	0.290452	0.004617
887.190406	0.083941	0.290075	0.005760
887.829627	0.079581	0.290896	0.004906
888.478431	0.078308	0.290443	0.005845
889.060963	0.078894	0.290827	0.004966
889.679942	0.077478	0.290866	0.007322
890.269246	0.079386	0.291106	0.004688
890.876341	0.077045	0.290858	0.005822
891.516049	0.077142	0.291206	0.005363
892.155907	0.077938	0.291214	0.005621
892.719429	0.078769	0.291120	0.006440
893.318226	0.077761	0.291280	0.004887
893.954698	0.077949	0.291165	0.006518
894.549513	0.076128	0.291068	0.006944
895.195116	0.080347	0.291617	0.004105
895.767985	0.078383	0.291802	0.004995
896.378356	0.077737	0.291774	0.005587
897.021199	0.079104	0.292063	0.004448
897.637559	0.079866	0.291739	0.005900
898.234812	0.074757	0.290689	0.008929
898.818827	0.077131	0.291684	0.007015
899.437648	0.079227	0.292068	0.006055
900.017695	0.078892	0.292203	0.006458
900.613982	0.077540	0.291978	0.005730
901.211864	0.078366	0.291706	0.007404
901.855054	0.078341	0.291800	0.006100
902.504886	0.079092	0.292905	0.005000
903.123548	0.078296	0.293145	0.004855
903.764333	0.076342	0.293419	0.004392
904.329979	0.078027	0.292632	0.005631
904.943747	0.078599	0.292686	0.005856
905.513570	0.079116	0.293222	0.004494
906.158943	0.079317	0.293109	0.006065
906.798536	0.079636	0.293271	0.005567
907.395226	0.078175	0.293327	0.005990
908.035309	0.079835	0.293469	0.005120
908.626413	0.079586	0.293753	0.004277
909.253052	0.080133	0.293181	0.006437
909.881327	0.078205	0.294185	0.004752
910.464957	0.077473	0.293837	0.005406
911.032051	0.074987	0.293924	0.006987
911.618265	0.077185	0.294718	0.004697
912.281685	0.077617	0.294744	0.005273
912.880452	0.079333	0.294816	0.006496
913.508281	0.077023	0.294182	0.005623
914.069610	0.080897	0.294966	0.004891
914.696360	0.078930	0.295466	0.004575
915.306102	0.077948	0.294245	0.005575
915.883400	0.077177	0.294725	0.005938
916.496803	0.079381	0.295256	0.004838
917.090083	0.080225	0.295047	0.005872
917.709719	0.077561	0.295194	0.006803
918.275130	0.079439	0.294791	0.007618
918.905393	0.078763	0.295378	0.005526
919.480845	0.074025	0.295988	0.005937
920.062778	0.078981	0.296037	0.004835
920.698351	0.076629	0.296512	0.005829
921.270920	0.077161	0.296401	0.005992
921.911098	0.080298	0.296816	0.004543
922.553820	0.077698	0.295878	0.007358
923.198310	0.080399	0.296495	0.004864
923.768020	0.080737	0.296477	0.006711
924.407757	0.080291	0.296816	0.007055
925.076240	0.080067	0.296574	0.007137
925.658373	0.078363	0.297115	0.005795
926.261471	0.076640	0.296881	0.005747
926.843373	0.076991	0.297257	0.005001
927.455094	0.079845	0.296991	0.006697
928.049142	0.080461	0.296935	0.006452
928.672496	0.078359	0.297154	0.004702
929.301759	0.078889	0.297457	0.005632
929.861788	0.076092	0.297682	0.004674
930.462855	0.079527	0.298295	0.007652
931.059632	0.079433	0.297724	0.006959
931.724478	0.078640	0.298298	0.006124
932.293649	0.076508	0.298637	0.005897
932.902585	0.079618	0.298387	0.005144
933.512979	0.079241	0.298405	0.005436
934.122571	0.080464	0.298535	0.004972
934.751280	0.079659	0.298872	0.005458
935.323019	0.079859	0.298474	0.005578
935.937856	0.080224	0.298833	0.005162
936.542153	0.079546	0.298877	0.006301
937.206885	0.078393	0.299230	0.005459
937.761031	0.078695	0.299322	0.005587
938.369292	0.078755	0.299121	0.006778
938.973819	0.076641	0.298903	0.006366
939.598476	0.079406	0.299441	0.004463
940.174335	0.080321	0.299596	0.005113
940.744527	0.079999	0.300038	0.006539
941.363347	0.079858	0.300153	0.004736
941.980442	0.077943	0.300146	0.005228
942.569948	0.078062	0.300031	0.005214
943.151642	0.079174	0.299883	0.006448
943.772284	0.076407	0.300226	0.004743
944.389852	0.077814	0.300519	0.005620
945.039548	0.078711	0.299887	0.006322
945.670394	0.076202	0.299905	0.004329
946.253944	0.076384	0.299884	0.005249
946.905674	0.076853	0.300319	0.005492
947.494747	0.079334	0.299875	0.005698
948.104096	0.077173	0.300322	0.005185
948.732953	0.080611	0.300741	0.005342
949.318841	0.079554	0.300646	0.005199
949.974762	0.079663	0.300694	0.004727
950.578888	0.077107	0.300478	0.008196
951.196230	0.075136	0.301171	0.005222
951.809664	0.078031	0.300622	0.004779
952.378289	0.079875	0.300552	0.005685
953.003700	0.079919	0.300801	0.005361
953.608649	0.079802	0.300378	0.007455
954.246255	0.079930	0.300714	0.007476
954.859942	0.078954	0.300636	0.006111
955.504535	0.078224	0.301098	0.005677
956.108089	0.077546	0.300982	0.006039
956.761180	0.076863	0.300907	0.005666
957.378588	0.079261	0.301269	0.006231
957.952651	0.078715	0.301536	0.008232
958.579569	0.081002	0.300877	0.005022
959.200868	0.080771	0.301300	0.005839
959.788727	0.077223	0.301300	0.005527
960.355304	0.080984	0.300974	0.009114
960.995348	0.075533	0.301369	0.004831
961.597487	0.077654	0.300985	0.005102
962.195291	0.078723	0.301022	0.005646
962.777359	0.074745	0.301284	0.005083
963.428623	0.081292	0.301599	0.005860
964.030076	0.077744	0.301962	0.004576
964.674965	0.078065	0.301337	0.005361
964.844352	0.075993	0.301987	0.004258
964.276280	0.075549	0.301613	0.004993
963.655714	0.074981	0.301504	0.006704
963.046970	0.078250	0.301333	0.008729
962.473431	0.074680	0.301458	0.008465
961.809596	0.077082	0.302083	0.005975
961.236797	0.077728	0.301721	0.006810
960.655687	0.078564	0.301693	0.006320
960.045573	0.079934	0.301540	0.007331
959.403103	0.074372	0.301894	0.005642
958.803759	0.081545	0.300845	0.006135
958.252337	0.079012	0.301361	0.006928
957.640613	0.077754	0.300896	0.008908
957.028321	0.077258	0.301013	0.008992
956.416056	0.076632	0.301811	0.005310
955.851406	0.077299	0.301487	0.005605
955.218917	0.078118	0.301352	0.005869
954.618226	0.079106	0.301193	0.005800
953.967632	0.079494	0.301203	0.005382
953.339608	0.075553	0.300636	0.007210
952.765872	0.078127	0.301125	0.006754
952.129416	0.076338	0.300784	0.006754
951.515096	0.077227	0.301230	0.006184
950.940704	0.080434	0.301605	0.005731
950.358420	0.081790	0.301298	0.005545
949.760930	0.079167	0.300715	0.006842
949.113014	0.074728	0.300717	0.006161
948.550271	0.073402	0.300671	0.006133
947.937322	0.077434	0.300233	0.007130
947.382106	0.079522	0.299703	0.007835
946.815915	0.079929	0.299906	0.006716
946.202745	0.078338	0.300106	0.005380
945.610548	0.078987	0.300105	0.007015
945.049164	0.078612	0.300805	0.005472
944.475671	0.077964	0.300918	0.007530
943.847610	0.078346	0.301375	0.004830
943.257222	0.076857	0.300721	0.005156
942.637764	0.078626	0.300288	0.006377
942.067991	0.079135	0.299964	0.004640
941.442613	0.078100	0.299708	0.005790
940.853617	0.078843	0.299819	0.005548
940.176643	0.079297	0.299317	0.007469
939.546992	0.078583	0.299576	0.004456
938.960325	0.077470	0.299302	0.005555
938.333016	0.076660	0.299358	0.005196
937.755952	0.076326	0.299343	0.005536
937.176360	0.077810	0.299294	0.006432
936.620208	0.077514	0.298837	0.006302
935.992831	0.080569	0.298872	0.006303
935.383852	0.078152	0.298880	0.004747
934.784107	0.076457	0.298825	0.005597
934.146305	0.077559	0.298559	0.007891
933.562503	0.075765	0.298279	0.004918
932.974160	0.075417	0.298124	0.005916
932.370686	0.079316	0.297777	0.006857
931.777950	0.078124	0.297964	0.004581
931.205265	0.078563	0.297830	0.005015
930.566314	0.078395	0.298974	0.004771
929.972363	0.081081	0.297578	0.006111
929.319203	0.078561	0.297435	0.005862
928.764107	0.077720	0.297711	0.005169
928.178370	0.076769	0.297029	0.007915
927.550312	0.077251	0.297246	0.006135
926.958959	0.075022	0.296788	0.004241
926.356532	0.077518	0.296212	0.004744
925.798640	0.080411	0.295933	0.007259
925.182810	0.075603	0.296317	0.006228
924.576762	0.077648	0.296616	0.004715
923.955999	0.077739	0.296755	0.005051
923.328020	0.078727	0.296499	0.005084
922.755297	0.076569	0.296086	0.005061
922.151421	0.077291	0.296264	0.005127
921.497919	0.078080	0.296033	0.006376
920.864511	0.078011	0.296151	0.006208
920.221018	0.081433	0.296347	0.004711
919.574535	0.068965	0.295918	0.006376
918.939954	0.077980	0.295545	0.004842
918.385575	0.078914	0.295387	0.006556
917.760848	0.081060	0.295266	0.006525
917.172026	0.079056	0.295399	0.006008
916.540000	0.076375	0.295600	0.006111
915.934490	0.077293	0.295283	0.005881
915.300460	0.078872	0.294464	0.008887
914.730770	0.078506	0.295157	0.005336
914.139152	0.079036	0.295046	0.003883
913.583231	0.078354	0.294413	0.005387
913.003417	0.078047	0.294822	0.004147
912.418833	0.081392	0.293832	0.006107
911.861524	0.077730	0.293888	0.004595
911.244248	0.079785	0.293415	0.005974
910.646219	0.079791	0.292660	0.005120
910.034155	0.078589	0.292114	0.005422
909.397192	0.076791	0.291982	0.006315
908.831051	0.080284	0.292009	0.004711
908.217448	0.077588	0.291510	0.005887
907.579371	0.080651	0.291267	0.006953
906.939234	0.077303	0.291546	0.005914
906.375575	0.076616	0.291670	0.004706
905.742680	0.078532	0.291731	0.004492
905.108822	0.078012	0.291753	0.005048
904.470082	0.078707	0.291724	0.005938
903.814741	0.078159	0.292212	0.006341
903.247265	0.078756	0.292248	0.005816
902.599696	0.076175	0.292758	0.005118
901.980099	0.077683	0.292015	0.007405
901.330730	0.078531	0.291776	0.004970
900.758852	0.079745	0.291637	0.007423
900.148896	0.078705	0.292163	0.005464
899.518469	0.078419	0.292113	0.005916
898.862778	0.078287	0.292243	0.004644
898.283558	0.077730	0.292278	0.006420
897.754194	0.079714	0.292409	0.005630
897.106706	0.080029	0.292137	0.005815
896.526428	0.079201	0.292715	0.005387
895.889458	0.079336	0.292136	0.005020
895.249794	0.080228	0.291791	0.005336
894.665351	0.077718	0.291769	0.007418
894.060326	0.077444	0.291940	0.006013
893.448010	0.076760	0.291589	0.004231
892.822139	0.079189	0.291613	0.005167
892.229367	0.078460	0.290851	0.007440
891.569709	0.078449	0.290906	0.006398
890.989822	0.081145	0.290591	0.007572
890.348057	0.078132	0.291281	0.005004
889.720803	0.079252	0.290856	0.006044
889.135889	0.080577	0.291120	0.007597
888.493700	0.080491	0.290871	0.004755
887.875947	0.078889	0.290717	0.004477
887.219641	0.085925	0.290708	0.005495
886.650823	0.079240	0.290132	0.007489
886.019547	0.079085	0.290064	0.007626
885.374918	0.077485	0.290124	0.007076
884.744515	0.078534	0.290050	0.006086
884.141783	0.078639	0.290296	0.004633
883.585949	0.080341	0.289688	0.007018
882.983039	0.077916	0.290034	0.004623
882.359411	0.078358	0.290196	0.003947
881.736807	0.076366	0.290044	0.004558
881.160669	0.077350	0.290165	0.005038
880.574527	0.077193	0.289875	0.007938
879.966900	0.078080	0.291145	0.004091
879.330522	0.077966	0.290144	0.006749
878.688668	0.076366	0.291113	0.005176
878.115219	0.078692	0.291158	0.005385
877.488199	0.078600	0.291191	0.005537
876.870030	0.079185	0.290768	0.004963
876.297095	0.078746	0.290018	0.006729
875.682231	0.079058	0.289887	0.005465
875.099485	0.077785	0.289437	0.006517
874.505264	0.077101	0.289784	0.005030
873.900215	0.078477	0.289374	0.007311
873.259315	0.079306	0.289174	0.007133
872.696544	0.078111	0.289450	0.007324
872.129557	0.077747	0.290047	0.004626
871.554944	0.078523	0.289906	0.005504
870.932931	0.078373	0.289540	0.006002
870.320653	0.077457	0.289335	0.004963
869.755685	0.076859	0.289191	0.005695
869.171494	0.077710	0.289664	0.004731
868.547950	0.079304	0.289468	0.005575
867.908141	0.079392	0.289690	0.004922
867.331621	0.080624	0.289441	0.007326
866.747050	0.079536	0.289397	0.005951
866.108089	0.079334	0.289436	0.005174
865.492411	0.078593	0.289336	0.005361
864.859031	0.077716	0.289553	0.005213
864.281491	0.075581	0.289435	0.006560
863.683032	0.080013	0.289281	0.005666
863.052875	0.077218	0.289341	0.004950
862.425593	0.078715	0.289401	0.004999
861.864201	0.078918	0.289444	0.005601
861.245364	0.079227	0.289637	0.004402
860.568449	0.078792	0.288803	0.009754
859.983157	0.079732	0.289035	0.008172
859.346722	0.078606	0.289750	0.004549
858.788831	0.077101	0.289435	0.004858
858.199734	0.077831	0.289038	0.007157
857.612780	0.079436	0.289668	0.004505
856.961072	0.078465	0.289463	0.006869
856.338240	0.080020	0.289258	0.008218
855.782981	0.079392	0.289650	0.004609
855.167019	0.079022	0.289497	0.005378
854.559036	0.078573	0.289971	0.005008
853.949855	0.079329	0.289397	0.007580
853.388336	0.076278	0.289283	0.008579
852.783160	0.079675	0.289880	0.006127
852.170662	0.079888	0.290293	0.005113
851.557769	0.079271	0.289748	0.005273
850.903165	0.079633	0.290098	0.004712
850.340382	0.079826	0.290437	0.005683
849.744930	0.077715	0.290166	0.005155
849.138624	0.078455	0.289877	0.005014
848.501194	0.079247	0.290283	0.005321
847.926484	0.077088	0.289987	0.005502
847.330613	0.078420	0.290363	0.005891
846.710876	0.078363	0.290581	0.004809
846.081025	0.078361	0.290057	0.005001
845.491026	0.078193	0.290432	0.005669
844.902351	0.079739	0.290149	0.007816
844.294231	0.078341	0.290942	0.004727
843.675970	0.078961	0.291200	0.004786
843.037182	0.078041	0.290678	0.005700
842.483095	0.076832	0.291683	0.005033
841.881607	0.078219	0.290708	0.006450
841.276355	0.080352	0.290534	0.006465
840.637404	0.076553	0.291149	0.004610
839.993459	0.077821	0.290877	0.006922
839.418817	0.079036	0.290956	0.005460
838.776298	0.077974	0.290519	0.005484
838.161036	0.078835	0.290260	0.008418
837.544764	0.077164	0.291131	0.005096
836.955833	0.077743	0.290578	0.007156
836.379504	0.077369	0.290691	0.006711
835.790219	0.078815	0.291447	0.005834
835.156262	0.080341	0.291471	0.004030
834.501756	0.079561	0.290995	0.005865
833.910355	0.079402	0.290844	0.006501
833.244028	0.081238	0.290992	0.006120
832.609772	0.079361	0.291013	0.007804
831.961626	0.079057	0.291729	0.004835
831.340285	0.079739	0.291614	0.007376
830.782628	0.078087	0.291919	0.004621
830.151429	0.078505	0.292190	0.005666
829.540530	0.079067	0.292612	0.004767
828.925338	0.077621	0.292814	0.004507
828.360431	0.079837	0.292505	0.005521
827.726344	0.078280	0.293153	0.004265
827.137474	0.078690	0.292424	0.006383
826.532438	0.079912	0.292804	0.006613
825.908035	0.079976	0.293158	0.005355
825.346659	0.079642	0.293934	0.004275
824.716638	0.077846	0.293690	0.006763
824.084969	0.079649	0.293523	0.005104
823.501023	0.078118	0.293937	0.004815
822.908792	0.077852	0.293721	0.004540
822.328199	0.076031	0.293602	0.006131
821.687986	0.076803	0.293455	0.006910
821.081868	0.078175	0.293517	0.006923
820.428597	0.079132	0.294724	0.004688
819.862699	0.079220	0.295234	0.004619
819.277010	0.077785	0.295225	0.005717
818.650728	0.078588	0.295095	0.004633
818.039721	0.078260	0.295605	0.005320
817.459200	0.079235	0.295753	0.005111
816.832972	0.078960	0.295911	0.006726
816.159617	0.079208	0.296159	0.007366
815.606669	0.079190	0.295738	0.007210
815.016733	0.079495	0.296459	0.004982
814.459107	0.079065	0.296767	0.005672
813.775492	0.078209	0.295958	0.007692
813.102456	0.079625	0.296765	0.005380
812.446138	0.079012	0.296868	0.004900
811.880478	0.078325	0.296954	0.005969
811.304864	0.079094	0.297556	0.004809
810.658400	0.079998	0.297595	0.005728
809.988984	0.078514	0.297453	0.005900
809.325068	0.078804	0.297758	0.006263
808.697820	0.079052	0.298332	0.004968
808.152312	0.079338	0.298468	0.004576
807.553728	0.077938	0.298530	0.006212
806.884457	0.079198	0.299035	0.006382
806.224893	0.078308	0.300187	0.004969
805.559436	0.078965	0.300557	0.005908
804.992209	0.077549	0.300709	0.005136
804.381207	0.077479	0.300302	0.004668
803.711254	0.077165	0.300205	0.005742
803.047780	0.077362	0.300110	0.007208
802.417317	0.079240	0.300059	0.005445
801.857734	0.079107	0.301309	0.004810
801.210773	0.079361	0.301526	0.005779
800.554267	0.078360	0.301184	0.004929
799.880920	0.078066	0.301403	0.005110
799.202119	0.079080	0.301386	0.005806
798.560320	0.079522	0.301550	0.004456
797.988423	0.079093	0.301538	0.006385
797.350197	0.078326	0.301864	0.005868
796.725077	0.078492	0.302687	0.006100
796.047978	0.078296	0.302913	0.006324
795.395307	0.078078	0.303248	0.005725
794.738344	0.078559	0.303132	0.005590
794.125355	0.078737	0.303963	0.005994
793.494882	0.076976	0.304440	0.006008
792.830677	0.077161	0.303484	0.006223
792.188051	0.077272	0.304188	0.005607
791.551452	0.078848	0.304552	0.004316
790.934421	0.079796	0.304745	0.005610
790.275900	0.079801	0.305259	0.005716
789.614329	0.079363	0.305450	0.006642
788.973588	0.079100	0.306518	0.005807
788.413072	0.078138	0.306048	0.006577
787.809107	0.078418	0.306531	0.004496
787.182848	0.079321	0.306679	0.004419
786.568783	0.077413	0.306759	0.005002
785.936778	0.077255	0.307067	0.005700
785.371050	0.077390	0.307762	0.004674
784.747230	0.078264	0.308615	0.006287
784.108884	0.077889	0.308435	0.006136
783.500676	0.079205	0.308628	0.007826
782.933154	0.079280	0.309267	0.006308
782.302256	0.079789	0.309299	0.007664
781.702246	0.078293	0.309594	0.005650
781.125260	0.079450	0.310165	0.004905
780.516714	0.078422	0.310190	0.007035
779.945629	0.078883	0.311031	0.004546
779.314045	0.078764	0.310903	0.007426
778.733178	0.079714	0.311308	0.005032
778.108188	0.079074	0.311786	0.005040
777.549115	0.078036	0.311858	0.006288
776.955679	0.078878	0.312473	0.005972
776.356216	0.079425	0.312513	0.004843
775.725120	0.077909	0.313044	0.005511
775.147193	0.077144	0.313736	0.004625
774.547909	0.078596	0.313774	0.006932
773.925688	0.077990	0.314474	0.006113
773.289084	0.078853	0.314666	0.006345
772.699622	0.079498	0.314986	0.006138
772.143325	0.078190	0.315510	0.006038
771.510217	0.079139	0.316024	0.006720
770.896901	0.078786	0.316505	0.005398
770.291483	0.079992	0.316279	0.008168
769.636101	0.079250	0.316804	0.004721
769.061712	0.077808	0.317199	0.005747
768.445223	0.078402	0.317147	0.006480
767.812755	0.078768	0.318175	0.006336
767.207939	0.080397	0.318739	0.005306
766.604425	0.079142	0.319209	0.004920
765.954275	0.079677	0.319430	0.006504
765.322988	0.079035	0.320538	0.005048
764.694576	0.079480	0.320107	0.006881
764.106260	0.081046	0.320733	0.005386
763.499661	0.079657	0.321175	0.007391
762.884334	0.078336	0.322630	0.005389
762.283583	0.077575	0.322545	0.007352
761.672568	0.079716	0.323299	0.004754
761.043136	0.080363	0.322640	0.007855
760.469523	0.078321	0.323526	0.004946
759.844315	0.078283	0.324782	0.004687
759.239633	0.078488	0.324972	0.006031
758.589256	0.079502	0.324849	0.008091
757.975544	0.078982	0.325651	0.005210
757.397566	0.077988	0.325942	0.005515
756.795119	0.076132	0.326180	0.007158
756.180358	0.079757	0.327169	0.007062
755.615312	0.079179	0.327565	0.008640
754.968923	0.079873	0.328219	0.005944
754.352936	0.079163	0.328612	0.006187
753.738529	0.078016	0.328781	0.007468
753.139070	0.079761	0.329137	0.005225
752.584912	0.078863	0.330203	0.005410
751.967438	0.079224	0.330063	0.006286
751.368913	0.079161	0.331141	0.005031
750.763285	0.080072	0.331722	0.006681
750.152221	0.080374	0.332453	0.005792
749.565826	0.078843	0.332642	0.006892
748.967820	0.078949	0.333299	0.007942
748.332641	0.080466	0.333470	0.008832
747.721349	0.079230	0.334627	0.005688
747.165337	0.080101	0.334487	0.009343
746.533657	0.079020	0.335302	0.007958
745.954882	0.077806	0.336572	0.005538
745.347502	0.080196	0.336508	0.005021
744.715659	0.078662	0.336703	0.007533
744.149744	0.081004	0.337246	0.006169
743.531487	0.079752	0.338065	0.004470
742.950850	0.079260	0.338756	0.005787
742.347783	0.078837	0.339035	0.008328
741.709707	0.078940	0.339985	0.004993
741.142636	0.078117	0.340530	0.006607
740.536175	0.077835	0.341187	0.006162
739.909807	0.080243	0.342822	0.005299
739.289406	0.078075	0.343023	0.006838
738.710421	0.077309	0.343450	0.006429
738.114232	0.080008	0.343922	0.006934
737.487960	0.078895	0.344199	0.007057
736.898118	0.078555	0.345570	0.005372
736.329788	0.078032	0.345584	0.007113
735.694770	0.078005	0.346421	0.005310
735.073071	0.077504	0.347399	0.005127
734.430773	0.080300	0.348599	0.005097
733.787822	0.078570	0.349297	0.005804
733.209440	0.079332	0.350053	0.006557
732.600322	0.075787	0.350612	0.005925
731.999798	0.077472	0.350300	0.008882
731.370335	0.077471	0.351942	0.005634
730.739230	0.079803	0.352921	0.005148
730.146439	0.077075	0.353502	0.006921
729.549565	0.076619	0.354399	0.005317
728.931721	0.075774	0.354860	0.006674
728.341568	0.078067	0.355766	0.006084
727.781299	0.078349	0.356250	0.006930
727.132010	0.078330	0.356762	0.006890
726.506558	0.079927	0.357277	0.006538
725.904927	0.079676	0.358385	0.006911
725.268822	0.073629	0.359374	0.005921
724.712569	0.079146	0.360192	0.005298
724.090181	0.079027	0.360754	0.006921
723.471089	0.080527	0.360944	0.007803
722.831517	0.078140	0.362153	0.008254
722.240198	0.078517	0.362733	0.009654
721.667485	0.079895	0.364058	0.006065
721.069328	0.077996	0.365161	0.007148
720.433134	0.079935	0.366300	0.006284
719.867385	0.077748	0.367196	0.005399
719.290754	0.080960	0.367257	0.008744
718.679747	0.078089	0.367920	0.005971
718.092064	0.077779	0.368648	0.006956
717.462821	0.076155	0.369699	0.010300
716.904398	0.079519	0.371555	0.006018
716.265282	0.079955	0.371746	0.007785
715.645529	0.077735	0.373284	0.006413
715.043966	0.079926	0.373329	0.007222
714.374066	0.083430	0.374843	0.005604
713.812860	0.078563	0.375719	0.005415
713.176670	0.081180	0.376532	0.008268
712.519584	0.080009	0.377838	0.007041
711.941157	0.080116	0.378466	0.007227
711.338167	0.079103	0.379094	0.007893
710.758327	0.079536	0.379777	0.009599
710.152461	0.079387	0.381124	0.005724
709.567504	0.080433	0.381996	0.007267
708.996673	0.077905	0.382653	0.009757
708.370135	0.078268	0.384459	0.005802
707.791536	0.081508	0.384455	0.007953
707.222239	0.080073	0.385487	0.007121
706.632951	0.077724	0.385525	0.009208
706.037505	0.080249	0.386504	0.008584
705.459267	0.079784	0.387325	0.006079
704.845492	0.080117	0.388151	0.006005
704.226771	0.081612	0.388820	0.005429
703.578539	0.076066	0.389854	0.005652
703.011778	0.078167	0.389853	0.008638
702.425679	0.078674	0.391028	0.006734
701.818380	0.078252	0.391949	0.006263
701.190255	0.078246	0.391989	0.007177
700.581249	0.079722	0.393283	0.008942
700.012724	0.079155	0.394745	0.006662
699.388105	0.078662	0.395875	0.006804
698.773944	0.080052	0.396977	0.006446
698.178456	0.078065	0.397171	0.011808
697.615672	0.079027	0.399066	0.008776
696.989412	0.077776	0.401260	0.007884
696.383717	0.078393	0.402816	0.009517
695.813653	0.079196	0.403817	0.010520
695.202013	0.079093	0.405423	0.006970
694.574814	0.080676	0.406744	0.007370
693.970572	0.078188	0.406980	0.006756
693.411356	0.077700	0.407628	0.008275
692.801103	0.082039	0.409242	0.008263
692.160047	0.078632	0.410921	0.006132
691.553077	0.079393	0.411641	0.008931
690.926604	0.082359	0.413563	0.005013
690.326961	0.079688	0.413631	0.010963
689.751477	0.078732	0.414128	0.005993
689.134409	0.078395	0.415115	0.007101
688.515575	0.081628	0.416639	0.006272
687.940849	0.079670	0.418327	0.006916
687.380802	0.077802	0.420047	0.006835
686.817617	0.077838	0.420022	0.010384
686.227251	0.081279	0.421465	0.005658
685.598523	0.080139	0.421916	0.007824
684.996870	0.079281	0.423238	0.006063
684.427025	0.078974	0.424421	0.007318
683.784466	0.080333	0.426150	0.005331
683.164419	0.077255	0.427721	0.006567
682.589418	0.079122	0.428433	0.006756
681.968755	0.074938	0.428589	0.007230
681.426066	0.078698	0.429884	0.007777
680.840650	0.077648	0.430862	0.009647
680.241333	0.080630	0.433067	0.008706
679.595226	0.080224	0.434303	0.008123
678.954061	0.079366	0.435081	0.011742
678.378837	0.079095	0.437011	0.006886
677.758258	0.078037	0.437566	0.006102
677.162132	0.075772	0.438540	0.008909
676.556921	0.078763	0.439609	0.008217
675.995226	0.078355	0.441021	0.007491
675.366099	0.078913	0.442105	0.007559
674.764932	0.077926	0.443979	0.006438
674.183023	0.080794	0.445139	0.007241
673.578538	0.077511	0.445196	0.011132
672.998750	0.080159	0.446878	0.007093
672.406102	0.080078	0.447994	0.007699
671.799558	0.081139	0.449325	0.009628
671.170108	0.079606	0.451162	0.007742
670.542064	0.076298	0.452000	0.006735
669.988704	0.078345	0.452675	0.010431
669.347927	0.077841	0.453834	0.010533
668.704260	0.077803	0.455303	0.006947
668.085551	0.078207	0.456865	0.006598
667.464352	0.078045	0.458440	0.008142
666.892564	0.077159	0.458979	0.008332
666.296696	0.080126	0.459736	0.011585
665.731348	0.078702	0.461792	0.009096
665.117646	0.078075	0.463261	0.009359
664.556138	0.077015	0.464824	0.006951
663.956258	0.075267	0.465615	0.008276
663.362230	0.078113	0.466623	0.009299
662.737979	0.079815	0.467335	0.008871
662.101811	0.078865	0.469155	0.007286
661.521053	0.080128	0.471347	0.008928
660.898018	0.075994	0.472784	0.007993
660.285488	0.077827	0.473964	0.009022
659.679001	0.079086	0.475114	0.008856
659.034985	0.079356	0.477117	0.008300
658.436948	0.082461	0.478680	0.007719
657.853782	0.078968	0.479116	0.010024
657.273228	0.078142	0.481815	0.008720
656.659789	0.076494	0.482379	0.007389
656.089103	0.078012	0.483573	0.009501
655.512051	0.081400	0.485067	0.007078
654.893705	0.081698	0.486074	0.007528
654.254302	0.078272	0.488133	0.008089
653.660918	0.078464	0.488977	0.009589
653.062901	0.078925	0.490780	0.010027
652.442739	0.081687	0.491997	0.010716
651.832474	0.078691	0.493085	0.007984
651.253006	0.080268	0.494030	0.007040
650.663015	0.078216	0.494919	0.011152
650.093478	0.077945	0.497085	0.011349
649.464448	0.081096	0.497665	0.010441
648.879784	0.078274	0.498616	0.012636
648.235243	0.076823	0.500838	0.008862
647.669708	0.079914	0.502666	0.009275
647.064640	0.077446	0.503758	0.009742
646.421372	0.081904	0.505607	0.007844
645.837351	0.076966	0.506463	0.008577
645.203246	0.078430	0.507304	0.010416
644.520368	0.079397	0.508817	0.009023
643.836067	0.079217	0.510944	0.009403
643.172270	0.078349	0.512613	0.008351
642.544301	0.078089	0.514410	0.007515
641.983806	0.078123	0.515628	0.009812
641.389076	0.082216	0.516419	0.013548
640.764498	0.078905	0.517754	0.012052
640.123599	0.078819	0.520447	0.009001
639.568686	0.079020	0.520783	0.011134
638.954470	0.080345	0.523016	0.007453
638.390961	0.079938	0.524241	0.008222
637.763405	0.080024	0.525410	0.009434
637.205995	0.079393	0.527245	0.008478
636.613753	0.081691	0.528904	0.009778
635.960343	0.078189	0.531338	0.010675
635.325043	0.079573	0.533414	0.006991
635.241481	0.081303	0.532521	0.007469
635.801854	0.076972	0.531645	0.007713
636.386892	0.076348	0.530001	0.007588
636.986361	0.080216	0.528892	0.006993
637.619209	0.079585	0.526961	0.008370
638.193341	0.078528	0.524525	0.009944
638.768328	0.079425	0.523093	0.008648
639.420256	0.079098	0.522075	0.007864
640.025082	0.079447	0.521060	0.008403
640.685675	0.078262	0.518963	0.007365
641.312441	0.081210	0.518223	0.006289
641.896797	0.077421	0.516918	0.009231
642.538899	0.080114	0.515070	0.008771
643.133723	0.079421	0.512017	0.007806
643.765823	0.080983	0.511100	0.008068
644.334703	0.079109	0.510806	0.007943
644.985060	0.079210	0.509035	0.009233
645.622682	0.076836	0.507687	0.011684
646.226953	0.078317	0.505684	0.012023
646.844061	0.079854	0.505290	0.007835
647.420589	0.078859	0.503821	0.007612
648.037739	0.082162	0.502341	0.009658
648.663094	0.076675	0.500480	0.010931
649.293986	0.083326	0.498214	0.007454
649.911372	0.079404	0.495524	0.007742
650.490904	0.078797	0.494288	0.011005
651.117134	0.075926	0.493201	0.012606
651.723001	0.079553	0.493193	0.007603
652.355128	0.079473	0.492037	0.011284
652.954199	0.080431	0.491362	0.009796
653.559727	0.078712	0.489028	0.011045
654.199876	0.078158	0.488053	0.009977
654.841858	0.077762	0.486607	0.006659
655.428627	0.078437	0.484728	0.010597
655.995577	0.078081	0.482380	0.010977
656.611180	0.077939	0.481412	0.008352
657.251258	0.076777	0.480066	0.008966
657.873899	0.080173	0.480011	0.007047
658.446482	0.079734	0.479440	0.006842
659.075428	0.077795	0.477864	0.007851
659.728185	0.081914	0.475034	0.014063
660.364778	0.077594	0.474618	0.005209
660.915166	0.078505	0.473301	0.006929
661.476944	0.077943	0.472597	0.006940
662.060868	0.078917	0.471778	0.009719
662.688364	0.079968	0.470439	0.007175
663.298173	0.078215	0.469247	0.006321
663.955306	0.077131	0.466748	0.005980
664.520231	0.077700	0.465469	0.007635
665.109095	0.077534	0.463840	0.008338
665.741079	0.079239	0.461319	0.008911
666.381358	0.081821	0.460518	0.009381
666.971623	0.078709	0.458981	0.008095
667.599752	0.078984	0.457977	0.008967
668.233629	0.079047	0.456550	0.008426
668.835727	0.080142	0.455994	0.006198
669.476123	0.079044	0.454778	0.009030
670.050903	0.075748	0.452757	0.008741
670.654986	0.077984	0.451089	0.009809
671.289511	0.078265	0.450634	0.008751
671.894594	0.080268	0.450273	0.005959
672.484555	0.076803	0.448877	0.007318
673.069891	0.078475	0.447390	0.007710
673.676501	0.078432	0.445986	0.009716
674.288877	0.077289	0.445108	0.006267
674.954783	0.079249	0.445052	0.005935
675.513367	0.075742	0.443558	0.007127
676.124965	0.078078	0.442231	0.006420
676.757229	0.080095	0.439841	0.007230
677.385991	0.079159	0.439798	0.006687
677.958499	0.075974	0.438001	0.008556
678.581829	0.075697	0.436308	0.010894
679.187709	0.079715	0.435435	0.007792
679.797784	0.080531	0.432865	0.009399
680.460122	0.078523	0.433124	0.005831
681.027747	0.079741	0.431907	0.009157
681.644934	0.080881	0.429976	0.010492
682.258422	0.077548	0.428958	0.006645
682.875577	0.079868	0.427369	0.008430
683.470456	0.078264	0.425909	0.009238
684.033965	0.079563	0.425208	0.007657
684.671047	0.080051	0.424483	0.009538
685.291407	0.080055	0.423812	0.007257
685.932028	0.081043	0.422586	0.006756
686.505266	0.078510	0.421638	0.006323
687.073040	0.078467	0.420089	0.008446
687.661750	0.077119	0.420378	0.006124
688.301166	0.080916	0.418588	0.005688
688.916581	0.079803	0.417763	0.008986
689.513778	0.077059	0.416054	0.007850
690.178831	0.077527	0.414760	0.007987
690.757652	0.080325	0.413183	0.007802
691.381993	0.077311	0.412392	0.006260
691.948115	0.076697	0.411861	0.005820
692.535026	0.078814	0.410136	0.005098
693.118900	0.081936	0.409062	0.006595
693.741320	0.079572	0.407272	0.009519
694.358507	0.078268	0.406116	0.010904
694.927527	0.078549	0.405874	0.007241
695.549070	0.078517	0.404735	0.007215
696.148532	0.081163	0.403747	0.007580
696.790372	0.079606	0.402213	0.006198
697.396307	0.080618	0.401257	0.006857
698.045651	0.082048	0.400883	0.006365
698.653215	0.079439	0.400241	0.006877
699.265013	0.078841	0.398450	0.007699
699.863198	0.078191	0.397708	0.005765
700.435144	0.080554	0.396926	0.005869
701.069838	0.078287	0.395577	0.006928
701.732936	0.080686	0.393779	0.009113
702.344383	0.079664	0.393536	0.005857
702.965666	0.076651	0.392184	0.004812
703.525265	0.079937	0.390863	0.007836
704.123023	0.079217	0.390643	0.009777
704.734790	0.079610	0.390203	0.005672
705.345092	0.080092	0.388475	0.007341
705.913387	0.081961	0.388200	0.007284
706.541103	0.078386	0.386401	0.007769
707.148572	0.078326	0.385860	0.008121
707.798707	0.077288	0.385294	0.006702
708.408528	0.078341	0.385137	0.006031
708.991339	0.080760	0.383679	0.007461
709.605436	0.080393	0.382026	0.007988
710.192314	0.078003	0.381426	0.007347
710.774203	0.078542	0.379502	0.007871
711.323299	0.078195	0.378747	0.008243
711.951123	0.079666	0.379127	0.005816
712.575587	0.078588	0.377220	0.009277
713.192303	0.079520	0.376728	0.005992
713.848234	0.079841	0.376171	0.004507
714.429697	0.082384	0.374939	0.005315
715.038182	0.080324	0.374657	0.004998
715.682486	0.079782	0.373565	0.005505
716.310682	0.078676	0.373121	0.006550
716.879999	0.078697	0.372202	0.005478
717.487702	0.078820	0.370482	0.006313
718.121235	0.079110	0.369566	0.007620
718.699596	0.076944	0.369066	0.008836
719.344708	0.078765	0.367635	0.008649
719.910647	0.080100	0.366874	0.007379
720.484191	0.079191	0.365851	0.005287
721.105412	0.076912	0.365168	0.005233
721.747670	0.077957	0.364616	0.006880
722.327674	0.077061	0.364355	0.005955
722.961846	0.078096	0.362890	0.005054
723.606776	0.078503	0.361873	0.005754
724.210891	0.078801	0.361663	0.008298
724.853158	0.077012	0.360679	0.007206
725.394972	0.077028	0.360316	0.006526
726.020094	0.079514	0.358733	0.008927
726.664671	0.079233	0.357865	0.006888
727.269764	0.079632	0.357218	0.006871
727.896563	0.076989	0.356699	0.005872
728.457593	0.079097	0.356566	0.005774
729.074247	0.078361	0.355822	0.006213
729.675177	0.078295	0.354716	0.006227
730.320032	0.077193	0.353357	0.006824
730.906336	0.077464	0.353406	0.005213
731.509554	0.078588	0.352106	0.005779
732.136711	0.078190	0.352322	0.007565
732.754967	0.079743	0.351234	0.004897
733.341422	0.080338	0.350948	0.005605
733.907169	0.079843	0.349914	0.004719
734.524109	0.077707	0.349108	0.005587
735.134299	0.079146	0.348689	0.005155
735.735930	0.079417	0.347830	0.006818
736.316765	0.078394	0.346539	0.006417
736.951341	0.080018	0.345990	0.005906
737.575939	0.078236	0.345034	0.008480
738.216203	0.079102	0.344909	0.006271
738.821360	0.077981	0.344674	0.006394
739.383650	0.080299	0.343427	0.008961
740.000092	0.078138	0.342931	0.006530
740.630962	0.078513	0.341968	0.007186
741.229236	0.078473	0.341635	0.006855
741.834804	0.078725	0.341090	0.006244
742.468444	0.078639	0.340140	0.006241
743.107574	0.077964	0.339076	0.008280
743.743971	0.079530	0.339135	0.005611
744.326080	0.078085	0.338942	0.005734
744.910115	0.079948	0.338344	0.005925
745.544965	0.078799	0.337738	0.006685
746.147367	0.078354	0.337171	0.005297
746.743629	0.077281	0.336243	0.007196
747.371150	0.078337	0.335974	0.006692
747.947501	0.079143	0.335266	0.007188
748.564867	0.078958	0.333922	0.006989
749.149511	0.078296	0.333936	0.004260
749.702541	0.078206	0.333526	0.005755
750.279680	0.079005	0.333309	0.005738
750.928546	0.077082	0.332818	0.006064
751.531845	0.078969	0.332395	0.007103
752.164282	0.078266	0.331472	0.006520
752.745220	0.078169	0.330835	0.006404
753.328281	0.079824	0.329873	0.007916
753.934483	0.080447	0.328855	0.009394
754.541304	0.078492	0.328009	0.009893
755.143338	0.079208	0.328878	0.007529
755.699921	0.079298	0.328755	0.005476
756.292795	0.079285	0.327102	0.009066
756.936927	0.078973	0.326853	0.007732
757.526405	0.077982	0.326732	0.005269
758.136177	0.077239	0.325639	0.006629
758.759636	0.076947	0.326082	0.005810
759.406709	0.078983	0.325629	0.005852
760.032477	0.078028	0.324162	0.007822
760.611779	0.079436	0.323560	0.006881
761.178944	0.078987	0.323300	0.006324
761.749854	0.079526	0.322968	0.007736
762.349337	0.078811	0.322949	0.006585
762.951580	0.078767	0.322990	0.004575
763.505872	0.077542	0.322094	0.005119
764.118693	0.080997	0.322192	0.005200
764.711030	0.080968	0.321526	0.005772
765.338103	0.079660	0.321428	0.004884
765.916614	0.078223	0.320382	0.006342
766.505285	0.079821	0.320051	0.004912
767.130268	0.078695	0.319662	0.005675
767.765628	0.077990	0.318856	0.008503
768.363598	0.075839	0.318879	0.006326
768.949721	0.078377	0.318867	0.004757
769.580804	0.079520	0.318240	0.005336
770.202990	0.079783	0.317389	0.005133
770.779374	0.079209	0.316649	0.006155
771.367467	0.078802	0.316762	0.005760
771.999218	0.078872	0.316182	0.006238
772.631699	0.079125	0.315528	0.005522
773.273449	0.079351	0.315299	0.009617
773.879634	0.079800	0.314948	0.006773
774.446218	0.078489	0.315127	0.005632
775.047705	0.078910	0.314138	0.004684
775.683962	0.078810	0.313606	0.004878
776.284246	0.078211	0.313849	0.004317
776.847182	0.078649	0.313497	0.005440
777.447294	0.079356	0.313117	0.005245
778.033069	0.079910	0.312264	0.006893
778.638514	0.077832	0.312407	0.004695
779.282589	0.076634	0.312542	0.005466
779.921742	0.078263	0.311994	0.005379
780.480424	0.078184	0.311967	0.005817
781.109308	0.079550	0.311614	0.006333
781.746111	0.078561	0.310820	0.007444
782.325679	0.079147	0.310613	0.006202
782.964212	0.077447	0.310516	0.005812
783.596874	0.079739	0.309947	0.006356
784.162539	0.079589	0.308807	0.008000
784.787897	0.077620	0.309430	0.005733
785.373294	0.077984	0.309190	0.006305
785.990135	0.077794	0.308740	0.006295
786.626873	0.076101	0.307967	0.007808
787.250181	0.080933	0.307500	0.007122
787.846296	0.079231	0.307575	0.005666
788.490932	0.078762	0.307557	0.006128
789.085704	0.078801	0.306654	0.005917
789.685803	0.077431	0.306491	0.004744
790.302424	0.078494	0.305820	0.005959
790.880262	0.077097	0.305479	0.006097
791.480882	0.079410	0.305380	0.004807
792.138969	0.077651	0.304906	0.006309
792.727917	0.079230	0.304618	0.006834
793.287583	0.079003	0.304558	0.004822
793.916311	0.080384	0.304330	0.004615
794.563589	0.080352	0.303622	0.006860
795.179358	0.079532	0.303329	0.006444
795.818401	0.078829	0.303300	0.004745
796.394083	0.079396	0.302990	0.005185
796.999363	0.078627	0.303183	0.004069
797.625108	0.078470	0.302885	0.005841
798.271442	0.078699	0.302270	0.005958
798.846057	0.079813	0.301633	0.007653
799.479922	0.077510	0.301680	0.006162
800.092214	0.077976	0.301475	0.005389
