800.456304	0.078684	0.785353	0.012175
801.082930	0.078777	0.784835	0.014881
801.648815	0.079071	0.784913	0.011773
802.267508	0.077995	0.783421	0.016883
802.827493	0.079175	0.783261	0.013115
803.397372	0.078287	0.783434	0.013186
803.978466	0.079709	0.781632	0.016034
804.532870	0.079434	0.780438	0.016764
805.090650	0.078627	0.783022	0.011976
805.680388	0.078768	0.782978	0.013246
806.259064	0.079879	0.782577	0.009858
806.882081	0.077585	0.781380	0.011614
807.488598	0.079237	0.779851	0.016036
808.076069	0.079919	0.780925	0.013444
808.669588	0.078356	0.781197	0.011370
809.322293	0.078722	0.779251	0.015665
809.886532	0.077769	0.779288	0.015248
810.526047	0.080103	0.777102	0.019304
811.105752	0.077414	0.777569	0.011505
811.647518	0.067358	0.777567	0.014136
812.199596	0.079641	0.777273	0.012761
812.832611	0.079185	0.776738	0.011206
813.400514	0.078496	0.776881	0.010754
814.064755	0.079224	0.775918	0.013529
814.649955	0.078619	0.775273	0.011627
815.267743	0.077601	0.775308	0.011218
815.838357	0.078756	0.773904	0.016760
816.423892	0.079361	0.774734	0.013447
817.003023	0.078029	0.774272	0.019457
817.562186	0.078268	0.773561	0.017956
818.161436	0.077922	0.773526	0.011525
818.794060	0.079350	0.773083	0.010248
819.351874	0.079062	0.771589	0.014106
819.988498	0.077368	0.771955	0.011242
820.653051	0.077447	0.771616	0.012709
821.233621	0.078373	0.768265	0.022985
821.826726	0.078910	0.769725	0.011727
822.447491	0.075890	0.767605	0.020698
823.056911	0.079724	0.768660	0.015747
823.697647	0.080124	0.768344	0.011129
824.306740	0.079485	0.767727	0.014356
824.917454	0.078285	0.767906	0.011362
825.547369	0.078617	0.768415	0.012402
826.157557	0.078121	0.767120	0.016345
826.722474	0.078749	0.763824	0.022917
827.285041	0.079109	0.765118	0.018225
827.898584	0.077913	0.765456	0.010715
828.536608	0.078102	0.763389	0.024870
829.109569	0.077260	0.764145	0.016913
829.665052	0.078202	0.764438	0.010674
830.266567	0.077313	0.763718	0.013528
830.922764	0.077781	0.761939	0.010160
831.516572	0.077376	0.761696	0.011001
832.074391	0.078732	0.761903	0.009465
832.700685	0.080107	0.761072	0.012040
833.305412	0.078736	0.759369	0.014918
833.886073	0.079375	0.758504	0.011989
834.463858	0.078358	0.759153	0.008709
835.100420	0.079233	0.758520	0.012834
835.712684	0.077594	0.758012	0.011474
836.356397	0.078253	0.757251	0.017594
836.940467	0.078587	0.756739	0.013463
837.546717	0.078982	0.755499	0.013907
838.122572	0.078683	0.753430	0.015892
838.721967	0.079551	0.755217	0.011740
839.345789	0.078209	0.754751	0.013859
839.939375	0.076475	0.753666	0.016595
840.567153	0.077317	0.752546	0.014307
841.185892	0.080171	0.751902	0.010229
841.785555	0.077869	0.752222	0.007332
842.400864	0.079210	0.749272	0.012891
843.014471	0.079206	0.748243	0.009450
843.601686	0.078279	0.748954	0.009657
844.175491	0.079018	0.747138	0.016231
844.810422	0.079132	0.747193	0.015389
845.426587	0.078180	0.747021	0.014713
846.015978	0.078863	0.747494	0.012516
846.608923	0.078816	0.746554	0.011281
847.276565	0.077230	0.745971	0.012441
847.869578	0.078172	0.743254	0.014391
848.504555	0.079293	0.743529	0.014417
849.116450	0.079448	0.742409	0.018959
849.703447	0.079468	0.742632	0.014208
850.322549	0.078771	0.742327	0.016350
850.944814	0.079647	0.740689	0.015928
851.501406	0.078297	0.739815	0.014937
852.062961	0.078766	0.741646	0.010533
852.704724	0.078878	0.739022	0.017526
853.312454	0.078994	0.739545	0.012374
853.920530	0.079671	0.737784	0.016686
854.497466	0.078783	0.737931	0.011708
855.105759	0.079688	0.736927	0.016000
855.792201	0.078090	0.737103	0.011537
856.430027	0.077485	0.735591	0.010324
857.097625	0.079081	0.733274	0.013926
857.749875	0.078950	0.733000	0.013290
858.330901	0.078766	0.732571	0.012403
858.966088	0.079438	0.732413	0.012359
859.576797	0.079009	0.731085	0.009754
860.154568	0.078196	0.731026	0.012651
860.787290	0.078822	0.729773	0.014929
861.408477	0.078067	0.728094	0.009691
862.035638	0.079506	0.727055	0.011015
862.595570	0.078673	0.727038	0.009472
863.213734	0.079206	0.725266	0.009256
863.803362	0.079506	0.724894	0.011323
864.409586	0.077402	0.723829	0.011052
864.962422	0.080199	0.722290	0.012959
865.553183	0.074831	0.721773	0.010992
866.138310	0.079183	0.722805	0.010174
866.747533	0.077895	0.721528	0.014076
867.320637	0.078818	0.720879	0.011423
867.956016	0.077594	0.718119	0.014668
868.531339	0.078443	0.716530	0.017710
869.161452	0.078628	0.716036	0.015278
869.806299	0.078465	0.714019	0.018747
870.392187	0.078521	0.713488	0.015789
871.031924	0.077416	0.712273	0.012501
871.633669	0.078474	0.711439	0.012671
872.228597	0.078732	0.711596	0.007901
872.819046	0.080246	0.710510	0.011907
873.459423	0.079319	0.709900	0.010638
874.071550	0.078249	0.708434	0.014008
874.718824	0.079537	0.707560	0.012588
875.304178	0.078345	0.707433	0.011310
875.890209	0.079663	0.706248	0.008683
876.463618	0.076370	0.705625	0.008785
877.093561	0.079982	0.705571	0.009845
877.705606	0.078716	0.704285	0.010067
878.291830	0.079264	0.702569	0.013127
878.910429	0.079667	0.702702	0.009448
879.494286	0.078304	0.701128	0.014447
880.117164	0.079213	0.699929	0.007591
880.689847	0.080399	0.697230	0.012066
881.302338	0.079621	0.696466	0.015027
881.870161	0.077834	0.695532	0.010435
882.488676	0.077304	0.694841	0.012636
883.104587	0.077120	0.694136	0.014332
883.700672	0.079739	0.692759	0.010193
884.289030	0.078266	0.692176	0.011448
884.841141	0.078422	0.689798	0.020079
885.424406	0.076614	0.690295	0.013023
886.000395	0.078020	0.688125	0.014638
886.601790	0.079003	0.687181	0.010737
887.221764	0.084321	0.685900	0.012597
887.841047	0.080276	0.685803	0.012003
888.473700	0.079054	0.684820	0.008771
889.037694	0.078199	0.683618	0.009820
889.643588	0.079374	0.681685	0.015973
890.272168	0.077174	0.682023	0.012942
890.860000	0.079633	0.680345	0.012033
891.418112	0.078493	0.678580	0.012679
892.020441	0.077271	0.678112	0.007832
892.672499	0.077302	0.676907	0.014734
893.324291	0.078786	0.676060	0.009171
893.978326	0.076682	0.674290	0.013995
894.538304	0.077545	0.673970	0.008779
895.134374	0.078515	0.673634	0.008516
895.787526	0.078055	0.671314	0.010684
896.371860	0.077706	0.669537	0.009536
897.001546	0.077787	0.668680	0.009941
897.565374	0.079587	0.666809	0.016504
898.165695	0.078406	0.666477	0.011676
898.794286	0.079391	0.667557	0.009471
899.430028	0.080994	0.664997	0.012139
899.998423	0.080633	0.663349	0.011891
900.624803	0.078235	0.661276	0.009681
901.258855	0.080876	0.659987	0.011157
901.898180	0.078641	0.659068	0.010702
902.480220	0.079312	0.657369	0.011907
903.058983	0.077929	0.656209	0.012617
903.671859	0.078678	0.654512	0.014930
904.315070	0.079025	0.653611	0.007092
904.962548	0.078497	0.652581	0.009218
905.540917	0.078633	0.651253	0.010383
906.127978	0.078146	0.650009	0.014169
906.755548	0.080536	0.648998	0.013255
907.394722	0.078901	0.647231	0.012421
907.981339	0.078988	0.645035	0.013362
908.556217	0.076330	0.642625	0.016098
909.178867	0.078500	0.642271	0.012888
909.776858	0.078578	0.641781	0.011970
910.363042	0.078333	0.641260	0.010518
910.996836	0.080135	0.640534	0.012396
911.564641	0.076254	0.638464	0.013059
912.188892	0.078229	0.635894	0.013824
912.841427	0.078042	0.636411	0.010204
913.440620	0.076088	0.635133	0.011386
914.030927	0.078477	0.633078	0.013412
914.629455	0.078843	0.631328	0.008712
915.269831	0.077548	0.629550	0.010980
915.872690	0.078242	0.627634	0.013876
916.515518	0.079241	0.627060	0.010288
917.079641	0.077902	0.625885	0.010250
917.663348	0.081008	0.623298	0.012439
918.247244	0.078552	0.622083	0.010154
918.841459	0.079775	0.621655	0.011614
919.416896	0.076577	0.620435	0.012818
920.008848	0.077476	0.620191	0.008945
920.611415	0.075031	0.618892	0.009077
921.234600	0.078101	0.616636	0.012545
921.834646	0.079195	0.614619	0.017154
922.418829	0.079366	0.614740	0.011300
923.031798	0.077121	0.613037	0.009778
923.671415	0.077832	0.611581	0.009865
924.242496	0.075722	0.610443	0.009820
924.821038	0.078498	0.608424	0.009671
925.409571	0.078266	0.606961	0.012569
926.046850	0.078158	0.607300	0.009716
926.622089	0.077517	0.605670	0.012481
927.241229	0.080640	0.602796	0.011405
927.798823	0.076829	0.601101	0.012513
928.424697	0.080108	0.600314	0.015115
929.014272	0.078549	0.599559	0.011529
929.600693	0.078548	0.597983	0.009757
930.201318	0.079930	0.596346	0.010005
930.857318	0.077737	0.594309	0.009169
931.447286	0.077292	0.593132	0.009850
932.086056	0.077545	0.591103	0.010295
932.733635	0.080204	0.590042	0.008189
933.294991	0.079424	0.588437	0.009171
933.892726	0.077344	0.587826	0.012464
934.506075	0.076749	0.585867	0.008742
935.140139	0.078300	0.582996	0.015197
935.702037	0.078196	0.582457	0.008830
936.342623	0.079058	0.581517	0.011227
936.951680	0.078395	0.580034	0.010411
937.589029	0.079981	0.579217	0.006560
938.214672	0.080006	0.576863	0.009346
938.794949	0.078787	0.576568	0.011512
939.436525	0.079348	0.575067	0.008571
940.047287	0.077339	0.573555	0.008534
940.672272	0.077225	0.571468	0.010005
941.281610	0.081496	0.568927	0.011568
941.852746	0.080483	0.567727	0.008230
942.490097	0.076015	0.565541	0.012115
943.077139	0.078220	0.565360	0.009762
943.710311	0.077842	0.563959	0.008569
944.282320	0.081333	0.562431	0.009266
944.861932	0.078832	0.561585	0.008752
945.449339	0.080651	0.559662	0.012414
946.069239	0.078029	0.559668	0.007620
946.623617	0.077548	0.557626	0.008182
947.205387	0.077283	0.555584	0.006914
947.766718	0.078329	0.553794	0.009572
948.410027	0.077118	0.552058	0.008742
949.023752	0.077524	0.549700	0.013665
949.619051	0.076807	0.548624	0.013091
950.170719	0.078162	0.548347	0.010710
950.796781	0.078307	0.546838	0.011607
951.394767	0.078261	0.544740	0.014077
952.026642	0.082217	0.544145	0.008227
952.642135	0.074967	0.543160	0.008523
953.230866	0.077092	0.541719	0.010498
953.826202	0.081040	0.541022	0.008608
954.454805	0.080957	0.538203	0.012915
955.035296	0.081456	0.536687	0.007609
955.610939	0.077607	0.533331	0.017164
956.193936	0.078824	0.533907	0.008807
956.805528	0.077172	0.531968	0.008200
957.418869	0.078510	0.531169	0.009902
958.040345	0.078432	0.529923	0.009219
958.601747	0.078566	0.528652	0.008896
959.230344	0.080129	0.528066	0.008031
959.859079	0.076249	0.526219	0.008932
960.512810	0.079563	0.524722	0.008934
961.092564	0.078342	0.522024	0.013068
961.681217	0.078171	0.521614	0.007594
962.314925	0.080375	0.518529	0.016377
962.923073	0.075949	0.518616	0.006993
963.538984	0.075898	0.516520	0.010283
964.084796	0.078937	0.516621	0.007123
964.706383	0.078909	0.514816	0.009437
964.835408	0.076474	0.514423	0.008424
964.237363	0.076597	0.515717	0.011349
963.675996	0.077709	0.518137	0.008868
963.032669	0.076652	0.517525	0.013757
962.445375	0.079609	0.519956	0.009270
961.877368	0.079217	0.521214	0.010961
961.244128	0.076730	0.521306	0.012036
960.668960	0.079058	0.523413	0.012663
960.049998	0.080002	0.525752	0.008280
959.468246	0.081507	0.526795	0.010650
958.840081	0.076455	0.528300	0.007581
958.283572	0.075684	0.530133	0.007402
957.660437	0.077433	0.532434	0.007852
957.093911	0.077477	0.532388	0.011832
956.505753	0.078912	0.532829	0.009766
955.890948	0.078708	0.534317	0.012411
955.297862	0.080359	0.536965	0.008757
954.734067	0.081376	0.537509	0.008678
954.145493	0.078112	0.538390	0.012411
953.529098	0.076394	0.539379	0.015588
952.948504	0.080254	0.540555	0.014681
952.335788	0.081073	0.543430	0.009517
951.710753	0.080049	0.544169	0.011139
951.104072	0.077508	0.546104	0.009985
950.513095	0.077573	0.548215	0.008450
949.905868	0.078315	0.549127	0.011584
949.282638	0.081349	0.550901	0.007411
948.669748	0.076784	0.552777	0.010059
948.012138	0.077032	0.553247	0.014773
947.394824	0.078141	0.555296	0.009367
946.835167	0.078626	0.556996	0.010109
946.234092	0.078465	0.559158	0.007419
945.596460	0.083372	0.559220	0.014217
945.014790	0.079247	0.561653	0.009294
944.434706	0.077184	0.563794	0.010018
943.871161	0.077337	0.564761	0.008347
943.257581	0.077241	0.566258	0.008246
942.635014	0.078101	0.566937	0.010461
942.034220	0.079687	0.567981	0.010362
941.464681	0.078509	0.569626	0.007843
940.847429	0.079174	0.570848	0.012150
940.238342	0.077675	0.571485	0.011524
939.588899	0.078773	0.573604	0.007788
939.011639	0.078081	0.574807	0.011046
938.424067	0.081271	0.576839	0.009575
937.822443	0.075680	0.577622	0.015195
937.181506	0.081829	0.578624	0.012883
936.558845	0.079933	0.580758	0.008852
935.991720	0.082162	0.580890	0.014298
935.347483	0.080224	0.584313	0.008397
934.756233	0.078399	0.585596	0.007153
934.106186	0.079226	0.587001	0.007779
933.522977	0.078868	0.588463	0.011452
932.912107	0.078924	0.589672	0.011666
932.332751	0.077168	0.590430	0.015143
931.718961	0.080011	0.591645	0.014982
931.104953	0.079548	0.592147	0.012030
930.531745	0.078602	0.595117	0.009780
929.872598	0.076767	0.597347	0.007903
929.276036	0.079270	0.599147	0.007850
928.677942	0.080221	0.600239	0.009350
928.091206	0.078688	0.601281	0.011634
927.476312	0.078848	0.602300	0.007493
926.874718	0.077270	0.602692	0.016567
926.288051	0.077436	0.603927	0.010977
925.654291	0.078607	0.604419	0.015417
925.095592	0.080092	0.607006	0.009058
924.485146	0.078151	0.608602	0.010508
923.912918	0.078729	0.611298	0.006880
923.346299	0.078285	0.612009	0.010375
922.785913	0.077137	0.613004	0.011831
922.170151	0.081066	0.614648	0.012075
921.535119	0.078455	0.615442	0.014260
920.963692	0.078137	0.617516	0.009823
920.352759	0.080749	0.618585	0.010656
919.776577	0.081826	0.619904	0.011490
919.191724	0.080287	0.620995	0.013094
918.596954	0.076990	0.622987	0.007761
917.971821	0.077168	0.622386	0.017804
917.387315	0.078626	0.625342	0.006944
916.763391	0.079612	0.627364	0.010090
916.109592	0.077930	0.628006	0.008911
915.490464	0.076979	0.628177	0.012359
914.853212	0.077360	0.630389	0.009103
914.279100	0.077330	0.632124	0.012309
913.672860	0.079473	0.632825	0.013997
913.028475	0.078812	0.634840	0.010804
912.372893	0.078248	0.636789	0.009662
911.796437	0.079617	0.636872	0.011466
911.141153	0.077864	0.638158	0.010956
910.465982	0.078103	0.639094	0.008830
909.897904	0.077997	0.640599	0.009420
909.313790	0.078106	0.642236	0.010791
908.635714	0.078476	0.644758	0.010746
907.983103	0.079226	0.645192	0.014527
907.311872	0.076100	0.646461	0.010192
906.646399	0.080681	0.647743	0.011564
906.061288	0.078501	0.649968	0.009052
905.424010	0.076982	0.651659	0.009821
904.769510	0.077179	0.652378	0.011949
904.095803	0.078108	0.654030	0.013158
903.434487	0.079606	0.653949	0.017490
902.825416	0.078442	0.656639	0.009654
902.251191	0.077607	0.658234	0.010084
901.606208	0.078619	0.659293	0.009070
900.946105	0.077255	0.660461	0.009263
900.266266	0.078580	0.662339	0.009291
899.681479	0.079525	0.662422	0.014848
899.115716	0.078141	0.662480	0.013879
898.534760	0.077702	0.663425	0.019590
897.958533	0.068936	0.666570	0.010039
897.381686	0.078605	0.667885	0.014065
896.722810	0.079671	0.669125	0.008609
896.139704	0.078635	0.670082	0.009876
895.561409	0.078895	0.670190	0.017313
894.939324	0.080635	0.671444	0.018324
894.295021	0.080572	0.672582	0.014878
893.647389	0.077536	0.674379	0.009694
892.996498	0.078384	0.674724	0.012742
892.423928	0.077946	0.675473	0.015740
891.782337	0.079404	0.676730	0.009074
891.127337	0.076061	0.679347	0.008870
890.446793	0.078239	0.681389	0.009221
889.796260	0.079285	0.682662	0.010080
889.247759	0.076939	0.683517	0.009079
888.666519	0.075718	0.683818	0.013780
887.998326	0.076711	0.684346	0.015483
887.318260	0.079109	0.686560	0.013306
886.633941	0.079217	0.687674	0.014462
885.984864	0.077593	0.688206	0.012969
885.386148	0.077610	0.689746	0.011871
884.720571	0.077205	0.690318	0.012815
884.052486	0.078348	0.691706	0.012783
883.391259	0.078882	0.692979	0.012316
882.766908	0.077068	0.693482	0.016152
882.178679	0.078325	0.695647	0.012276
881.559857	0.078065	0.697046	0.011713
880.897004	0.078699	0.698213	0.012626
880.254020	0.077811	0.700118	0.009581
879.670090	0.079651	0.700722	0.011824
879.088256	0.077785	0.701826	0.013085
878.489224	0.079502	0.703088	0.011722
877.883552	0.077677	0.703605	0.012932
877.286246	0.079649	0.706303	0.011195
876.636559	0.078398	0.705491	0.015057
876.106786	0.079609	0.707193	0.010998
875.478681	0.078226	0.708339	0.008915
874.871919	0.079956	0.708680	0.010857
874.253825	0.078362	0.710042	0.010031
873.627581	0.079094	0.710106	0.015550
873.057039	0.078938	0.712045	0.012376
872.458575	0.076092	0.713400	0.014147
871.854713	0.079365	0.714592	0.011826
871.227996	0.079166	0.715813	0.013806
870.656844	0.077792	0.715694	0.013769
870.035873	0.080556	0.716246	0.008802
869.446089	0.077710	0.717647	0.009386
868.814978	0.077610	0.718714	0.009719
868.213186	0.079634	0.717962	0.014771
867.623244	0.078497	0.719671	0.013782
866.992230	0.078030	0.720940	0.016629
866.388116	0.077710	0.722644	0.014342
865.773857	0.078526	0.723556	0.015778
865.160037	0.079351	0.723311	0.010254
864.601603	0.078156	0.723857	0.009871
864.004395	0.080104	0.724015	0.013878
863.383046	0.079672	0.725340	0.010188
862.755428	0.078683	0.726599	0.009672
862.182556	0.077885	0.727690	0.011732
861.584632	0.075179	0.727572	0.016303
860.939913	0.077090	0.727680	0.013168
860.304413	0.080335	0.727269	0.018580
859.660941	0.078166	0.730064	0.013717
859.087988	0.078310	0.731657	0.010149
858.479799	0.079030	0.733154	0.016187
857.908371	0.078784	0.733733	0.017262
857.293040	0.077977	0.734850	0.010381
856.733111	0.079056	0.734158	0.013150
856.130783	0.077988	0.735338	0.016989
855.508061	0.077907	0.736866	0.011816
854.872350	0.076853	0.737634	0.014209
854.330423	0.078042	0.738636	0.014460
853.724733	0.078827	0.738490	0.018897
853.146780	0.079375	0.739994	0.016992
852.512214	0.078635	0.739520	0.021227
851.877478	0.077774	0.741457	0.014826
851.299848	0.077106	0.742461	0.014797
850.706275	0.075987	0.743216	0.015373
850.084064	0.076364	0.744980	0.008223
849.483110	0.078623	0.745541	0.010598
848.912593	0.079462	0.745604	0.012666
848.302983	0.080110	0.746759	0.010952
847.685055	0.078118	0.747256	0.013348
847.096996	0.079215	0.748561	0.009565
846.451904	0.079375	0.747864	0.014556
845.838809	0.079158	0.748669	0.010280
845.245871	0.077434	0.749101	0.017177
844.606390	0.079131	0.750744	0.014838
843.979356	0.077291	0.751617	0.011297
843.413426	0.077992	0.750852	0.017628
842.790871	0.078341	0.752052	0.014113
842.159321	0.077891	0.752421	0.012445
841.590444	0.077884	0.753021	0.012502
840.934516	0.078901	0.753169	0.015891
840.367629	0.078079	0.755949	0.010041
839.756977	0.078389	0.756762	0.012318
839.114550	0.077391	0.756901	0.015880
838.532730	0.078905	0.756727	0.016366
837.954132	0.078980	0.756114	0.018102
837.311866	0.078639	0.758126	0.011236
836.708323	0.078727	0.758742	0.015538
836.078896	0.079827	0.759719	0.014184
835.499524	0.079576	0.760659	0.013547
834.928012	0.078072	0.762242	0.013688
834.292315	0.078143	0.762433	0.013253
833.671045	0.077990	0.764047	0.010344
833.037041	0.079057	0.764062	0.012899
832.447587	0.078751	0.763946	0.014521
831.859335	0.077234	0.764007	0.010338
831.228850	0.080390	0.764697	0.008729
830.616489	0.077272	0.764548	0.013804
830.007398	0.079360	0.764420	0.011390
829.436513	0.079131	0.766352	0.014505
828.825181	0.078703	0.766503	0.008990
828.207078	0.077854	0.766934	0.010492
827.624362	0.077702	0.767252	0.011609
827.061773	0.079094	0.767033	0.012022
826.436441	0.077368	0.767443	0.014146
825.791575	0.079741	0.767375	0.013758
825.167832	0.080557	0.769300	0.015009
824.544211	0.081355	0.768431	0.021491
823.965549	0.080512	0.770190	0.011686
823.364440	0.079632	0.771285	0.013511
822.729183	0.079938	0.771539	0.018171
822.133097	0.078607	0.771492	0.015520
821.551358	0.079699	0.772603	0.011083
820.921441	0.080498	0.771266	0.017790
820.297537	0.080099	0.772700	0.016406
819.707477	0.081021	0.774850	0.015999
819.089190	0.078149	0.775573	0.012486
818.519139	0.078311	0.775449	0.010937
817.904137	0.078904	0.775022	0.008598
817.306963	0.078440	0.774858	0.017926
816.694957	0.076725	0.777186	0.010809
816.113777	0.078911	0.776336	0.017863
815.456910	0.077948	0.778019	0.012907
814.850567	0.079097	0.776999	0.014947
814.252685	0.080053	0.777221	0.017263
813.620822	0.078917	0.778749	0.012239
813.040446	0.078952	0.778000	0.021766
812.420016	0.079024	0.779502	0.013066
811.762020	0.079409	0.779897	0.018281
811.189713	0.077350	0.780437	0.013444
810.613640	0.078641	0.781877	0.013549
810.010618	0.078373	0.781612	0.015227
809.392765	0.079195	0.780403	0.012415
808.800759	0.080036	0.782061	0.011901
808.159116	0.079076	0.782343	0.011594
807.567810	0.077746	0.783640	0.011870
806.955953	0.078469	0.783595	0.010877
806.326767	0.079139	0.784031	0.013164
805.725641	0.077844	0.784546	0.012655
805.134795	0.078731	0.785126	0.013964
804.497972	0.078121	0.783739	0.018001
803.850221	0.078666	0.785107	0.012205
803.282869	0.078865	0.784181	0.019829
802.619106	0.079672	0.784485	0.022488
802.036597	0.078263	0.787450	0.015072
801.420458	0.078808	0.787644	0.011696
800.774288	0.087416	0.786836	0.013115
800.153725	0.077466	0.787229	0.013847
799.576224	0.079611	0.788407	0.014737
798.965475	0.078442	0.789256	0.015367
798.338516	0.077899	0.788203	0.010757
797.747490	0.078219	0.787676	0.013800
797.164386	0.079961	0.788294	0.013104
796.622032	0.079617	0.788680	0.017864
795.972508	0.078991	0.790106	0.015858
795.375462	0.079321	0.790081	0.012515
794.740057	0.078822	0.789004	0.018473
794.156976	0.078153	0.789893	0.016268
793.557568	0.077806	0.789423	0.016597
792.957611	0.078324	0.790384	0.010377
792.378610	0.077982	0.790896	0.011256
791.734140	0.080526	0.791542	0.011654
791.120929	0.078426	0.791178	0.013115
790.473410	0.079425	0.791640	0.013897
789.858905	0.080531	0.791120	0.017345
789.241152	0.080176	0.792693	0.012301
788.686174	0.078959	0.794434	0.010317
788.060057	0.077986	0.794126	0.019073
787.450678	0.078706	0.795645	0.011986
786.835373	0.078530	0.796019	0.009809
786.211132	0.079556	0.795781	0.014616
785.651158	0.078750	0.796100	0.010820
785.043976	0.078639	0.795840	0.019765
784.413010	0.078550	0.795542	0.018202
783.830984	0.079967	0.797378	0.012250
783.216584	0.077709	0.797622	0.013542
782.659937	0.078599	0.799236	0.011410
782.037887	0.079898	0.798652	0.011047
781.448942	0.078503	0.798391	0.018232
780.815696	0.077877	0.799991	0.013670
780.243638	0.078175	0.798745	0.010686
779.637170	0.080771	0.798128	0.018814
779.060190	0.079293	0.800627	0.012802
778.436113	0.077985	0.801842	0.014234
777.862295	0.078031	0.802146	0.015392
777.270214	0.079415	0.801792	0.016478
776.646657	0.079522	0.802408	0.013561
776.003951	0.077928	0.803696	0.013667
775.428892	0.079482	0.803659	0.013366
774.836135	0.078203	0.804079	0.014887
774.228611	0.079588	0.803402	0.016698
773.609834	0.078439	0.803459	0.012926
773.030389	0.079071	0.801887	0.019484
772.445131	0.077110	0.803236	0.010186
771.797858	0.077985	0.804196	0.009326
771.183760	0.079946	0.804692	0.012606
770.589831	0.079506	0.804874	0.012110
769.956288	0.079541	0.804673	0.013864
769.392950	0.078959	0.804729	0.016459
768.825414	0.079361	0.805111	0.015829
768.225105	0.078503	0.804933	0.012942
767.587307	0.079537	0.803822	0.018329
766.976256	0.078400	0.805863	0.012115
766.391988	0.079236	0.805925	0.015727
765.769902	0.078394	0.803770	0.022712
765.148968	0.078005	0.806800	0.011829
764.540129	0.079628	0.808023	0.013118
763.977495	0.078097	0.806801	0.016081
763.367632	0.079766	0.807930	0.011136
762.728584	0.077411	0.807056	0.014716
762.147937	0.076801	0.807678	0.013443
761.518261	0.078025	0.808139	0.011643
760.958462	0.079122	0.809154	0.012640
760.338841	0.077975	0.810183	0.011345
759.770686	0.080173	0.809435	0.017247
759.152551	0.079703	0.808846	0.018157
758.578289	0.078502	0.808142	0.017995
757.993855	0.079791	0.808185	0.015889
757.378747	0.077924	0.809440	0.012711
756.807448	0.076769	0.809307	0.018127
756.241038	0.078711	0.810163	0.017355
755.609203	0.079409	0.808794	0.015621
755.033829	0.079362	0.811193	0.012299
754.384183	0.080109	0.809963	0.020029
753.757301	0.076965	0.811527	0.010798
753.181121	0.078186	0.810884	0.017883
752.513397	0.077626	0.810084	0.013639
751.893420	0.079775	0.810892	0.020343
751.296907	0.077556	0.812542	0.009875
750.715952	0.078641	0.811986	0.011938
750.153577	0.079784	0.811070	0.017761
749.554828	0.078459	0.810491	0.019149
748.943893	0.079261	0.811419	0.018649
748.316536	0.079185	0.811964	0.018630
747.731749	0.079052	0.812501	0.016214
747.102045	0.078405	0.812740	0.018564
746.494942	0.080354	0.811886	0.016432
745.895825	0.077363	0.812676	0.011588
745.279001	0.078988	0.812723	0.012642
744.672085	0.079422	0.813421	0.010076
744.034512	0.080122	0.813141	0.015037
743.434730	0.076326	0.812835	0.013635
742.803205	0.077339	0.812449	0.012441
742.232647	0.078697	0.813070	0.013527
741.628806	0.077978	0.813363	0.013393
740.985957	0.077273	0.812612	0.013606
740.367006	0.078125	0.811870	0.012700
739.786790	0.076947	0.811855	0.015601
739.207313	0.078736	0.812310	0.015753
738.615455	0.078787	0.812343	0.016485
738.009397	0.080878	0.812969	0.013480
737.402377	0.078570	0.813134	0.011788
736.832346	0.079728	0.812627	0.012554
736.206391	0.080116	0.811725	0.016473
735.609243	0.078017	0.813394	0.011196
735.032697	0.079381	0.812905	0.010878
734.452039	0.080207	0.813846	0.018991
733.830395	0.081155	0.815769	0.013216
733.229013	0.080003	0.813832	0.023769
732.654396	0.076425	0.815877	0.020055
732.033462	0.078275	0.814875	0.012899
731.392904	0.079389	0.815329	0.015901
730.805233	0.077897	0.815808	0.014395
730.170283	0.079023	0.814848	0.010610
729.544402	0.078809	0.815031	0.009401
728.965123	0.080637	0.814310	0.009368
728.343073	0.078517	0.815245	0.014280
727.704451	0.078728	0.816468	0.017229
727.096283	0.078301	0.816798	0.012043
726.460404	0.079930	0.817172	0.016801
725.879771	0.081147	0.818295	0.017755
725.272989	0.075833	0.816754	0.013637
724.656267	0.078182	0.816945	0.017221
724.071747	0.079238	0.816835	0.022329
723.489370	0.079554	0.818618	0.012785
722.860986	0.078378	0.818823	0.013805
722.241214	0.076648	0.818236	0.013298
721.648182	0.080868	0.816875	0.016324
720.996848	0.079356	0.818117	0.013923
720.416993	0.079121	0.820244	0.013476
719.807559	0.078825	0.820432	0.012655
719.175424	0.078920	0.819975	0.013177
718.565574	0.079310	0.819870	0.009564
717.980472	0.079000	0.818936	0.018699
717.358904	0.077495	0.819571	0.014050
716.722813	0.079558	0.819861	0.010261
716.112594	0.078405	0.819904	0.013835
715.475912	0.079643	0.819844	0.011212
714.902865	0.080988	0.820093	0.014953
714.273289	0.077796	0.818424	0.018764
713.657411	0.078660	0.818365	0.018199
713.051779	0.078304	0.818954	0.013024
712.477816	0.077929	0.819093	0.019657
711.905966	0.078485	0.820963	0.011760
711.271986	0.078172	0.821633	0.011391
710.643176	0.076891	0.819676	0.011626
710.063530	0.078124	0.820359	0.014909
709.482733	0.078453	0.818350	0.017771
708.878970	0.077932	0.820750	0.012749
708.238590	0.079690	0.820545	0.017282
707.662857	0.078756	0.821217	0.013055
707.107556	0.079535	0.821799	0.011057
706.464190	0.077884	0.818797	0.013681
705.863685	0.077292	0.822044	0.017551
705.274401	0.079550	0.823400	0.015553
704.662255	0.079085	0.824833	0.020331
704.090938	0.078893	0.825146	0.011855
703.530632	0.079096	0.823355	0.012865
702.925584	0.080384	0.820256	0.016158
702.303397	0.075853	0.819897	0.013450
701.731695	0.080154	0.819997	0.014136
701.073293	0.077710	0.819475	0.011908
700.477027	0.080152	0.818165	0.020048
699.873037	0.080575	0.820419	0.013494
699.242884	0.076118	0.820207	0.014935
698.690559	0.078084	0.820481	0.018015
698.048171	0.080897	0.820013	0.013967
697.457852	0.079493	0.818538	0.016998
696.867361	0.079089	0.820835	0.016959
696.311715	0.079179	0.822244	0.017854
695.717818	0.077247	0.822480	0.011825
695.070041	0.078286	0.823229	0.012976
694.464284	0.079818	0.824079	0.010204
693.907189	0.078077	0.823058	0.019189
693.276873	0.078247	0.824870	0.011150
692.670714	0.078108	0.823255	0.015017
692.074104	0.079165	0.823202	0.016621
691.404688	0.077543	0.823010	0.013583
690.820363	0.082949	0.821706	0.019163
690.265567	0.077561	0.822716	0.016950
689.645104	0.078398	0.820906	0.014027
689.069959	0.078587	0.824376	0.014555
688.501372	0.079699	0.823848	0.017082
687.903231	0.079280	0.824011	0.014788
687.273917	0.077880	0.824240	0.017827
686.642908	0.079629	0.824862	0.015695
686.078483	0.077668	0.826225	0.014540
685.448846	0.076632	0.825673	0.014280
684.824354	0.078582	0.825141	0.018212
684.219526	0.079786	0.824295	0.015094
683.587908	0.078136	0.824271	0.012264
683.001142	0.077523	0.824352	0.015537
682.377786	0.078500	0.825467	0.014382
681.761249	0.080077	0.826770	0.012819
681.152369	0.077772	0.825578	0.017477
680.559039	0.076942	0.826209	0.011885
679.903252	0.078230	0.827509	0.010110
679.251910	0.080324	0.824902	0.020772
678.607250	0.074836	0.823697	0.020901
678.027062	0.075983	0.822750	0.014380
677.406001	0.079094	0.822730	0.012363
676.775501	0.079078	0.823354	0.017801
676.170452	0.078259	0.824653	0.009612
675.616558	0.079083	0.825053	0.011616
675.053646	0.075499	0.822638	0.015734
674.434073	0.077657	0.824278	0.011252
673.841397	0.078807	0.825433	0.012133
673.221592	0.079377	0.828007	0.015649
672.637902	0.080075	0.826257	0.018182
671.992740	0.080355	0.825907	0.017841
671.375720	0.078428	0.826080	0.012444
670.738065	0.078530	0.824558	0.020937
670.106294	0.080077	0.824878	0.019284
669.515675	0.078805	0.824794	0.016681
668.867686	0.080868	0.825308	0.013811
668.255671	0.080813	0.825775	0.020600
667.622359	0.078783	0.827391	0.013973
666.998811	0.077114	0.825916	0.015288
666.403438	0.077603	0.823863	0.018010
665.786540	0.078360	0.824976	0.015395
665.150344	0.080547	0.826566	0.018189
664.541892	0.076739	0.825122	0.016715
663.964890	0.077512	0.826385	0.013416
663.351945	0.079553	0.825474	0.013888
662.743094	0.079430	0.827279	0.011267
662.124423	0.080967	0.828580	0.010057
661.491825	0.078971	0.829212	0.013267
660.895818	0.079691	0.828309	0.012596
660.279281	0.080350	0.826757	0.012968
659.641119	0.077243	0.825763	0.014228
659.027478	0.078237	0.826183	0.015287
658.472251	0.078580	0.826490	0.022573
657.844658	0.079077	0.828189	0.010708
657.268702	0.079490	0.827901	0.016877
656.690915	0.077352	0.829047	0.011712
656.063801	0.078440	0.828395	0.013569
655.493151	0.081474	0.828568	0.018271
654.905643	0.078951	0.828145	0.017521
654.273456	0.079278	0.828157	0.014726
653.690661	0.079712	0.828382	0.013878
653.129894	0.080279	0.828900	0.020227
652.534799	0.079025	0.829861	0.010682
651.933135	0.078593	0.829528	0.014249
651.300378	0.080109	0.829220	0.013675
650.689817	0.078607	0.827125	0.023507
650.115958	0.078699	0.828321	0.014963
649.498105	0.079362	0.829180	0.011301
648.844507	0.080617	0.828209	0.014577
648.220534	0.081623	0.829193	0.013727
647.594036	0.082775	0.828911	0.015233
647.008798	0.080265	0.827599	0.019739
646.377487	0.080822	0.827681	0.014713
645.767313	0.079469	0.829500	0.013106
645.172018	0.078667	0.830106	0.016496
644.592876	0.078366	0.829984	0.014667
643.975505	0.078248	0.828498	0.014228
643.363088	0.079238	0.830522	0.013054
642.757326	0.078389	0.831902	0.015251
642.185987	0.080468	0.829628	0.015861
641.613294	0.079106	0.829048	0.016593
640.982172	0.080038	0.827527	0.016934
640.378698	0.078230	0.830272	0.025367
639.759936	0.077645	0.831860	0.013952
639.169592	0.077415	0.832656	0.012937
638.564050	0.078551	0.833777	0.011744
637.976990	0.079673	0.833538	0.013851
637.333065	0.081035	0.833648	0.012883
636.726764	0.082007	0.831003	0.015167
636.099645	0.080636	0.829988	0.022446
635.468824	0.076336	0.833255	0.011746
635.126821	0.076822	0.833123	0.016349
635.752147	0.078733	0.832487	0.016104
636.323173	0.079229	0.830548	0.012113
636.928282	0.081025	0.830780	0.017705
637.559056	0.081622	0.829881	0.020007
638.173974	0.078848	0.828309	0.029922
638.742314	0.077713	0.831090	0.012493
639.312625	0.080206	0.830373	0.025712
639.889971	0.076443	0.832699	0.010749
640.497678	0.079221	0.829617	0.026940
641.118120	0.077197	0.830868	0.016259
641.698325	0.080288	0.830093	0.015602
642.280539	0.080303	0.830955	0.012844
642.919840	0.077664	0.831997	0.012272
643.507596	0.079306	0.831594	0.011274
644.106007	0.081762	0.832507	0.014580
644.689338	0.078946	0.830661	0.022206
645.268303	0.078313	0.832215	0.013361
645.890754	0.079860	0.831690	0.014013
646.481941	0.080661	0.831008	0.015367
647.073679	0.077135	0.829780	0.016986
647.655041	0.082042	0.831612	0.015304
648.281429	0.081631	0.830617	0.014753
648.872977	0.080168	0.830379	0.016069
649.516866	0.081117	0.831092	0.012474
650.141558	0.078589	0.831124	0.014101
650.703510	0.077428	0.830855	0.016348
651.329774	0.079321	0.830921	0.016141
651.940592	0.076532	0.831512	0.015086
652.541779	0.080708	0.831631	0.012050
653.166605	0.081618	0.830386	0.014720
653.743888	0.076027	0.829187	0.019775
654.364236	0.077841	0.829389	0.010460
654.938966	0.077677	0.827812	0.016356
655.581858	0.078422	0.828090	0.016340
656.149698	0.078083	0.828084	0.015176
656.766963	0.080443	0.826209	0.021365
657.398877	0.078727	0.826874	0.016092
658.028502	0.078837	0.827326	0.012187
658.613484	0.080001	0.826230	0.017361
659.159548	0.078637	0.827346	0.015374
659.757191	0.076864	0.825849	0.016810
660.363314	0.076594	0.825522	0.020435
660.966673	0.076897	0.826248	0.013615
661.612093	0.077104	0.826472	0.014426
662.202787	0.081771	0.826549	0.015624
662.818391	0.080008	0.827028	0.016402
663.394145	0.081127	0.827796	0.012476
664.016328	0.079830	0.827370	0.014995
664.602369	0.077807	0.828137	0.014446
665.203936	0.080126	0.828305	0.017066
665.834851	0.077607	0.828009	0.016712
666.478573	0.077275	0.828230	0.017200
667.146141	0.077224	0.827153	0.020441
667.717499	0.076482	0.827762	0.017575
668.242453	0.077244	0.829749	0.010485
668.837788	0.078573	0.826786	0.022040
669.407430	0.077110	0.826229	0.020053
669.975216	0.079298	0.827479	0.012215
670.598088	0.077233	0.827040	0.021018
671.220648	0.077964	0.828018	0.012267
671.804441	0.079917	0.825633	0.019955
672.440296	0.076426	0.827331	0.012356
673.030775	0.080408	0.826664	0.019484
673.625748	0.079738	0.826801	0.010861
674.260246	0.078652	0.824955	0.016130
674.865542	0.080704	0.825966	0.011983
675.432138	0.080319	0.826331	0.015996
676.003008	0.077387	0.826604	0.014075
676.630973	0.077571	0.825645	0.017956
677.255787	0.078711	0.826012	0.012190
677.881928	0.077694	0.825927	0.012607
678.426508	0.079879	0.825614	0.009555
679.044560	0.080144	0.825523	0.017289
679.674898	0.075648	0.826175	0.011719
680.321491	0.081030	0.824680	0.015776
680.892832	0.078143	0.824716	0.014681
681.496925	0.077657	0.823550	0.020905
682.056945	0.071417	0.824584	0.018424
682.654282	0.078497	0.824305	0.014493
683.284723	0.078519	0.824096	0.017107
683.853597	0.078260	0.821852	0.022620
684.463429	0.079474	0.822799	0.021183
685.077905	0.076969	0.825104	0.013496
685.669745	0.082829	0.825292	0.011844
686.238955	0.080189	0.825879	0.012597
686.870864	0.076821	0.825912	0.015926
687.495885	0.078585	0.827869	0.009300
688.109921	0.078620	0.826016	0.012936
688.768161	0.077949	0.827603	0.011229
689.376638	0.078439	0.828502	0.014020
689.979792	0.078877	0.827207	0.021396
690.621617	0.080146	0.828048	0.018192
691.226962	0.079244	0.828646	0.012466
691.792746	0.076424	0.828403	0.019513
692.407159	0.080079	0.827417	0.013291
693.008237	0.079164	0.827128	0.017400
693.596046	0.078158	0.827278	0.008854
694.217910	0.075884	0.826356	0.012497
694.788859	0.079723	0.826495	0.008130
695.401783	0.077595	0.825100	0.014759
695.991664	0.078172	0.825585	0.009670
696.654131	0.076531	0.823812	0.019628
697.215013	0.078576	0.825091	0.012364
697.825411	0.080032	0.823877	0.014816
698.466020	0.078737	0.824295	0.015487
699.068585	0.080048	0.824327	0.011698
699.692338	0.078383	0.824908	0.018198
700.254373	0.076695	0.824900	0.014495
700.876334	0.080838	0.824838	0.012788
701.427452	0.079681	0.824045	0.019156
702.043149	0.080333	0.824643	0.010472
702.596385	0.079036	0.824534	0.010249
703.185811	0.079163	0.822281	0.018620
703.774353	0.078340	0.822830	0.013513
704.396235	0.077353	0.824254	0.013090
705.013859	0.076528	0.822942	0.021374
705.660058	0.080659	0.823795	0.018654
706.269065	0.078517	0.824275	0.015202
706.903234	0.079240	0.825765	0.014177
707.504434	0.079498	0.825217	0.014185
708.049430	0.079617	0.824567	0.015975
708.645895	0.077475	0.824129	0.022102
709.311033	0.078123	0.825451	0.011958
709.939815	0.080588	0.823802	0.015711
710.492851	0.077876	0.823694	0.011737
711.132222	0.079365	0.821460	0.013656
711.758480	0.079045	0.822135	0.008707
712.395691	0.079925	0.820731	0.016167
713.037988	0.077277	0.820276	0.013977
713.612703	0.079600	0.820841	0.009391
714.178429	0.079368	0.821805	0.012149
714.808998	0.077965	0.821031	0.016725
715.440311	0.079807	0.820736	0.016939
716.008523	0.078919	0.821250	0.013620
716.579283	0.078084	0.821273	0.014166
717.229094	0.080181	0.821752	0.009521
717.824542	0.078101	0.821096	0.015123
718.452977	0.079677	0.821091	0.013364
719.032823	0.080214	0.818936	0.017941
719.606639	0.079278	0.819390	0.017720
720.217697	0.078188	0.820009	0.015380
720.849996	0.079079	0.821613	0.012899
721.482940	0.078176	0.820658	0.014051
722.060625	0.079032	0.819888	0.017600
722.703931	0.079933	0.820707	0.011496
723.344451	0.077829	0.820177	0.013153
723.985419	0.078626	0.821020	0.013433
724.564879	0.080591	0.821396	0.013667
725.161914	0.074696	0.820273	0.010470
725.752458	0.077737	0.817893	0.024035
726.361671	0.078485	0.819249	0.017209
726.984067	0.078436	0.819452	0.012758
727.560226	0.077693	0.818010	0.017427
728.142931	0.077024	0.819931	0.012416
728.774483	0.079795	0.818251	0.015728
729.346650	0.077858	0.819395	0.010163
729.929890	0.078222	0.817236	0.014882
730.553474	0.078257	0.818617	0.010692
731.181595	0.078109	0.818820	0.010863
731.755649	0.078663	0.818131	0.013665
732.388317	0.078453	0.817623	0.014940
732.952200	0.078084	0.816528	0.019365
733.587291	0.078179	0.819319	0.015286
734.164679	0.078944	0.818839	0.013500
734.792277	0.080168	0.818679	0.011438
735.409688	0.078797	0.818204	0.013384
735.970244	0.078852	0.818350	0.011576
736.587682	0.078219	0.818386	0.014477
737.229632	0.079354	0.818477	0.008388
737.811948	0.077108	0.818247	0.010345
738.373390	0.079888	0.816576	0.018567
738.986957	0.080293	0.817125	0.014550
739.581316	0.079856	0.817382	0.015130
740.203678	0.078318	0.816606	0.017060
740.819670	0.080006	0.816046	0.016582
741.373783	0.079157	0.816025	0.012132
742.019454	0.078856	0.817017	0.011583
742.609612	0.076840	0.816037	0.015009
743.261594	0.076831	0.815208	0.019197
743.822991	0.077566	0.818297	0.012824
744.413821	0.078766	0.815972	0.019441
745.017150	0.080061	0.817135	0.013044
745.648834	0.079295	0.815699	0.016929
746.246471	0.079197	0.815624	0.014230
746.822991	0.077460	0.817161	0.013503
747.451465	0.078853	0.815279	0.018406
748.066510	0.079816	0.813340	0.024261
748.632668	0.079260	0.816182	0.012101
749.203445	0.078782	0.814389	0.017186
749.820299	0.079513	0.814404	0.014708
750.431711	0.079458	0.815200	0.011667
751.056455	0.079202	0.815169	0.013077
751.663962	0.079838	0.814396	0.017611
752.223740	0.078242	0.814911	0.011483
752.847188	0.078182	0.814719	0.013211
753.479968	0.079298	0.814799	0.014767
754.108882	0.077781	0.812797	0.016725
754.699567	0.077591	0.813110	0.012894
755.282195	0.079815	0.812912	0.016067
755.917961	0.077831	0.812840	0.012087
756.523375	0.079890	0.812511	0.012370
757.172500	0.078783	0.812156	0.013404
757.732997	0.079133	0.811905	0.014930
758.345068	0.079231	0.812473	0.015067
758.915252	0.079647	0.812515	0.012263
759.529649	0.077936	0.810802	0.019547
760.172798	0.077636	0.811393	0.015280
760.749516	0.079466	0.811418	0.009073
761.395548	0.078799	0.810313	0.012072
761.998267	0.080265	0.808668	0.009345
762.586449	0.080376	0.809868	0.012027
763.157838	0.079614	0.808955	0.015199
763.778606	0.079865	0.810122	0.013060
764.389183	0.077332	0.811031	0.013112
764.951010	0.077439	0.809334	0.014749
765.561961	0.078228	0.809731	0.014629
766.131181	0.078543	0.809079	0.013880
766.739994	0.079380	0.807446	0.013593
767.342005	0.079957	0.807897	0.015527
767.978751	0.079774	0.810038	0.013047
768.578421	0.078077	0.810107	0.013644
769.202054	0.078879	0.809013	0.015875
769.821923	0.078606	0.808734	0.014057
770.410949	0.078975	0.808005	0.013407
771.047013	0.079621	0.806822	0.016429
771.705788	0.077718	0.806212	0.012184
772.332145	0.078271	0.806968	0.014917
772.981577	0.078574	0.807725	0.013508
773.622745	0.078776	0.806151	0.014517
774.193025	0.079538	0.804733	0.014985
774.849964	0.079265	0.805978	0.020552
775.462279	0.079070	0.804607	0.019922
776.091930	0.078768	0.806250	0.011499
776.692078	0.080350	0.805576	0.015675
777.266457	0.079052	0.805744	0.011493
777.909123	0.077839	0.805754	0.014858
778.528210	0.077250	0.802764	0.025057
779.123514	0.078307	0.803580	0.013790
779.767576	0.079768	0.803958	0.011383
780.324426	0.078442	0.802427	0.014012
780.918403	0.078596	0.802415	0.014034
781.551921	0.078911	0.802561	0.011843
782.142388	0.080355	0.802208	0.013799
782.702963	0.078261	0.801120	0.017669
783.295336	0.078014	0.801445	0.014728
783.881304	0.077660	0.799726	0.013117
784.496682	0.080216	0.799896	0.013209
785.138417	0.079319	0.800305	0.008691
785.707437	0.079146	0.798497	0.010812
786.330592	0.078987	0.800594	0.012024
786.930800	0.078571	0.799423	0.017934
787.544226	0.077972	0.798899	0.015060
788.115208	0.078057	0.799470	0.015352
788.740957	0.078607	0.799734	0.009943
789.358594	0.077400	0.798892	0.011136
790.027669	0.076685	0.796781	0.014961
790.638197	0.078973	0.797479	0.010472
791.209805	0.078804	0.797843	0.011908
791.818113	0.079047	0.797408	0.015206
792.443198	0.079349	0.796750	0.015996
793.032071	0.078926	0.797731	0.011077
793.605725	0.078348	0.796015	0.010275
794.274452	0.078502	0.796212	0.018278
794.865034	0.079140	0.795723	0.014747
795.493422	0.078766	0.795408	0.014167
796.149110	0.079022	0.793561	0.015400
796.722639	0.076871	0.792496	0.013560
797.358357	0.077704	0.791533	0.016656
797.986408	0.079747	0.795576	0.007854
798.632600	0.079767	0.792096	0.016951
799.254512	0.078709	0.793054	0.012779
799.844210	0.077087	0.791081	0.015733
