800.512063	0.075195	0.017754	0.003000
801.247018	0.067620	0.017898	0.002400
801.949716	0.067524	0.018546	0.003129
802.657461	0.071171	0.018409	0.003100
803.378509	0.068929	0.018341	0.002281
804.138602	0.072601	0.017510	0.002865
804.864356	0.070810	0.018080	0.002550
805.678996	0.064132	0.017151	0.002388
806.370061	0.068519	0.016461	0.002511
807.090853	0.067110	0.016978	0.002718
807.796962	0.070577	0.016751	0.002659
808.512038	0.072691	0.016521	0.002591
809.226434	0.073016	0.016917	0.002523
809.959403	0.066717	0.017288	0.002560
810.712941	0.069628	0.016847	0.002533
811.433701	0.071486	0.016015	0.002799
812.083425	0.070414	0.016179	0.002600
812.774893	0.068631	0.017065	0.002582
813.466340	0.066290	0.016274	0.002957
814.174213	0.071215	0.015506	0.002948
814.857288	0.066625	0.015741	0.002470
815.573554	0.075504	0.016087	0.002604
816.234062	0.071046	0.014247	0.002408
816.908244	0.069434	0.016110	0.002627
817.630907	0.069435	0.015636	0.002905
818.304281	0.070033	0.015497	0.002724
819.024947	0.068492	0.015667	0.002711
819.797939	0.071304	0.014961	0.002423
820.550021	0.071913	0.015007	0.002494
821.240629	0.063613	0.015597	0.002628
821.971462	0.076453	0.014864	0.002980
822.686189	0.068765	0.015647	0.002702
823.416023	0.075128	0.014451	0.002856
824.136210	0.069225	0.015370	0.002900
824.841587	0.073110	0.014219	0.003058
825.544243	0.072738	0.014204	0.002371
826.233895	0.069754	0.015068	0.002609
826.938103	0.072087	0.013531	0.002526
827.647485	0.072034	0.014511	0.002599
828.351757	0.064285	0.015125	0.002735
829.070712	0.071323	0.013799	0.002511
829.794459	0.062091	0.014478	0.002427
830.552502	0.070867	0.015071	0.003052
831.316177	0.067520	0.015052	0.002396
832.111662	0.072863	0.014729	0.002881
832.846225	0.064914	0.014025	0.002960
833.568761	0.075577	0.013190	0.002803
834.347736	0.070784	0.015378	0.002509
835.226147	0.079868	0.014732	0.002234
836.043020	0.071645	0.013361	0.002384
836.753019	0.073842	0.013734	0.002692
837.450990	0.071994	0.015498	0.002699
838.162615	0.073704	0.014608	0.002730
838.926099	0.066266	0.014674	0.002347
839.785736	0.066905	0.014948	0.002485
840.615455	0.067465	0.013028	0.002778
841.418229	0.068296	0.015177	0.002646
842.115861	0.074037	0.014204	0.002662
842.859371	0.073454	0.014395	0.002717
843.638845	0.070205	0.014758	0.002778
844.484395	0.069524	0.015421	0.002651
845.280274	0.069249	0.014432	0.002754
846.044119	0.067857	0.014986	0.002798
846.853736	0.071103	0.014094	0.002770
847.587556	0.072664	0.014152	0.002802
848.285953	0.070556	0.012286	0.002553
849.056928	0.070624	0.014659	0.002712
849.839240	0.074839	0.013765	0.002523
850.637403	0.071734	0.014957	0.002806
851.435801	0.068263	0.014431	0.002700
852.238714	0.065100	0.015306	0.002999
852.964204	0.069181	0.014590	0.002727
853.745847	0.070895	0.015335	0.002573
854.549854	0.068852	0.016015	0.003071
855.346828	0.068967	0.015360	0.002909
856.163766	0.068049	0.015664	0.002612
857.027899	0.079462	0.015485	0.002654
857.736869	0.071481	0.015590	0.002502
858.429327	0.070248	0.015056	0.002695
859.145086	0.074158	0.013607	0.002518
859.936429	0.071091	0.015441	0.002996
860.766085	0.071282	0.015192	0.002533
861.563346	0.071876	0.016110	0.003011
862.377873	0.064050	0.016284	0.002723
863.113691	0.069421	0.015278	0.002491
863.946184	0.066634	0.015519	0.002750
864.763027	0.070034	0.015510	0.002871
865.570170	0.065549	0.015524	0.002714
866.383029	0.065043	0.015021	0.002562
867.153675	0.072696	0.015154	0.003050
867.890960	0.066349	0.014966	0.002766
868.578532	0.071811	0.014744	0.002391
869.338352	0.067995	0.015764	0.002735
870.148045	0.069861	0.015322	0.002913
870.948972	0.066675	0.015116	0.002735
871.817027	0.074090	0.015750	0.002809
872.659423	0.067878	0.015698	0.002617
873.402181	0.071074	0.016322	0.002901
874.224188	0.071133	0.016137	0.002367
874.981575	0.068987	0.015060	0.002980
875.775767	0.068603	0.013349	0.002467
876.579181	0.069890	0.015128	0.002519
877.390341	0.066809	0.016338	0.002652
878.080070	0.076481	0.014215	0.002682
878.862065	0.065545	0.014549	0.003032
879.663216	0.069599	0.015478	0.002727
880.535086	0.068800	0.015259	0.002976
881.294280	0.069462	0.014733	0.002809
882.016107	0.071346	0.015371	0.002606
882.717343	0.069028	0.015747	0.002830
883.438076	0.068860	0.015783	0.002945
884.154378	0.072993	0.016112	0.002401
884.884545	0.073012	0.017204	0.002891
885.567082	0.067505	0.016887	0.002513
886.307545	0.075365	0.015625	0.002636
887.015783	0.074697	0.016434	0.002942
887.781087	0.071020	0.016564	0.002249
888.490845	0.067542	0.015182	0.002863
889.251081	0.076038	0.016974	0.002890
889.991873	0.067659	0.016012	0.002524
890.665666	0.063824	0.017974	0.002375
891.413971	0.067599	0.017681	0.002609
892.149547	0.068043	0.016821	0.002691
892.858157	0.073662	0.015313	0.002924
893.583364	0.073715	0.016583	0.002577
894.294375	0.078257	0.016072	0.002770
895.035073	0.071001	0.017745	0.002558
895.818036	0.072581	0.016474	0.002735
896.553230	0.070724	0.015442	0.002695
897.224941	0.069823	0.016965	0.002638
897.939735	0.065066	0.016215	0.002712
898.597666	0.070738	0.017570	0.002745
899.310261	0.066262	0.019202	0.002868
900.015196	0.073369	0.016375	0.002636
900.788544	0.072672	0.015690	0.002639
901.543511	0.071197	0.018342	0.002851
902.310569	0.067802	0.017182	0.002695
903.006781	0.068885	0.016766	0.002558
903.729237	0.072464	0.017618	0.002624
904.472772	0.066820	0.017975	0.002663
905.186632	0.072726	0.017753	0.002903
905.907770	0.070098	0.017414	0.002341
906.617529	0.067598	0.019117	0.002515
907.336426	0.072677	0.018561	0.003081
908.112802	0.066241	0.019008	0.002931
908.825239	0.065889	0.018350	0.003043
909.563824	0.068873	0.018072	0.002918
910.281562	0.073309	0.017913	0.003011
911.013177	0.065059	0.016449	0.002905
911.755023	0.068761	0.017624	0.002620
912.507070	0.071844	0.017988	0.002805
913.185571	0.070416	0.018965	0.002820
913.892760	0.069789	0.016344	0.002711
914.609447	0.069977	0.018704	0.002987
915.319748	0.073457	0.016872	0.002942
916.054020	0.070729	0.019159	0.003064
916.736538	0.072280	0.018612	0.002650
917.500314	0.072845	0.020218	0.002588
918.239367	0.072624	0.017346	0.002713
918.973224	0.072463	0.018017	0.002755
919.681370	0.067631	0.017920	0.002418
920.366172	0.071421	0.018672	0.003085
921.070270	0.066801	0.019186	0.002622
921.790081	0.070947	0.017437	0.002573
922.508607	0.074329	0.019597	0.002836
923.238672	0.077345	0.018578	0.003021
923.909205	0.064169	0.018292	0.002607
924.637411	0.072681	0.018511	0.003118
925.395557	0.072690	0.018470	0.003300
926.148806	0.062194	0.018376	0.002949
926.854731	0.073723	0.016378	0.002536
927.563217	0.071498	0.017647	0.003041
928.322692	0.076685	0.018561	0.003034
929.039731	0.071939	0.018835	0.002952
929.821242	0.073011	0.017567	0.003016
930.563951	0.069180	0.017220	0.003079
931.276496	0.067686	0.017383	0.002725
932.008814	0.072232	0.018516	0.002644
932.700226	0.071500	0.016755	0.002346
933.403740	0.070234	0.017456	0.002850
934.159741	0.068972	0.019075	0.002591
934.876430	0.072287	0.019880	0.002793
935.604138	0.070604	0.018658	0.002627
936.344945	0.079074	0.019208	0.002760
937.126436	0.068530	0.018027	0.002953
937.893360	0.063682	0.017997	0.002791
938.619133	0.065631	0.018695	0.002493
939.301675	0.075631	0.017726	0.003326
940.016887	0.067364	0.019980	0.002728
940.784895	0.071275	0.018416	0.002713
941.503954	0.069176	0.019524	0.002771
942.208575	0.069323	0.018975	0.003042
942.912207	0.070520	0.018557	0.003102
943.677707	0.071923	0.018947	0.002417
944.434273	0.074361	0.019323	0.002686
945.127960	0.067796	0.017599	0.002754
945.844066	0.071199	0.018027	0.002775
946.581432	0.072314	0.018358	0.002920
947.292768	0.068732	0.017651	0.002748
948.013262	0.070278	0.020217	0.003077
948.731175	0.071214	0.017277	0.002509
949.446973	0.069537	0.016355	0.002691
950.180940	0.073520	0.017409	0.002592
950.892701	0.072968	0.020102	0.002963
951.609009	0.071912	0.018136	0.003095
952.364959	0.073564	0.018540	0.003418
953.070654	0.070837	0.019602	0.002787
953.793019	0.066304	0.018887	0.002535
954.531565	0.069373	0.019798	0.003123
955.218369	0.070198	0.018616	0.002778
955.967721	0.072280	0.019608	0.002705
956.694942	0.071694	0.015968	0.002683
957.428506	0.074133	0.019262	0.002606
958.145963	0.069363	0.020930	0.003127
958.822800	0.068284	0.019185	0.002812
959.505323	0.070529	0.017864	0.002547
960.227795	0.069328	0.018417	0.002859
960.959500	0.071340	0.019862	0.003324
961.682588	0.067858	0.017472	0.002863
962.404571	0.065935	0.017732	0.002605
963.093426	0.072384	0.019685	0.002829
963.860747	0.071106	0.018740	0.003358
964.642464	0.068233	0.019597	0.002849
964.808871	0.070104	0.019985	0.002603
964.001824	0.073958	0.019210	0.002631
963.304373	0.063162	0.016906	0.002819
962.612543	0.078998	0.019482	0.002529
961.912787	0.072672	0.020404	0.002871
961.195914	0.069962	0.018855	0.002891
960.477788	0.074686	0.020624	0.002532
959.739878	0.072697	0.018047	0.002477
959.034990	0.059793	0.018903	0.002579
958.311924	0.076478	0.018958	0.002603
957.614654	0.073266	0.019416	0.002552
956.900194	0.074392	0.017959	0.002995
956.133608	0.069578	0.021606	0.002991
955.424364	0.062126	0.018321	0.003039
954.674831	0.069545	0.017935	0.003026
953.975724	0.071056	0.019427	0.002495
953.219190	0.067324	0.018081	0.002760
952.509840	0.066662	0.019420	0.002497
951.838337	0.059232	0.019163	0.002934
951.114686	0.070649	0.018923	0.002896
950.415197	0.076743	0.019573	0.002807
949.669405	0.073156	0.018820	0.002748
948.906528	0.068122	0.018555	0.002499
948.218800	0.065194	0.019689	0.002552
947.501154	0.070426	0.018946	0.002664
946.736428	0.070791	0.020796	0.002565
946.008539	0.071325	0.018889	0.002776
945.326082	0.065651	0.016474	0.002910
944.623257	0.072979	0.019505	0.002896
943.875712	0.073970	0.016815	0.002530
943.141268	0.075199	0.017636	0.002711
942.405453	0.078508	0.019938	0.002924
941.672816	0.066781	0.019456	0.002927
940.960779	0.070117	0.019518	0.003159
940.257604	0.072691	0.018641	0.002896
939.524584	0.075654	0.020357	0.002696
938.823556	0.076105	0.019873	0.003054
938.134980	0.075937	0.019442	0.002707
937.426503	0.076366	0.019784	0.002909
936.730458	0.079553	0.017994	0.002734
935.965691	0.061878	0.018597	0.002813
935.265938	0.076486	0.019482	0.002329
934.540547	0.064190	0.018208	0.002395
933.826386	0.072285	0.018960	0.002662
933.098871	0.069060	0.018823	0.002647
932.395463	0.075357	0.017793	0.002825
931.685467	0.070515	0.016890	0.002402
930.963859	0.067410	0.017608	0.002676
930.216390	0.070302	0.018509	0.003118
929.438322	0.073608	0.018307	0.002984
928.689982	0.068222	0.016990	0.002768
927.926438	0.073783	0.017900	0.002487
927.142069	0.071397	0.018395	0.002747
926.386016	0.071562	0.017961	0.002507
925.593604	0.073934	0.019190	0.002822
924.846943	0.069271	0.020896	0.002574
924.117091	0.063900	0.018565	0.002923
923.362568	0.064705	0.017081	0.002312
922.623833	0.065159	0.017447	0.002969
921.899581	0.079616	0.019042	0.002539
921.186314	0.070908	0.016798	0.002332
920.474344	0.073360	0.018174	0.002464
919.722073	0.073291	0.018760	0.002783
919.061283	0.070037	0.017720	0.002870
918.310819	0.073924	0.018645	0.003022
917.547786	0.069036	0.017035	0.003047
916.842191	0.068273	0.016690	0.002505
916.133504	0.071738	0.018656	0.002548
915.394186	0.072060	0.019875	0.002543
914.707514	0.062526	0.017794	0.002507
913.954670	0.071835	0.017600	0.002659
913.231683	0.075438	0.018036	0.002757
912.499016	0.077705	0.019270	0.002446
911.696172	0.075190	0.016761	0.002952
910.968638	0.068974	0.018032	0.002903
910.274135	0.073046	0.017712	0.002644
909.589440	0.072414	0.017633	0.002988
908.870384	0.067848	0.018647	0.002810
908.130758	0.076063	0.017449	0.002807
907.402215	0.062720	0.017193	0.002395
906.683956	0.078972	0.017266	0.002812
905.979360	0.065538	0.019214	0.002745
905.283307	0.070159	0.016869	0.002833
904.548729	0.076481	0.016666	0.002335
903.846142	0.063362	0.016689	0.002655
903.124727	0.066476	0.016304	0.002690
902.343899	0.071209	0.016557	0.002475
901.620721	0.066141	0.018032	0.002679
900.894877	0.067995	0.016965	0.002652
900.178403	0.068114	0.017258	0.002958
899.465978	0.071768	0.017346	0.002410
898.717078	0.074964	0.016628	0.002574
897.994038	0.068938	0.016285	0.002850
897.256730	0.064650	0.018111	0.003097
896.541394	0.072128	0.017452	0.002636
895.819321	0.068760	0.017483	0.002645
895.085785	0.069021	0.016696	0.002736
894.335334	0.067063	0.018681	0.003033
893.620752	0.070201	0.017521	0.002663
892.919175	0.070806	0.017122	0.002900
892.166398	0.069714	0.016160	0.002575
891.419209	0.076421	0.016944	0.002809
890.630795	0.068156	0.016730	0.002640
889.836369	0.071149	0.017517	0.002775
889.137810	0.073667	0.015261	0.002798
888.412200	0.063032	0.016614	0.002700
887.695759	0.079759	0.016292	0.002462
886.903957	0.071357	0.016063	0.003130
886.177253	0.061241	0.016661	0.002800
885.475284	0.067000	0.015934	0.002765
884.752607	0.074906	0.015896	0.003031
884.018646	0.068350	0.017577	0.002881
883.301791	0.062011	0.016711	0.002361
882.590090	0.070036	0.015935	0.002661
881.891723	0.071647	0.015894	0.002391
881.192463	0.075745	0.017150	0.002974
880.433407	0.062220	0.015745	0.002514
879.707447	0.069917	0.015335	0.002569
878.999496	0.069582	0.016172	0.002776
878.290441	0.070015	0.016233	0.002524
877.565639	0.062763	0.016220	0.003104
876.821235	0.076629	0.016414	0.002641
876.127522	0.066740	0.015665	0.002928
875.423417	0.077559	0.016453	0.002742
874.665339	0.077378	0.015650	0.002744
873.944873	0.066719	0.015067	0.002812
873.216768	0.074314	0.016108	0.002757
872.467009	0.072031	0.015868	0.002596
871.788946	0.075078	0.014078	0.002437
871.060139	0.070469	0.015851	0.002753
870.319720	0.066688	0.015367	0.003079
869.540605	0.066405	0.017643	0.002883
868.826631	0.065781	0.016357	0.002576
868.108481	0.061257	0.014694	0.002648
867.358574	0.065370	0.015132	0.003109
866.581584	0.071635	0.016776	0.002761
865.780158	0.072310	0.014824	0.002555
865.094467	0.061997	0.015518	0.002816
864.370846	0.077775	0.016792	0.002955
863.611047	0.073530	0.015949	0.002715
862.900452	0.077533	0.014479	0.002483
862.122623	0.075468	0.014972	0.002608
861.375553	0.068480	0.014851	0.002688
860.673299	0.076642	0.014822	0.002546
859.962226	0.065193	0.013755	0.002804
859.253086	0.078938	0.015461	0.002430
858.544245	0.073863	0.016165	0.002743
857.764801	0.066978	0.014095	0.002656
857.059487	0.066876	0.014432	0.002675
856.340945	0.066696	0.014922	0.002837
855.602237	0.064674	0.013908	0.002683
854.923038	0.067377	0.015169	0.002691
854.191980	0.075568	0.014955	0.002892
853.411422	0.073225	0.014009	0.003208
852.655725	0.069115	0.015565	0.002791
851.949274	0.067358	0.012804	0.002647
851.244491	0.068218	0.015015	0.002350
850.507611	0.066984	0.013210	0.002712
849.775257	0.078383	0.015106	0.002555
849.026169	0.071200	0.013940	0.002331
848.295388	0.071809	0.015364	0.002510
847.590733	0.083432	0.013846	0.002585
846.847680	0.060024	0.014860	0.002891
846.063159	0.065867	0.014703	0.002975
845.374090	0.075683	0.012815	0.002522
844.644318	0.073774	0.015807	0.002520
843.930218	0.060761	0.014135	0.002796
843.223226	0.063932	0.015193	0.002887
842.445834	0.065882	0.014914	0.002771
841.718368	0.071230	0.015163	0.002865
840.915147	0.083618	0.014008	0.002939
840.195650	0.071907	0.014005	0.002828
839.455456	0.065558	0.014309	0.002743
838.760183	0.076063	0.013538	0.002608
838.032812	0.075805	0.014874	0.002971
837.301660	0.072816	0.014559	0.002574
836.563548	0.074119	0.016128	0.002688
835.829750	0.068186	0.014301	0.002829
835.093582	0.064311	0.013938	0.003039
834.350232	0.068501	0.014061	0.002586
833.645089	0.071302	0.014100	0.002724
832.932562	0.065924	0.015429	0.002514
832.164074	0.064920	0.014120	0.002487
831.467962	0.059522	0.015208	0.002303
830.751886	0.063836	0.014590	0.002575
830.067111	0.069040	0.014664	0.002473
829.339029	0.080168	0.016149	0.002411
828.588763	0.059612	0.015380	0.002779
827.860341	0.067874	0.015606	0.003119
827.132100	0.073871	0.013643	0.002435
826.389569	0.078955	0.014205	0.002191
825.663846	0.072120	0.016500	0.002682
824.996836	0.071935	0.015374	0.002596
824.256865	0.068820	0.014820	0.002861
823.551393	0.075422	0.015485	0.002907
822.772940	0.070762	0.015634	0.002593
822.067170	0.074508	0.014496	0.002839
821.378666	0.067668	0.015076	0.002522
820.622461	0.073655	0.014444	0.002293
819.889205	0.071101	0.016193	0.002601
819.150435	0.064372	0.014115	0.002782
818.431714	0.067937	0.016054	0.002445
817.674691	0.069034	0.015696	0.002605
816.938195	0.071177	0.015822	0.002840
816.212048	0.072852	0.015224	0.002446
815.507394	0.072456	0.016400	0.002708
814.800998	0.070502	0.016012	0.002770
814.066882	0.071492	0.016245	0.002675
813.331874	0.072786	0.015972	0.002752
812.600233	0.072805	0.016054	0.002532
811.865682	0.064113	0.015318	0.002765
811.219347	0.072639	0.016921	0.002464
810.451328	0.074383	0.017382	0.002744
809.717042	0.078079	0.017667	0.002585
808.970485	0.065155	0.016385	0.002647
808.244242	0.071850	0.017392	0.002590
807.508468	0.059193	0.016894	0.002494
806.794508	0.073184	0.017494	0.002909
806.113335	0.073753	0.016810	0.002569
805.409457	0.072091	0.018103	0.002792
804.692543	0.077160	0.017773	0.002503
803.973313	0.078197	0.017726	0.002892
803.267863	0.078000	0.017209	0.002413
802.551703	0.066443	0.018145	0.002297
801.825513	0.066769	0.018342	0.002603
801.136648	0.065618	0.018078	0.002737
800.369065	0.072257	0.017858	0.002664
799.644437	0.077073	0.018036	0.002395
798.874665	0.064985	0.019791	0.002795
798.149464	0.071117	0.018310	0.002718
797.403512	0.065722	0.018837	0.002414
796.649624	0.068575	0.018871	0.002733
795.930426	0.070957	0.017897	0.002825
795.217188	0.074947	0.019117	0.002763
794.533179	0.071183	0.019760	0.002554
793.786239	0.076765	0.019288	0.002736
793.050381	0.069881	0.019278	0.002998
792.281831	0.069661	0.019915	0.002406
791.545389	0.078089	0.019560	0.002389
790.871431	0.073778	0.019833	0.002750
790.105569	0.075937	0.020276	0.002647
789.374907	0.071192	0.020363	0.002677
788.662508	0.063478	0.019571	0.002284
787.907866	0.074812	0.021029	0.002702
787.108643	0.070296	0.020991	0.002582
786.283133	0.062388	0.020967	0.002620
785.485854	0.067328	0.021082	0.002842
784.688363	0.070967	0.021404	0.002532
783.991540	0.073057	0.022415	0.002465
783.263885	0.070773	0.021580	0.003002
782.534625	0.071741	0.022794	0.002568
781.865384	0.065435	0.022628	0.002769
781.142213	0.073419	0.023028	0.002763
780.452753	0.066099	0.022905	0.002876
779.699917	0.068267	0.022259	0.002828
779.015781	0.073487	0.022157	0.002768
778.256623	0.068375	0.021748	0.002766
777.522391	0.073518	0.022873	0.002634
776.791464	0.068946	0.023796	0.002777
776.061715	0.067369	0.023000	0.002987
775.352930	0.077106	0.023357	0.002598
774.655534	0.064009	0.023905	0.002724
773.960305	0.072849	0.024197	0.002476
773.301402	0.072508	0.023830	0.002936
772.543509	0.078582	0.023964	0.002570
771.793967	0.071801	0.023600	0.002892
771.097687	0.065462	0.024167	0.002512
770.342035	0.068605	0.023383	0.002736
769.611894	0.072802	0.024300	0.002477
768.852386	0.073408	0.024735	0.002503
768.138681	0.068281	0.024703	0.002483
767.402717	0.066844	0.024649	0.002336
766.677825	0.070304	0.026128	0.002752
765.962420	0.072623	0.025376	0.002680
765.236071	0.067488	0.025545	0.002154
764.464993	0.066190	0.025727	0.002274
763.762115	0.066824	0.026217	0.002850
763.024749	0.071838	0.025078	0.002426
762.314805	0.064806	0.025569	0.002441
761.547955	0.077632	0.026623	0.002610
760.869397	0.074892	0.026296	0.002618
760.163873	0.076521	0.026205	0.002932
759.461281	0.072453	0.027065	0.002733
758.704207	0.072385	0.026298	0.002623
757.972355	0.074137	0.027070	0.002664
757.274555	0.066683	0.027011	0.002577
756.560393	0.066542	0.026622	0.002688
755.803031	0.070460	0.026618	0.002393
755.087085	0.073336	0.026719	0.002623
754.339317	0.069923	0.027555	0.002762
753.631020	0.073084	0.026892	0.002637
752.941295	0.067190	0.027255	0.002657
752.194696	0.075895	0.027295	0.002525
751.459891	0.072878	0.026988	0.002808
750.782363	0.063415	0.027347	0.002425
750.036401	0.066472	0.028065	0.002430
749.266290	0.067756	0.028233	0.002446
748.526076	0.070328	0.027698	0.002247
747.797582	0.063695	0.028201	0.002937
747.123560	0.064517	0.028641	0.002539
746.396118	0.072972	0.028165	0.002382
745.687481	0.069100	0.028643	0.002722
744.897692	0.070951	0.028492	0.002484
744.187833	0.070607	0.028676	0.002745
743.418179	0.069192	0.028854	0.002835
742.684691	0.073039	0.028302	0.002553
741.910127	0.067009	0.028390	0.002619
741.145318	0.073333	0.029198	0.002377
740.452256	0.067608	0.029098	0.002790
739.761660	0.073479	0.028646	0.002563
739.017611	0.070472	0.029400	0.002902
738.296299	0.070825	0.028668	0.002677
737.599009	0.066963	0.028843	0.002620
736.885432	0.072047	0.029445	0.002532
736.138790	0.073394	0.029306	0.002930
735.401116	0.069118	0.029566	0.002522
734.630792	0.070351	0.029528	0.003014
733.904284	0.066195	0.029886	0.002639
733.178658	0.071661	0.029283	0.002408
732.439751	0.062806	0.029807	0.002308
731.684801	0.067171	0.029548	0.002672
731.017154	0.069517	0.029548	0.002627
730.327184	0.077017	0.029230	0.003135
729.541816	0.070535	0.030219	0.002444
728.840010	0.071162	0.029982	0.002676
728.092827	0.070208	0.029864	0.002514
727.362292	0.060918	0.029738	0.002532
726.639832	0.075799	0.030721	0.002591
725.936699	0.072619	0.029707	0.002570
725.213368	0.064550	0.030647	0.002818
724.519223	0.064419	0.029878	0.002570
723.814559	0.068623	0.029861	0.002586
723.050386	0.067478	0.030592	0.002992
722.349665	0.069019	0.029691	0.002690
721.673220	0.075111	0.030234	0.002477
720.979182	0.066986	0.030421	0.002540
720.245937	0.073161	0.030769	0.003040
719.517390	0.070040	0.030769	0.003054
718.798712	0.076714	0.031042	0.002659
718.101560	0.072533	0.030990	0.002518
717.381044	0.070018	0.030729	0.002806
716.625648	0.072773	0.031131	0.002964
715.868402	0.071577	0.031311	0.002861
715.208787	0.068982	0.031704	0.002775
714.503794	0.065587	0.031273	0.002477
713.759925	0.071275	0.031359	0.002418
713.071347	0.069332	0.031631	0.002655
712.321677	0.073103	0.031818	0.002893
711.548909	0.070409	0.032253	0.002815
710.770956	0.071092	0.032009	0.002779
709.993056	0.074382	0.032237	0.002595
709.280955	0.069260	0.032109	0.002564
708.556061	0.071766	0.032865	0.002496
707.869077	0.072872	0.032919	0.002692
707.153703	0.073347	0.032815	0.002565
706.424656	0.069515	0.033646	0.002610
705.665965	0.075772	0.033756	0.002475
704.903811	0.068371	0.033410	0.002589
704.093686	0.069610	0.034261	0.002221
703.342974	0.072514	0.034218	0.002914
702.618219	0.066299	0.035383	0.002435
701.845418	0.071754	0.035733	0.002631
701.104843	0.068087	0.036588	0.002469
700.337886	0.071948	0.037969	0.002674
699.606777	0.072895	0.038381	0.002916
698.873341	0.072219	0.038971	0.002631
698.190627	0.069787	0.040220	0.002787
697.471407	0.075200	0.041588	0.002607
696.770919	0.073176	0.043241	0.002726
696.057935	0.066373	0.045283	0.002698
695.372799	0.067590	0.046887	0.002520
694.690649	0.073215	0.049396	0.002971
693.940202	0.065196	0.053370	0.002456
693.189384	0.073308	0.057019	0.002637
692.467965	0.075702	0.062295	0.002647
691.779747	0.064101	0.067549	0.002730
691.095281	0.070544	0.074104	0.002695
690.355544	0.072465	0.081259	0.002445
689.607191	0.069160	0.087735	0.002453
688.864298	0.072784	0.093475	0.002928
688.143920	0.075746	0.095067	0.002873
687.382997	0.069041	0.093247	0.002753
686.634644	0.062853	0.088000	0.002730
685.871511	0.072964	0.080889	0.002795
685.160844	0.072380	0.073083	0.003230
684.419141	0.067173	0.065854	0.002435
683.701695	0.072561	0.059652	0.002804
683.000515	0.063347	0.054692	0.002602
682.205997	0.069867	0.049715	0.002713
681.495829	0.070815	0.045926	0.002470
680.783046	0.066234	0.042501	0.002338
680.061881	0.073690	0.039859	0.002602
679.304507	0.067199	0.037811	0.002605
678.586115	0.066728	0.035655	0.002487
677.896250	0.068350	0.033193	0.002732
677.183521	0.069319	0.031671	0.002378
676.420686	0.070233	0.030202	0.002537
675.703547	0.070935	0.029227	0.002735
675.015999	0.068802	0.027600	0.002834
674.276878	0.072584	0.026740	0.002881
673.516815	0.069896	0.025848	0.002692
672.754638	0.069462	0.024719	0.002657
671.979945	0.068897	0.024350	0.002556
671.263476	0.074811	0.023321	0.002650
670.539729	0.070371	0.022947	0.002902
669.832683	0.069028	0.022059	0.002439
669.120825	0.071894	0.021451	0.002569
668.420133	0.072997	0.020909	0.002547
667.706798	0.067116	0.020246	0.002909
666.941210	0.070454	0.019942	0.002857
666.181201	0.073155	0.019226	0.002943
665.420872	0.071050	0.018356	0.002387
664.694436	0.072431	0.018367	0.002742
663.941460	0.071924	0.018029	0.002350
663.189376	0.073573	0.016862	0.002593
662.431608	0.067127	0.017061	0.002672
661.698818	0.064503	0.016484	0.002528
660.985419	0.069540	0.015817	0.002966
660.287978	0.070661	0.015666	0.002692
659.523080	0.070388	0.015673	0.003019
658.800650	0.071235	0.015421	0.002649
658.073980	0.065203	0.014724	0.002726
657.365999	0.070446	0.014286	0.002212
656.684208	0.069764	0.013753	0.002776
655.938595	0.069013	0.013898	0.002577
655.213221	0.069847	0.013321	0.002335
654.478805	0.072742	0.013461	0.002621
653.753442	0.066306	0.013219	0.002210
653.044940	0.074251	0.013477	0.002562
652.254660	0.072299	0.012787	0.002197
651.526672	0.076094	0.013167	0.002511
650.834479	0.069070	0.013436	0.002807
650.138823	0.074260	0.013024	0.002893
649.448022	0.073650	0.013904	0.002819
648.720161	0.075769	0.013927	0.002691
647.949473	0.069960	0.014750	0.002337
647.230611	0.064982	0.015623	0.002628
646.523416	0.076744	0.016321	0.002735
645.776548	0.067954	0.017064	0.002757
645.090995	0.071604	0.018092	0.002497
644.360733	0.066942	0.019859	0.002389
643.602985	0.076895	0.021427	0.002697
642.860685	0.069565	0.023226	0.002576
642.101482	0.067181	0.024481	0.002552
641.348270	0.068326	0.025873	0.003116
640.650127	0.075815	0.026928	0.002757
639.917878	0.076095	0.026856	0.003009
639.155433	0.072179	0.024588	0.002458
638.453890	0.069253	0.021856	0.002883
637.740351	0.073412	0.017192	0.002770
637.019587	0.070046	0.013666	0.002691
636.313730	0.071229	0.012791	0.002644
635.525223	0.063911	0.019275	0.002614
635.181479	0.068815	0.025704	0.002608
635.891012	0.066635	0.018522	0.002836
636.630625	0.075366	0.013239	0.002818
637.390604	0.073839	0.013478	0.003000
638.139237	0.078361	0.018667	0.003116
638.807876	0.065454	0.022667	0.002539
639.483144	0.069242	0.025218	0.002944
640.182233	0.068345	0.026903	0.002776
640.903220	0.075073	0.027158	0.002521
641.650917	0.069023	0.025911	0.002502
642.381710	0.073335	0.024699	0.002871
643.140000	0.070743	0.023123	0.002644
643.883129	0.073521	0.021436	0.002785
644.602043	0.069013	0.019622	0.002503
645.311300	0.070592	0.018557	0.002949
646.024902	0.069856	0.017460	0.002824
646.748736	0.067823	0.016901	0.002543
647.455091	0.078958	0.015611	0.002841
648.200908	0.070904	0.014779	0.002402
648.966922	0.066030	0.014159	0.002576
649.719580	0.070048	0.013644	0.003194
650.460265	0.073851	0.013319	0.002591
651.208535	0.071042	0.013336	0.002497
651.971149	0.076632	0.013385	0.002248
652.667793	0.068151	0.013549	0.002570
653.408201	0.066353	0.013401	0.002783
654.180940	0.072789	0.013296	0.003023
654.986552	0.071658	0.013777	0.002632
655.703352	0.069426	0.013976	0.002459
656.430149	0.073744	0.013767	0.002249
657.167157	0.068911	0.014396	0.002682
657.938345	0.071173	0.014329	0.002804
658.700618	0.066073	0.014915	0.002431
659.402798	0.068486	0.015323	0.002453
660.133165	0.072742	0.015535	0.002639
660.854596	0.071205	0.015656	0.002779
661.580597	0.068651	0.015681	0.002229
662.302740	0.070316	0.016730	0.002532
663.077582	0.065895	0.017260	0.003195
663.802743	0.070789	0.017469	0.002357
664.489793	0.066699	0.018463	0.002575
665.188381	0.067937	0.018281	0.003107
665.892707	0.075677	0.018518	0.002964
666.647723	0.071064	0.019531	0.002626
667.379545	0.072682	0.019893	0.002526
668.046971	0.070590	0.020318	0.002891
668.769443	0.069278	0.020510	0.002811
669.524991	0.065418	0.021848	0.002412
670.289643	0.072036	0.022594	0.002414
671.039910	0.074542	0.023022	0.002916
671.779382	0.073088	0.023502	0.002567
672.544863	0.071713	0.024470	0.002263
673.286184	0.070740	0.025108	0.002768
674.012353	0.073378	0.026143	0.002766
674.705225	0.072350	0.027084	0.002790
675.447034	0.074345	0.028029	0.002586
676.162111	0.067850	0.029420	0.002455
676.900478	0.075439	0.030923	0.002617
677.660487	0.068741	0.032402	0.002819
678.370018	0.072711	0.034226	0.002771
679.083736	0.077015	0.035577	0.002730
679.807419	0.071312	0.037803	0.002412
680.565367	0.070242	0.040159	0.002553
681.288678	0.072261	0.042552	0.002684
681.997285	0.064418	0.046812	0.002926
682.721297	0.069295	0.051011	0.002628
683.466325	0.072499	0.055598	0.002338
684.217760	0.066438	0.061686	0.002581
684.941783	0.068541	0.067754	0.002508
685.691241	0.070393	0.075851	0.002419
686.455766	0.067276	0.082878	0.002797
687.190923	0.069142	0.089460	0.002696
687.914808	0.068747	0.093951	0.002372
688.620397	0.071800	0.094618	0.002869
689.372745	0.068762	0.091994	0.002863
690.100455	0.072077	0.086871	0.002676
690.856107	0.069787	0.079210	0.002909
691.607595	0.075080	0.072292	0.002904
692.441860	0.068087	0.064403	0.002845
693.212716	0.065878	0.058907	0.002917
693.970419	0.073627	0.055099	0.002888
694.710347	0.068215	0.051056	0.002618
695.435474	0.067840	0.048079	0.002496
696.175179	0.073939	0.045552	0.002869
696.943114	0.073025	0.043321	0.002585
697.667689	0.076814	0.041926	0.002932
698.358636	0.070913	0.040409	0.002455
699.148075	0.072451	0.039448	0.002656
699.899456	0.073553	0.038507	0.002460
700.618920	0.074445	0.037271	0.002618
701.372161	0.074892	0.037353	0.002794
702.107243	0.070340	0.035690	0.002570
702.811238	0.071093	0.035160	0.002580
703.537948	0.069091	0.035405	0.002984
704.264149	0.068617	0.034049	0.002584
704.970842	0.073140	0.034045	0.002537
705.688245	0.070575	0.033818	0.002479
706.406254	0.070060	0.032980	0.002411
707.107645	0.075922	0.033764	0.003027
707.843291	0.067828	0.032765	0.002410
708.567462	0.068737	0.032580	0.002930
709.278160	0.070862	0.032265	0.002660
710.024526	0.069089	0.032730	0.002898
710.734821	0.070100	0.031834	0.002778
711.482621	0.070782	0.032068	0.002581
712.248993	0.068071	0.031486	0.002548
713.012816	0.071828	0.031504	0.002566
713.787422	0.072356	0.031361	0.002740
714.513526	0.068278	0.031365	0.002751
715.234063	0.070266	0.031120	0.003040
715.954144	0.074559	0.031300	0.002584
716.631438	0.073420	0.031282	0.002547
717.380205	0.070199	0.031083	0.002533
718.096141	0.066151	0.030074	0.002611
718.854300	0.065653	0.030686	0.002692
719.529459	0.068161	0.030819	0.002729
720.237916	0.069992	0.030881	0.002352
720.997435	0.068281	0.030442	0.002846
721.715369	0.076254	0.030632	0.002685
722.420617	0.072708	0.029816	0.002604
723.110161	0.068540	0.030829	0.002941
723.865324	0.071461	0.030577	0.002791
724.628477	0.069546	0.030336	0.002559
725.368457	0.069457	0.029851	0.002589
726.065088	0.073610	0.030117	0.002597
726.813610	0.067344	0.029452	0.002722
727.534253	0.071884	0.030284	0.002299
728.315011	0.072250	0.029624	0.002962
729.078780	0.070919	0.029251	0.002425
729.764829	0.067122	0.029641	0.002545
730.521458	0.070357	0.030190	0.002304
731.275324	0.070532	0.029104	0.002941
731.993290	0.069074	0.029455	0.002734
732.730210	0.066774	0.029620	0.002705
733.449748	0.070431	0.029052	0.002835
734.186508	0.076243	0.029572	0.002632
734.895007	0.065810	0.029658	0.002532
735.607480	0.067735	0.029197	0.002719
736.335953	0.068004	0.029858	0.002751
737.100125	0.069566	0.029264	0.002431
737.846969	0.070120	0.029055	0.002535
738.574252	0.074276	0.028623	0.002582
739.376419	0.072286	0.028445	0.002878
740.139167	0.068332	0.028550	0.002376
740.872666	0.072126	0.028473	0.002365
741.555198	0.070034	0.028886	0.002532
742.325671	0.071375	0.028336	0.002559
743.078868	0.066049	0.028518	0.002555
743.785741	0.067544	0.028695	0.002513
744.553855	0.069379	0.028688	0.002458
745.299232	0.068670	0.028480	0.002593
746.061046	0.069437	0.027609	0.002615
746.760567	0.064316	0.028076	0.002755
747.491186	0.071395	0.027935	0.002275
748.212828	0.071353	0.027924	0.002460
748.962752	0.067484	0.027575	0.002456
749.688697	0.072629	0.027670	0.002514
750.391490	0.069244	0.028360	0.002628
751.129972	0.072786	0.027204	0.002124
751.866679	0.067386	0.026704	0.002242
752.588385	0.067526	0.026766	0.002823
753.303248	0.073822	0.026948	0.002553
754.010854	0.070734	0.026978	0.002717
754.728341	0.070200	0.027521	0.003066
755.458865	0.068154	0.026806	0.003025
756.186084	0.074436	0.026848	0.002428
756.893765	0.072003	0.026681	0.002820
757.594763	0.062514	0.026694	0.002491
758.304505	0.070092	0.026209	0.002747
759.035400	0.068469	0.027098	0.002707
759.794823	0.067697	0.026303	0.002880
760.506605	0.070902	0.026560	0.002987
761.263861	0.065001	0.025835	0.002696
762.021148	0.069964	0.025600	0.002633
762.762318	0.067873	0.025991	0.002432
763.493564	0.068537	0.025587	0.002443
764.231185	0.065630	0.025656	0.002976
764.906779	0.067371	0.024520	0.002551
765.637091	0.066804	0.025790	0.002651
766.372693	0.070436	0.025274	0.003106
767.089947	0.074135	0.024045	0.002294
767.836163	0.068106	0.024942	0.002459
768.564477	0.070043	0.025015	0.002995
769.358293	0.072911	0.024800	0.002879
770.104350	0.071114	0.024671	0.002584
770.867810	0.067015	0.024347	0.002541
771.556664	0.068875	0.023885	0.002530
772.264855	0.069295	0.024133	0.002641
772.996484	0.068343	0.023461	0.002957
773.700977	0.074106	0.023137	0.002648
774.439129	0.075061	0.023808	0.002660
775.120110	0.069274	0.023819	0.002909
775.871257	0.071856	0.021961	0.002384
776.619843	0.074858	0.022537	0.002880
777.322540	0.073745	0.023205	0.002691
778.073198	0.074581	0.023008	0.002235
778.827405	0.070450	0.023487	0.002491
779.581431	0.067492	0.023048	0.002956
780.309245	0.067441	0.022464	0.002696
781.059765	0.072427	0.021593	0.002655
781.725850	0.067594	0.022757	0.002743
782.456077	0.070984	0.021593	0.002303
783.169505	0.075266	0.021379	0.002671
783.853472	0.073834	0.021985	0.002353
784.599041	0.073679	0.021703	0.002498
785.325123	0.071313	0.021995	0.002679
786.044385	0.071650	0.021230	0.002808
786.787882	0.068589	0.020600	0.002554
787.507920	0.068665	0.020886	0.002771
788.222454	0.071115	0.020759	0.002790
788.941206	0.071869	0.020453	0.002845
789.681207	0.071262	0.020979	0.002832
790.415131	0.070800	0.021197	0.002778
791.153868	0.075353	0.019414	0.002682
791.857809	0.069398	0.019445	0.002434
792.584200	0.073985	0.018529	0.002540
793.355492	0.072301	0.018967	0.002627
794.079322	0.067093	0.019155	0.002938
794.823744	0.072800	0.019783	0.002898
795.518973	0.064471	0.019440	0.002637
796.225241	0.071117	0.020219	0.002461
796.988319	0.072108	0.019203	0.002395
797.758761	0.070590	0.018339	0.002612
798.456061	0.066723	0.018208	0.002718
799.210162	0.072374	0.018251	0.002529
