800.891005	0.052723	0.019181	0.002354
802.023112	0.052413	0.018005	0.002953
803.244881	0.053044	0.017896	0.002287
804.428242	0.050873	0.018050	0.002369
805.656196	0.050892	0.017700	0.002722
806.862124	0.051748	0.018773	0.002497
807.995496	0.054710	0.017572	0.002558
809.195835	0.051159	0.017290	0.002820
810.367722	0.054437	0.017127	0.002736
811.578814	0.051312	0.016452	0.002499
812.711336	0.051749	0.016009	0.002559
813.895919	0.051819	0.017072	0.002771
815.043752	0.052709	0.015371	0.002747
816.186963	0.051584	0.016533	0.002815
817.318030	0.053973	0.015814	0.002882
818.546281	0.052838	0.015625	0.002295
819.731130	0.056761	0.014067	0.002144
820.929739	0.056121	0.015093	0.002757
822.133203	0.053388	0.014332	0.002558
823.271144	0.051251	0.014411	0.002801
824.375150	0.052277	0.014117	0.002537
825.530166	0.052530	0.013077	0.002578
826.665642	0.051798	0.013504	0.002715
827.831081	0.051421	0.013673	0.002644
829.117227	0.052625	0.013533	0.002448
830.309738	0.051436	0.013744	0.002565
831.424008	0.050411	0.012239	0.002497
832.583794	0.050762	0.012469	0.002550
833.733519	0.051754	0.014085	0.002552
834.920516	0.053718	0.012875	0.002709
836.089896	0.051151	0.012903	0.002707
837.240472	0.050029	0.014249	0.002810
838.342162	0.052931	0.014666	0.002296
839.598401	0.051824	0.013201	0.002732
840.755457	0.051932	0.012006	0.002444
841.975285	0.052052	0.012571	0.002418
843.212346	0.054370	0.011322	0.002568
844.344700	0.053292	0.010606	0.002656
845.547986	0.051871	0.013664	0.002613
846.743472	0.051804	0.012187	0.002453
847.871354	0.052738	0.011740	0.002457
849.053826	0.056921	0.011996	0.002649
850.260872	0.051301	0.010560	0.002654
851.508570	0.053831	0.011903	0.002529
852.703738	0.052160	0.012629	0.002243
853.955930	0.052075	0.011460	0.002518
855.138668	0.051140	0.010941	0.002735
856.358306	0.055683	0.011172	0.002625
857.582215	0.052521	0.011831	0.002455
858.812105	0.050901	0.011715	0.002598
860.021703	0.053603	0.010491	0.002479
861.182831	0.053555	0.010574	0.002507
862.360682	0.053600	0.011238	0.002739
863.495588	0.053928	0.012356	0.002685
864.710785	0.052796	0.010386	0.002465
865.934228	0.052967	0.011368	0.002614
867.118582	0.051089	0.010809	0.002673
868.289400	0.054374	0.010837	0.002780
869.466317	0.051554	0.010619	0.002502
870.573727	0.051356	0.012441	0.002529
871.788659	0.054082	0.012475	0.002616
872.954633	0.051887	0.012349	0.002548
874.105637	0.054701	0.012872	0.002523
875.336432	0.052522	0.009663	0.002356
876.498975	0.053786	0.011360	0.002484
877.688653	0.052771	0.011805	0.002350
878.899857	0.051578	0.011932	0.002814
880.113941	0.053504	0.010853	0.002906
881.321735	0.051566	0.011747	0.002453
882.501607	0.059342	0.012291	0.002765
883.677282	0.054938	0.010680	0.002417
884.850185	0.054153	0.012139	0.002495
886.011368	0.051422	0.009811	0.002962
887.234229	0.050643	0.013555	0.002273
888.381388	0.052943	0.011593	0.002508
889.554397	0.051335	0.012461	0.002873
890.789700	0.051857	0.012089	0.002597
891.966938	0.053690	0.009935	0.002786
893.157309	0.052589	0.010554	0.002688
894.396023	0.053207	0.011471	0.002508
895.551927	0.051434	0.009036	0.002720
896.775649	0.050014	0.010522	0.002448
897.954036	0.055040	0.010567	0.002361
899.119939	0.050562	0.011638	0.002530
900.348485	0.053765	0.010807	0.002618
901.600301	0.051628	0.011261	0.002408
902.751063	0.053887	0.011638	0.002495
903.920154	0.052875	0.010190	0.002691
905.109708	0.053049	0.012785	0.002411
906.222647	0.052427	0.010662	0.002427
907.436820	0.052342	0.011742	0.002543
908.590420	0.049728	0.012408	0.002637
909.805273	0.051106	0.010202	0.002372
911.031707	0.054146	0.011526	0.002716
912.223748	0.050293	0.011079	0.002859
913.366937	0.052845	0.011394	0.002600
914.588750	0.050211	0.012216	0.002594
915.770868	0.054093	0.010150	0.002489
916.983289	0.052589	0.010960	0.002884
918.212051	0.053758	0.011372	0.002723
919.405241	0.054316	0.009678	0.002600
920.573208	0.050364	0.011627	0.002480
921.748294	0.051940	0.011321	0.002789
922.864167	0.053055	0.009965	0.002400
924.035354	0.055034	0.010640	0.002773
925.209336	0.053101	0.010572	0.002580
926.460708	0.051701	0.011521	0.002660
927.629261	0.052497	0.008285	0.002426
928.788910	0.053846	0.008617	0.002587
930.043673	0.052891	0.011221	0.002393
931.273085	0.054488	0.008427	0.002732
932.461039	0.050894	0.012349	0.002451
933.735639	0.052200	0.010769	0.002596
934.916337	0.051703	0.012093	0.002838
936.062653	0.052888	0.012575	0.002739
937.223154	0.054182	0.011112	0.002392
938.373221	0.054775	0.010862	0.002541
939.564173	0.053762	0.011081	0.002528
940.713953	0.056027	0.008995	0.002722
941.958019	0.054201	0.010434	0.002327
943.128486	0.053127	0.012426	0.002755
944.303140	0.052452	0.011950	0.002616
945.438238	0.052930	0.009486	0.002649
946.698901	0.054117	0.010235	0.002603
947.913920	0.051432	0.011441	0.002467
949.133868	0.053779	0.010441	0.002754
950.320540	0.051477	0.007968	0.002693
951.487248	0.051885	0.011430	0.002602
952.630082	0.051592	0.009828	0.002755
953.735421	0.049769	0.009358	0.002735
954.928947	0.053318	0.009454	0.002587
956.154996	0.052677	0.011096	0.002757
957.384051	0.054307	0.008627	0.002787
958.519024	0.056726	0.010595	0.002722
959.699068	0.051303	0.009801	0.002732
960.845250	0.050797	0.010469	0.002251
962.005373	0.052931	0.009755	0.002671
963.172582	0.051582	0.007795	0.002589
964.391631	0.054464	0.007345	0.002791
964.530328	0.053794	0.011468	0.002764
963.320428	0.052354	0.007470	0.002333
962.095769	0.049583	0.008078	0.002637
960.915969	0.055821	0.012547	0.002694
959.712317	0.055656	0.009446	0.002596
958.484047	0.051926	0.010678	0.002541
957.295419	0.050940	0.008218	0.002527
956.141088	0.051620	0.009655	0.002840
954.896913	0.052551	0.012107	0.002645
953.712078	0.055317	0.009987	0.002690
952.527021	0.054652	0.009921	0.002771
951.392899	0.053133	0.010472	0.002732
950.195241	0.054773	0.010540	0.002537
948.989381	0.052393	0.010568	0.002525
947.714257	0.054737	0.009696	0.002532
946.589752	0.050737	0.012045	0.002457
945.332329	0.052851	0.012255	0.002427
944.095201	0.052778	0.009263	0.002614
942.890967	0.054721	0.010270	0.002486
941.636829	0.053774	0.010447	0.002523
940.425520	0.050805	0.010363	0.002602
939.206348	0.053689	0.010375	0.002617
938.051925	0.057576	0.009006	0.002450
936.895249	0.054463	0.009552	0.002558
935.702683	0.052137	0.010045	0.002432
934.523589	0.053193	0.010922	0.002547
933.270908	0.051387	0.010890	0.002664
932.071989	0.051247	0.011808	0.002631
930.853457	0.053344	0.010091	0.002422
929.684755	0.052307	0.009920	0.002485
928.565076	0.053665	0.010821	0.002897
927.373181	0.050136	0.009740	0.002433
926.175941	0.050820	0.010446	0.002617
924.962754	0.052973	0.012976	0.002675
923.745689	0.050140	0.010279	0.002359
922.612847	0.054162	0.011880	0.002610
921.315671	0.052001	0.011228	0.002647
920.113992	0.051988	0.011904	0.002677
918.917274	0.051614	0.011732	0.002675
917.705427	0.054422	0.011078	0.002523
916.563619	0.053952	0.009758	0.002616
915.374477	0.050127	0.012425	0.002651
914.168729	0.052588	0.011027	0.002537
912.974403	0.052529	0.009609	0.002522
911.800986	0.053052	0.011042	0.002614
910.582160	0.051163	0.011549	0.002562
909.405450	0.054053	0.011380	0.002916
908.276414	0.049576	0.010991	0.002863
907.123058	0.052624	0.011204	0.002576
905.927904	0.053428	0.011070	0.002770
904.675334	0.053531	0.010721	0.002654
903.478374	0.052552	0.009668	0.002867
902.256202	0.054664	0.012691	0.002368
901.091170	0.053941	0.008902	0.002404
899.913654	0.051628	0.009451	0.002805
898.787977	0.055047	0.010644	0.002433
897.645130	0.051887	0.010532	0.002647
896.399149	0.055267	0.013173	0.002548
895.207481	0.055571	0.011573	0.002660
894.050515	0.051122	0.011053	0.002721
892.950455	0.053018	0.010686	0.002776
891.805643	0.053705	0.012003	0.002584
890.638488	0.052325	0.011207	0.002537
889.450370	0.053529	0.012622	0.002929
888.291863	0.052357	0.011966	0.002821
887.038828	0.052460	0.011246	0.002545
885.865139	0.051344	0.011183	0.002549
884.705911	0.053416	0.011979	0.002596
883.517719	0.054875	0.011694	0.002560
882.353657	0.053850	0.009269	0.002427
881.204862	0.052330	0.010375	0.002696
879.915523	0.050815	0.011246	0.002596
878.674569	0.055229	0.011125	0.002568
877.473862	0.051514	0.013181	0.002726
876.306486	0.051005	0.010614	0.002853
875.191935	0.052424	0.011596	0.002482
874.008515	0.053230	0.011202	0.002368
872.775690	0.051153	0.011531	0.002584
871.585333	0.053473	0.011710	0.002864
870.449183	0.051289	0.010325	0.002586
869.361546	0.052997	0.011674	0.002768
868.209332	0.051502	0.012669	0.002480
867.059327	0.052170	0.009872	0.002622
865.943269	0.051285	0.011715	0.002715
864.730824	0.051243	0.011341	0.002680
863.548744	0.050399	0.012389	0.002819
862.386989	0.052125	0.011093	0.002578
861.164673	0.056633	0.010286	0.002564
859.994217	0.053430	0.011238	0.002557
858.878266	0.056717	0.011106	0.002664
857.687825	0.052039	0.010842	0.002537
856.523393	0.053971	0.013111	0.002698
855.391133	0.055031	0.012554	0.002248
854.275693	0.054735	0.012465	0.002736
852.994538	0.051308	0.011908	0.002869
851.790062	0.052780	0.012064	0.002840
850.652809	0.052558	0.012138	0.002740
849.475044	0.053468	0.012257	0.002694
848.324691	0.052070	0.011998	0.002670
847.151282	0.053005	0.011932	0.002529
846.006709	0.054114	0.012094	0.002224
844.842162	0.052049	0.011919	0.002705
843.681928	0.053315	0.012585	0.002622
842.462196	0.052889	0.010895	0.002728
841.273850	0.049636	0.013207	0.002872
840.080063	0.052801	0.012318	0.002796
838.871116	0.052248	0.012945	0.002731
837.717884	0.051007	0.011071	0.002658
836.451882	0.052766	0.012317	0.002835
835.264428	0.052867	0.012685	0.002568
834.097565	0.054055	0.012201	0.002558
832.866465	0.054324	0.014930	0.002744
831.651303	0.054682	0.012949	0.002746
830.468493	0.053477	0.014579	0.002389
829.226003	0.053456	0.014290	0.002541
828.059863	0.050599	0.012759	0.002387
826.840356	0.054580	0.013569	0.002932
825.618436	0.053004	0.014100	0.002481
824.378125	0.055522	0.013281	0.002826
823.137602	0.054211	0.015195	0.003132
821.959233	0.052581	0.013332	0.002564
820.773991	0.053391	0.014906	0.003024
819.566808	0.052827	0.015956	0.002811
818.377082	0.054970	0.016260	0.002535
817.114385	0.056343	0.016145	0.002386
815.926954	0.053114	0.014674	0.002446
814.744506	0.051604	0.016884	0.002882
813.524936	0.054676	0.016737	0.002491
812.385305	0.052228	0.016082	0.002729
811.232023	0.049810	0.015856	0.002794
810.013578	0.053626	0.016125	0.002687
808.796420	0.055300	0.016394	0.002389
807.612155	0.049563	0.018043	0.002768
806.396410	0.052635	0.018221	0.002904
805.232386	0.054374	0.016876	0.002907
804.051776	0.055816	0.019278	0.002586
802.846698	0.051041	0.019647	0.002443
801.670095	0.053537	0.020650	0.002502
800.477745	0.051701	0.019455	0.002538
799.310863	0.051764	0.019791	0.002529
798.090688	0.055317	0.021106	0.002797
796.920427	0.053550	0.020465	0.002863
795.692528	0.053087	0.021105	0.002664
794.468825	0.050490	0.019928	0.002609
793.268486	0.051250	0.021079	0.002746
792.045367	0.053913	0.020916	0.002365
790.805165	0.050192	0.021455	0.002564
789.633321	0.054167	0.021560	0.002477
788.400896	0.051850	0.022264	0.002696
787.200844	0.053440	0.023275	0.002668
785.966272	0.053777	0.023594	0.002619
784.775836	0.052002	0.023150	0.002619
783.596056	0.052670	0.024397	0.002952
782.429536	0.055977	0.024154	0.002815
781.296898	0.050595	0.024599	0.002632
780.135818	0.055127	0.024494	0.002496
778.993639	0.053827	0.024952	0.002735
777.868322	0.055266	0.025416	0.002603
776.715327	0.050461	0.026231	0.002781
775.533762	0.053236	0.026490	0.002569
774.372789	0.053705	0.027204	0.002371
773.215480	0.052639	0.025791	0.002586
772.010265	0.053595	0.026987	0.002847
770.831293	0.054712	0.027125	0.002659
769.622211	0.053901	0.027270	0.002478
768.405500	0.050987	0.027474	0.002594
767.307573	0.050856	0.029108	0.002828
766.194995	0.053271	0.028160	0.002492
765.037708	0.049660	0.029198	0.002576
763.847134	0.052854	0.028904	0.002693
762.618948	0.056627	0.029841	0.002519
761.449198	0.051459	0.029414	0.002327
760.273053	0.051244	0.029842	0.002693
759.029631	0.052405	0.030070	0.002580
757.903591	0.052667	0.031058	0.002669
756.804124	0.053034	0.031193	0.002842
755.679105	0.054182	0.030785	0.002495
754.413159	0.054453	0.032303	0.002485
753.272361	0.052248	0.031161	0.002532
752.086356	0.053423	0.031576	0.002689
750.911390	0.054268	0.031486	0.002780
749.691183	0.053462	0.032600	0.002479
748.502628	0.053807	0.032727	0.002715
747.226524	0.053575	0.033322	0.002939
746.104267	0.055882	0.033196	0.002447
744.904885	0.052030	0.033084	0.002491
743.728261	0.054121	0.033367	0.002378
742.598174	0.053089	0.033434	0.003005
741.464165	0.053200	0.033699	0.002701
740.285257	0.053459	0.033647	0.002680
739.100441	0.054119	0.034305	0.002330
737.853407	0.051410	0.035272	0.002570
736.693762	0.054177	0.035148	0.002434
735.498799	0.051895	0.034872	0.002506
734.290832	0.052295	0.035799	0.002461
733.113475	0.051520	0.034960	0.002720
731.972667	0.053773	0.035183	0.002741
730.865050	0.051671	0.036232	0.002728
729.687374	0.053300	0.035341	0.002515
728.484943	0.054296	0.036014	0.002458
727.297885	0.054448	0.036747	0.002727
726.123959	0.054421	0.036706	0.002613
725.037167	0.052067	0.036123	0.002390
723.823016	0.053365	0.036262	0.002693
722.656581	0.053540	0.036176	0.002696
721.401695	0.055168	0.036218	0.002596
720.224954	0.052535	0.036997	0.002532
719.044600	0.058239	0.036991	0.002681
717.920451	0.055730	0.037509	0.002537
716.756417	0.051787	0.037804	0.002723
715.640024	0.053944	0.037489	0.002613
714.531567	0.052796	0.038145	0.002716
713.369010	0.052258	0.038624	0.002674
712.092916	0.053688	0.038235	0.002563
710.932855	0.051824	0.039311	0.002709
709.779244	0.052316	0.039594	0.002746
708.662925	0.050869	0.040126	0.002377
707.458676	0.052468	0.040456	0.002409
706.176951	0.055862	0.041647	0.002392
705.036992	0.053642	0.041855	0.002652
703.897234	0.051414	0.042004	0.002484
702.677675	0.053567	0.043709	0.002661
701.456149	0.053667	0.044292	0.002742
700.281543	0.052920	0.045254	0.002635
699.138417	0.053226	0.047665	0.002307
697.982096	0.052820	0.049072	0.002714
696.818400	0.052940	0.050737	0.002417
695.671769	0.052592	0.055646	0.002323
694.472778	0.054309	0.059442	0.002842
693.281373	0.054897	0.065983	0.002483
692.087929	0.054140	0.075407	0.002443
690.913640	0.053730	0.086358	0.002785
689.674105	0.055049	0.098753	0.002776
688.441349	0.055399	0.107487	0.002513
687.187736	0.055305	0.107085	0.002485
685.987948	0.050963	0.096102	0.002839
684.835886	0.053740	0.083803	0.002664
683.628172	0.052423	0.071620	0.002748
682.404340	0.051723	0.062387	0.002490
681.187849	0.048320	0.055386	0.002708
680.060628	0.055078	0.050261	0.002619
678.860563	0.056400	0.046272	0.002730
677.697855	0.052028	0.042569	0.002562
676.497588	0.057109	0.040081	0.002537
675.309178	0.053486	0.037725	0.002720
674.094366	0.054054	0.035954	0.002608
672.918504	0.051984	0.034389	0.002456
671.679329	0.053456	0.033228	0.002694
670.493267	0.049123	0.031380	0.002608
669.283798	0.055620	0.031256	0.002720
668.073320	0.052867	0.029935	0.002808
666.891030	0.051978	0.028691	0.002769
665.710545	0.052905	0.028399	0.002717
664.493565	0.052325	0.027463	0.002868
663.312931	0.051083	0.026895	0.002842
662.193879	0.054483	0.026442	0.002488
661.029820	0.051577	0.025741	0.002589
659.894097	0.056397	0.024769	0.002370
658.670911	0.053869	0.024289	0.002513
657.446248	0.055000	0.024553	0.002735
656.251271	0.055213	0.022784	0.002472
654.993596	0.053689	0.022722	0.002585
653.786400	0.053335	0.022486	0.002775
652.600496	0.053081	0.022292	0.002776
651.447783	0.052085	0.023060	0.002738
650.295538	0.054231	0.023274	0.002691
649.154024	0.052498	0.023513	0.002531
648.005625	0.052877	0.023945	0.002765
646.796069	0.053197	0.025912	0.002697
645.656615	0.051573	0.027284	0.002873
644.469627	0.055478	0.029455	0.002636
643.254716	0.053411	0.032627	0.002394
642.089348	0.054339	0.035112	0.002763
640.911549	0.054490	0.037500	0.002770
639.668270	0.053169	0.037865	0.002780
638.503678	0.054117	0.034105	0.002743
637.262842	0.050861	0.025465	0.002395
636.031525	0.055603	0.024485	0.002655
635.086090	0.055557	0.035932	0.002637
636.296975	0.052413	0.027291	0.002548
637.572309	0.055431	0.024289	0.002552
638.789580	0.054162	0.031941	0.002506
639.935324	0.054034	0.037104	0.002904
641.080324	0.055979	0.038265	0.002624
642.245851	0.054265	0.036640	0.002901
643.446939	0.053318	0.033679	0.002709
644.699865	0.055548	0.030513	0.002653
645.892135	0.051201	0.027744	0.002424
647.129495	0.054671	0.026130	0.002606
648.336607	0.053118	0.024911	0.002696
649.545249	0.050928	0.023550	0.002948
650.719859	0.052768	0.023121	0.002636
651.835045	0.055942	0.022658	0.002620
653.057393	0.053292	0.022393	0.002786
654.201658	0.050489	0.022808	0.002682
655.430030	0.054151	0.022810	0.002419
656.582360	0.051588	0.022982	0.002436
657.802135	0.055273	0.023290	0.002529
658.973207	0.055014	0.024244	0.002518
660.192207	0.052543	0.024219	0.002670
661.307137	0.055000	0.025534	0.002683
662.519804	0.054435	0.025840	0.002796
663.737507	0.053760	0.026388	0.002464
664.888561	0.052272	0.027331	0.002919
666.087650	0.051180	0.027126	0.002573
667.293793	0.054064	0.027982	0.002700
668.484402	0.052599	0.029157	0.002760
669.661274	0.050108	0.030107	0.002702
670.893533	0.051638	0.030979	0.002490
672.011363	0.050805	0.032621	0.002722
673.179766	0.052234	0.033604	0.002958
674.325071	0.051763	0.035139	0.002424
675.459529	0.053457	0.036591	0.002721
676.711103	0.051824	0.039048	0.002789
677.871590	0.052325	0.041388	0.002732
679.069998	0.052043	0.044792	0.002587
680.240122	0.054168	0.048223	0.002830
681.521689	0.049992	0.053356	0.003198
682.688573	0.056072	0.059133	0.002762
683.898412	0.053267	0.067971	0.002735
685.082114	0.057122	0.079347	0.002644
686.282816	0.054521	0.091606	0.002541
687.443335	0.055292	0.103123	0.002704
688.586175	0.053591	0.108232	0.002491
689.645897	0.052448	0.103601	0.002918
690.908721	0.053583	0.091874	0.002474
692.132393	0.052254	0.079891	0.002829
693.298883	0.050518	0.069833	0.002586
694.472544	0.055355	0.062958	0.002770
695.634040	0.053855	0.056787	0.002665
696.835528	0.051270	0.052992	0.002559
698.029078	0.054674	0.049432	0.002781
699.273213	0.054909	0.047477	0.002364
700.472108	0.052234	0.045747	0.002469
701.663130	0.050613	0.044738	0.002487
702.870726	0.055068	0.043942	0.002732
703.994610	0.054147	0.043082	0.002791
705.180224	0.052935	0.041603	0.002658
706.403767	0.053540	0.040702	0.002765
707.595278	0.052731	0.040193	0.002611
708.787457	0.054194	0.039695	0.002708
709.934195	0.051979	0.039706	0.002499
711.140123	0.050782	0.039153	0.002496
712.293989	0.054164	0.038313	0.002700
713.534702	0.052305	0.038839	0.002568
714.755983	0.052988	0.037957	0.002856
715.974936	0.049589	0.038090	0.002613
717.187515	0.052219	0.037274	0.002579
718.347586	0.054208	0.036496	0.002626
719.486578	0.057042	0.037043	0.002692
720.697000	0.051313	0.037247	0.002813
721.868280	0.053857	0.036952	0.002624
723.071625	0.052556	0.037031	0.002928
724.244329	0.054315	0.036931	0.002759
725.501191	0.053261	0.036365	0.002728
726.658574	0.051796	0.035699	0.002430
727.831777	0.053935	0.036069	0.002327
729.017316	0.052802	0.035193	0.002616
730.177642	0.053477	0.036371	0.002642
731.377449	0.054154	0.035594	0.002177
732.678180	0.053586	0.035253	0.002597
733.806876	0.053852	0.035661	0.002980
735.028740	0.052127	0.035101	0.002551
736.187951	0.055842	0.034744	0.002651
737.355023	0.054487	0.034100	0.002464
738.608421	0.053032	0.034646	0.002582
739.826025	0.056165	0.033745	0.002602
740.983418	0.055008	0.033731	0.002824
742.200947	0.051678	0.033104	0.002596
743.367000	0.054759	0.033512	0.002536
744.547395	0.052475	0.033389	0.002858
745.722011	0.053699	0.033478	0.002585
746.911002	0.051669	0.033064	0.002608
748.138880	0.053738	0.032684	0.002475
749.256706	0.054199	0.032364	0.002511
750.500691	0.055436	0.032300	0.002986
751.700307	0.052812	0.032280	0.002534
752.911557	0.051880	0.031830	0.002936
754.124390	0.052910	0.030841	0.002538
755.325397	0.053671	0.030142	0.002703
756.487699	0.052796	0.031485	0.002633
757.667755	0.053329	0.030403	0.002877
758.841627	0.054496	0.030448	0.002618
760.044547	0.051088	0.029946	0.002861
761.224762	0.051823	0.029614	0.002724
762.396148	0.053538	0.029557	0.002465
763.625895	0.055137	0.028901	0.002576
764.835307	0.052201	0.028482	0.002573
766.038418	0.050648	0.028724	0.002821
767.113289	0.056990	0.028627	0.002447
768.385440	0.048818	0.028082	0.002460
769.529744	0.051286	0.027236	0.002890
770.696062	0.054091	0.026088	0.002419
771.851564	0.055409	0.027381	0.002293
773.064875	0.054199	0.026224	0.002504
774.275498	0.052962	0.026424	0.002530
775.453567	0.053607	0.025814	0.002742
776.675633	0.053171	0.025896	0.002177
777.784960	0.052510	0.025693	0.002464
778.918629	0.053595	0.025548	0.002462
780.075491	0.051484	0.025073	0.002747
781.287346	0.054305	0.024164	0.002657
782.438461	0.055945	0.024313	0.002665
783.637418	0.052701	0.022981	0.002455
784.869695	0.056057	0.023564	0.002407
786.123200	0.052262	0.023079	0.002789
787.337839	0.051626	0.022915	0.002372
788.536064	0.052236	0.022141	0.002650
789.676160	0.054108	0.021616	0.002566
790.893520	0.051583	0.021640	0.002483
792.045856	0.053002	0.021790	0.002478
793.184944	0.054527	0.021686	0.002297
794.330374	0.052306	0.020259	0.002611
795.577154	0.051828	0.021175	0.002934
796.732763	0.051623	0.020986	0.002746
797.952811	0.052268	0.020297	0.002792
799.080339	0.053514	0.020196	0.002659
