800.458302	0.046025	0.024315	0.002938
801.054169	0.044493	0.023921	0.002496
801.609364	0.050032	0.023530	0.002627
802.170870	0.046656	0.023788	0.002665
802.735011	0.048488	0.022262	0.002759
803.316577	0.046208	0.022258	0.002690
803.891853	0.045170	0.022145	0.002737
804.466290	0.049765	0.021725	0.002638
805.063877	0.047163	0.021807	0.002531
805.654017	0.047538	0.021437	0.002530
806.237103	0.045930	0.020552	0.002877
806.801977	0.047224	0.020984	0.002777
807.386199	0.046706	0.020497	0.002476
807.953315	0.049708	0.020185	0.002618
808.508054	0.051496	0.019924	0.002732
809.121430	0.052150	0.019801	0.002845
809.696494	0.049800	0.019791	0.002704
810.280727	0.047473	0.019394	0.002647
810.847811	0.051004	0.018831	0.002542
811.414258	0.048338	0.019113	0.002730
811.948172	0.045248	0.019299	0.002818
812.503835	0.043666	0.018583	0.002616
813.070261	0.047900	0.018350	0.002571
813.623448	0.047254	0.018736	0.002565
814.177740	0.047418	0.017948	0.002598
814.746876	0.047924	0.018341	0.002554
815.337239	0.050453	0.017190	0.002614
815.932883	0.049056	0.017591	0.002492
816.491234	0.043081	0.017002	0.002429
817.066308	0.050046	0.017017	0.002592
817.658510	0.049563	0.017132	0.002461
818.236559	0.050121	0.016951	0.002693
818.810306	0.049477	0.017506	0.002374
819.380705	0.049441	0.017475	0.002585
819.964386	0.046389	0.016700	0.002757
820.563823	0.048913	0.016938	0.002504
821.153485	0.045771	0.016319	0.002718
821.731673	0.047510	0.017148	0.002647
822.289503	0.044758	0.016677	0.002555
822.844051	0.047800	0.017249	0.002749
823.412485	0.043174	0.016950	0.002575
823.989642	0.050271	0.017780	0.002684
824.571634	0.050656	0.017070	0.002374
825.140599	0.045189	0.016848	0.002710
825.699333	0.048376	0.017666	0.002557
826.270253	0.051218	0.017156	0.002575
826.831006	0.045010	0.018056	0.002581
827.401937	0.050871	0.017132	0.002635
827.963274	0.046272	0.017965	0.002523
828.539879	0.051611	0.017633	0.002352
829.085406	0.045776	0.017543	0.002420
829.638275	0.047861	0.017551	0.002818
830.214030	0.045721	0.018377	0.002564
830.800813	0.049790	0.018845	0.002682
831.380308	0.047114	0.018961	0.002809
831.944238	0.047259	0.020018	0.002585
832.518218	0.046703	0.021754	0.002723
833.103259	0.050356	0.023131	0.002717
833.678377	0.050663	0.025197	0.002467
834.288938	0.045620	0.028360	0.002754
834.888174	0.046564	0.031309	0.002560
835.465183	0.050024	0.034559	0.002359
836.054261	0.047861	0.038592	0.002664
836.636540	0.051428	0.041870	0.002684
837.229911	0.049726	0.045399	0.002449
837.790579	0.048077	0.047410	0.002434
838.364814	0.047421	0.049368	0.002820
838.934322	0.048543	0.049153	0.002647
839.504988	0.043954	0.046545	0.002782
840.083431	0.052021	0.042408	0.002836
840.645130	0.048085	0.036562	0.003098
841.216657	0.046544	0.029082	0.002688
841.814352	0.047535	0.019517	0.002582
842.411973	0.050097	0.011019	0.002594
842.977635	0.049631	0.005271	0.002600
843.553518	0.049845	0.008036	0.002706
844.125650	0.045105	0.012782	0.002707
844.703605	0.045889	0.017866	0.002486
845.281049	0.044369	0.021164	0.002584
845.847646	0.045626	0.023440	0.002678
846.436736	0.050694	0.024448	0.002703
847.018558	0.045463	0.024689	0.002835
847.606766	0.048245	0.023605	0.002507
848.190447	0.048166	0.022714	0.002541
848.781545	0.047375	0.021429	0.002604
849.342479	0.045971	0.020375	0.002772
849.899238	0.044773	0.019029	0.002582
850.500131	0.047498	0.017046	0.002758
851.080966	0.045648	0.016159	0.002744
851.652546	0.053071	0.014552	0.002569
852.214542	0.048066	0.013630	0.002612
852.812398	0.045698	0.012972	0.002595
853.391872	0.052501	0.011746	0.002525
853.944647	0.047734	0.010469	0.002480
854.519520	0.045927	0.009691	0.002749
855.067684	0.047107	0.008925	0.002314
855.619077	0.050620	0.008845	0.002559
856.199922	0.050339	0.008516	0.002615
856.772427	0.052625	0.007956	0.002565
857.343019	0.050370	0.007133	0.002448
857.919168	0.049091	0.006917	0.002387
858.502489	0.047329	0.006535	0.003001
859.066972	0.045899	0.006872	0.002589
859.667845	0.048154	0.005860	0.002618
860.231893	0.050225	0.005252	0.002325
860.828697	0.045430	0.004717	0.002374
861.409053	0.049554	0.004769	0.002641
861.969669	0.051779	0.004389	0.002587
862.547880	0.051439	0.004363	0.002431
863.119248	0.048025	0.004562	0.002569
863.673755	0.051961	0.003881	0.002481
864.248098	0.046462	0.004269	0.002661
864.828965	0.052369	0.003806	0.002603
865.407770	0.048737	0.003660	0.002812
865.979479	0.047203	0.003833	0.002643
866.529215	0.043941	0.003128	0.002508
867.124117	0.048063	0.003063	0.002400
867.692118	0.044828	0.002827	0.002676
868.275705	0.044555	0.002916	0.002345
868.850027	0.046861	0.003075	0.002672
869.430947	0.048434	0.003090	0.002581
869.959360	0.047930	0.003426	0.002603
870.534617	0.049770	0.002834	0.002445
871.099812	0.048006	0.002969	0.002738
871.677195	0.044603	0.002913	0.002822
872.243963	0.046106	0.002667	0.002364
872.814577	0.049528	0.002818	0.002631
873.401692	0.050186	0.002710	0.002470
873.997455	0.049180	0.002609	0.002434
874.581425	0.049380	0.002544	0.002407
875.125807	0.045740	0.002712	0.002402
875.721814	0.045119	0.002498	0.002662
876.311936	0.049403	0.002589	0.002630
876.851516	0.048055	0.002390	0.003032
877.387122	0.044330	0.002942	0.002589
878.001170	0.050169	0.002538	0.002749
878.582612	0.049273	0.002462	0.002519
879.155319	0.050878	0.002580	0.002813
879.704164	0.050342	0.002733	0.002426
880.239919	0.046379	0.003612	0.002653
880.776439	0.045609	0.002730	0.002775
881.365594	0.047126	0.003239	0.002839
881.935539	0.048606	0.002764	0.002518
882.516779	0.050145	0.003090	0.002639
883.091718	0.049663	0.003448	0.002533
883.651751	0.048605	0.003009	0.002685
884.230377	0.047147	0.003621	0.002628
884.819022	0.046727	0.002927	0.002560
885.377621	0.046704	0.003040	0.002434
885.942275	0.049444	0.003030	0.002790
886.517746	0.050775	0.002335	0.002428
887.097509	0.048119	0.002998	0.002824
887.683116	0.045975	0.003127	0.002366
888.244317	0.050200	0.003216	0.002795
888.794491	0.050539	0.003076	0.002569
889.354470	0.047285	0.002617	0.002639
889.932938	0.043262	0.002352	0.002683
890.521190	0.049213	0.002433	0.002582
891.106829	0.051059	0.002471	0.002628
891.706620	0.045986	0.003090	0.002699
892.256305	0.049250	0.002933	0.002939
892.817634	0.047659	0.002805	0.002657
893.389737	0.047973	0.002956	0.002273
893.967737	0.046494	0.002704	0.002452
894.516317	0.050736	0.002920	0.002657
895.086337	0.046835	0.003113	0.002429
895.662839	0.044933	0.002827	0.002791
896.233859	0.048198	0.002812	0.002638
896.778561	0.049472	0.002750	0.002453
897.332889	0.051186	0.003464	0.002714
897.934614	0.050086	0.003994	0.002726
898.463496	0.045851	0.004255	0.002496
899.058559	0.049405	0.005120	0.002696
899.625850	0.048152	0.006112	0.002891
900.178542	0.046354	0.007527	0.002660
900.774668	0.044953	0.008592	0.002784
901.307120	0.049250	0.009234	0.002615
901.867610	0.047196	0.010923	0.002813
902.462515	0.047093	0.011042	0.002514
903.043628	0.049193	0.010597	0.002491
903.624009	0.049041	0.009101	0.002433
904.189929	0.046752	0.006508	0.003097
904.747604	0.051033	0.003872	0.002888
905.293688	0.053060	0.004545	0.002498
905.859619	0.047586	0.008197	0.002392
906.441805	0.045571	0.015924	0.002517
907.006525	0.050946	0.024349	0.002756
907.590008	0.050001	0.032998	0.002673
908.150946	0.044385	0.042110	0.002902
908.732559	0.050515	0.050582	0.002617
909.288736	0.046532	0.058104	0.002867
909.860532	0.052030	0.064722	0.002538
910.444558	0.043837	0.069572	0.002446
910.999227	0.044759	0.071137	0.002585
911.589574	0.048558	0.069379	0.002604
912.175681	0.045826	0.068395	0.002415
912.749603	0.049765	0.064775	0.002539
913.339451	0.048909	0.061449	0.002579
913.885896	0.044456	0.057192	0.002897
914.469741	0.046803	0.053230	0.002761
915.042483	0.047330	0.049813	0.002838
915.597641	0.048306	0.046880	0.002540
916.190188	0.045293	0.043827	0.002603
916.746281	0.045701	0.041105	0.002642
917.308568	0.046955	0.038460	0.002732
917.875913	0.044700	0.036651	0.002595
918.455232	0.050741	0.034379	0.002400
919.013694	0.048249	0.032977	0.002876
919.573262	0.051702	0.031165	0.002806
920.136814	0.048134	0.030178	0.002807
920.724569	0.046530	0.029154	0.002432
921.322068	0.050327	0.027713	0.002768
921.923827	0.049233	0.026372	0.002591
922.504846	0.052641	0.025892	0.002789
923.057114	0.045697	0.024786	0.002744
923.635201	0.046248	0.023944	0.002458
924.215987	0.044687	0.023206	0.002520
924.783386	0.045440	0.022742	0.002556
925.338056	0.049215	0.022014	0.002389
925.873101	0.047703	0.021724	0.002386
926.414278	0.049851	0.021536	0.002605
926.969596	0.045598	0.020838	0.002834
927.536804	0.048485	0.019929	0.002442
928.149560	0.048281	0.019986	0.002711
928.716512	0.047153	0.019702	0.002269
929.271214	0.048651	0.019226	0.002422
929.872177	0.050711	0.019247	0.002588
930.496366	0.045795	0.018752	0.002518
931.068578	0.045140	0.018929	0.002748
931.645221	0.048644	0.018308	0.002480
932.202600	0.046085	0.018321	0.002542
932.770733	0.046439	0.018186	0.002592
933.363217	0.051750	0.018205	0.002798
933.923413	0.046315	0.017712	0.002723
934.509682	0.049140	0.018163	0.002682
935.069080	0.046341	0.018096	0.002636
935.640868	0.045065	0.018136	0.002709
936.241321	0.046468	0.018064	0.002517
936.824764	0.051079	0.018081	0.002680
937.389093	0.049081	0.018096	0.002724
937.956567	0.044076	0.018096	0.002774
938.535537	0.048381	0.017808	0.002333
939.108408	0.044920	0.018899	0.002737
939.692595	0.045227	0.018769	0.002655
940.280809	0.048356	0.018740	0.002887
940.846211	0.047825	0.019135	0.002635
941.389525	0.048912	0.019409	0.002291
941.970376	0.046569	0.020264	0.002649
942.567345	0.049791	0.020822	0.002634
943.136391	0.043911	0.021662	0.002752
943.712483	0.049258	0.022130	0.002698
944.281657	0.046855	0.023104	0.002563
944.857259	0.047444	0.023441	0.002578
945.426434	0.053009	0.024466	0.002669
946.020790	0.046648	0.026280	0.002903
946.580200	0.046349	0.027332	0.002482
947.164526	0.049207	0.028570	0.002687
947.748756	0.045037	0.030797	0.002667
948.336630	0.050240	0.032819	0.002670
948.906900	0.051823	0.034262	0.002502
949.498674	0.050600	0.036701	0.002793
950.134158	0.049539	0.039318	0.002601
950.672766	0.046127	0.041043	0.002589
951.247933	0.044869	0.042375	0.002680
951.812168	0.045044	0.043867	0.002902
952.387781	0.048001	0.042648	0.002766
952.940871	0.047140	0.040125	0.002762
953.510991	0.046717	0.036582	0.002891
954.112265	0.049843	0.031366	0.002685
954.693000	0.045024	0.024127	0.002506
955.304037	0.047092	0.017072	0.002618
955.877133	0.046764	0.010512	0.002798
956.458708	0.048173	0.003875	0.002533
957.033685	0.045230	0.001704	0.002485
957.624620	0.050039	0.004095	0.002713
958.193828	0.049366	0.007904	0.002589
958.775977	0.045839	0.011581	0.002297
959.369632	0.045048	0.014520	0.002465
959.951388	0.050110	0.016515	0.003086
960.572105	0.049300	0.016713	0.002700
961.151683	0.050515	0.017839	0.002688
961.733609	0.049256	0.016200	0.002656
962.315269	0.050690	0.015798	0.002376
962.875573	0.045103	0.014041	0.002451
963.484083	0.048097	0.012592	0.002869
964.042709	0.049012	0.011856	0.002531
964.603300	0.048808	0.009886	0.002611
965.010818	0.047950	0.008954	0.002559
964.435458	0.046523	0.009881	0.002435
963.859110	0.048830	0.011206	0.002579
963.268557	0.045857	0.011798	0.002797
962.700199	0.048588	0.014035	0.002914
962.105151	0.048798	0.015113	0.002810
961.493582	0.049575	0.016836	0.002519
960.904123	0.047293	0.017284	0.002810
960.343468	0.048614	0.018100	0.002690
959.761223	0.048991	0.016820	0.002585
959.179850	0.048949	0.015469	0.002882
958.609357	0.050267	0.012227	0.002587
958.038694	0.046579	0.009166	0.002418
957.435508	0.051178	0.004638	0.002705
956.836721	0.046995	0.002206	0.002681
956.247910	0.050393	0.003774	0.002521
955.668450	0.048888	0.009169	0.002557
955.092198	0.049548	0.016402	0.003005
954.528484	0.049356	0.022781	0.002725
953.967585	0.049042	0.028698	0.002541
953.405093	0.045948	0.034119	0.002528
952.827503	0.048547	0.039529	0.002654
952.275976	0.050085	0.042134	0.002709
951.699076	0.051675	0.042788	0.002720
951.136776	0.044425	0.043081	0.002759
950.543822	0.049758	0.041276	0.002545
949.963810	0.049789	0.039311	0.002647
949.390385	0.049164	0.037689	0.002609
948.789335	0.050165	0.035159	0.002667
948.242738	0.048464	0.033156	0.002242
947.689458	0.048421	0.031173	0.002596
947.121059	0.046712	0.030001	0.002773
946.545956	0.047709	0.028303	0.002742
945.964414	0.051305	0.026775	0.002648
945.333828	0.048251	0.025526	0.002648
944.749545	0.050220	0.024028	0.002759
944.160980	0.047850	0.023373	0.002723
943.563862	0.048726	0.022536	0.002736
942.975074	0.049572	0.022420	0.002812
942.410872	0.049297	0.021525	0.002336
941.850187	0.048772	0.020750	0.002464
941.265894	0.045728	0.019965	0.002514
940.709289	0.047599	0.019107	0.002328
940.096574	0.050725	0.019086	0.002369
939.498872	0.050162	0.019028	0.002622
938.906153	0.049931	0.018525	0.002657
938.311735	0.046471	0.018374	0.002649
937.722278	0.045104	0.017920	0.002623
937.161083	0.051473	0.018054	0.002684
936.596670	0.048482	0.018214	0.002818
936.057309	0.048545	0.017625	0.002804
935.473516	0.047377	0.017480	0.002626
934.872510	0.048346	0.017863	0.002907
934.285731	0.046098	0.018505	0.002750
933.692789	0.047221	0.018516	0.002856
933.126878	0.048885	0.018263	0.002892
932.537496	0.049234	0.018368	0.002612
931.962457	0.049881	0.018361	0.002667
931.380906	0.044833	0.018274	0.002643
930.793522	0.046107	0.018607	0.002539
930.205861	0.047710	0.019012	0.002650
929.597822	0.047700	0.019349	0.002497
929.033122	0.048709	0.019501	0.002851
928.445207	0.048225	0.019888	0.002636
927.844435	0.045706	0.019940	0.002824
927.256382	0.049073	0.019809	0.002467
926.691438	0.046865	0.021091	0.002363
926.105063	0.046244	0.021206	0.002622
925.506906	0.048839	0.021511	0.002648
924.925780	0.049784	0.021806	0.002545
924.297384	0.049450	0.023063	0.002768
923.723016	0.045890	0.023692	0.002694
923.129236	0.047792	0.024113	0.002876
922.586647	0.047670	0.024762	0.002894
921.987682	0.046218	0.025719	0.002451
921.371048	0.046090	0.026943	0.002590
920.830616	0.046757	0.028010	0.002474
920.236262	0.046066	0.029607	0.002678
919.646977	0.048567	0.030508	0.002789
919.109042	0.049746	0.031778	0.002840
918.515772	0.048962	0.033490	0.002797
917.945091	0.047193	0.034988	0.002378
917.396807	0.045759	0.036976	0.002812
916.838855	0.047846	0.039064	0.002704
916.287012	0.048701	0.041731	0.002644
915.747228	0.049929	0.044142	0.002675
915.142824	0.049758	0.047426	0.002836
914.566990	0.049164	0.050124	0.002513
913.988776	0.048169	0.054723	0.002579
913.394264	0.049133	0.058911	0.002648
911.428374	0.044831	0.070775	0.002994
910.867394	0.048146	0.070327	0.002541
910.291475	0.050899	0.070082	0.002477
909.703827	0.045038	0.066962	0.002501
909.129672	0.048037	0.060603	0.002844
908.571115	0.048339	0.053553	0.002644
907.987823	0.048570	0.044941	0.002639
907.446541	0.043369	0.036035	0.002520
906.898216	0.043293	0.027651	0.002628
906.310408	0.048256	0.018106	0.002396
905.714122	0.051678	0.010650	0.002493
905.136175	0.050097	0.005064	0.002831
904.554912	0.046945	0.003873	0.002551
903.984147	0.046955	0.005839	0.002748
903.412766	0.048151	0.008413	0.002616
902.865046	0.049633	0.010296	0.002600
902.296598	0.050046	0.011375	0.002733
901.705646	0.049621	0.010547	0.002718
901.141362	0.043410	0.009839	0.002706
900.560790	0.046868	0.008431	0.002590
900.012348	0.049405	0.007571	0.002801
899.392964	0.049020	0.005912	0.002626
898.822242	0.052336	0.005638	0.002620
898.242616	0.048655	0.004264	0.002379
897.689181	0.047329	0.004342	0.002606
897.103807	0.046833	0.003892	0.002535
896.491266	0.048309	0.002820	0.002515
895.917877	0.048138	0.003047	0.002775
895.359161	0.049276	0.002936	0.002843
894.759848	0.046437	0.002626	0.002677
894.192282	0.043153	0.003139	0.002993
893.633544	0.047252	0.002850	0.002587
893.029833	0.047801	0.002822	0.002707
892.446914	0.049642	0.002862	0.002864
891.839356	0.049573	0.002813	0.002779
891.260400	0.048932	0.002795	0.002516
890.694215	0.047167	0.002912	0.002563
890.135521	0.049727	0.002881	0.002781
889.574861	0.048113	0.002679	0.003023
888.994800	0.053882	0.002633	0.002705
888.416598	0.050080	0.003229	0.002614
887.838981	0.047758	0.002988	0.002755
887.257933	0.049649	0.003186	0.002698
886.650928	0.046118	0.003342	0.002612
886.086390	0.044317	0.003179	0.002626
885.539819	0.044420	0.003396	0.002658
884.943874	0.044574	0.003125	0.002530
884.353614	0.049215	0.003373	0.002579
883.789746	0.045530	0.003493	0.002612
883.194332	0.048354	0.003326	0.002744
882.620711	0.047678	0.003021	0.002597
882.025340	0.047685	0.003707	0.002682
881.440605	0.049663	0.003076	0.002590
880.876769	0.051283	0.003372	0.002845
880.288740	0.047653	0.003438	0.002585
879.676550	0.048075	0.002811	0.002296
879.112863	0.045572	0.003150	0.002453
878.567036	0.047420	0.002554	0.002512
877.999927	0.045594	0.002768	0.002634
877.464991	0.049788	0.003067	0.002510
876.868058	0.048886	0.002456	0.002284
876.290198	0.051103	0.002457	0.002689
875.692501	0.048456	0.003070	0.002484
875.119846	0.047489	0.002306	0.002661
874.523552	0.046560	0.002848	0.002913
873.905806	0.045796	0.002626	0.002540
873.343542	0.047960	0.002698	0.002406
872.798523	0.049697	0.002720	0.002950
872.226613	0.050154	0.002731	0.002749
871.635067	0.051516	0.002787	0.002480
871.071327	0.048180	0.002592	0.002936
870.503136	0.046616	0.003031	0.002661
869.917073	0.046046	0.003013	0.002596
869.351134	0.049838	0.002866	0.002630
868.752066	0.047912	0.002734	0.002338
868.158375	0.047443	0.003236	0.002788
867.591735	0.047854	0.003115	0.002420
867.005566	0.049388	0.003098	0.002481
866.405968	0.047644	0.003255	0.002678
865.823518	0.049840	0.003671	0.002769
865.235330	0.050418	0.003771	0.002611
864.646017	0.048230	0.003801	0.002797
864.077804	0.048701	0.004346	0.002669
863.501687	0.047917	0.003931	0.002400
862.916219	0.046527	0.003736	0.002396
862.356974	0.046936	0.003950	0.002552
861.805123	0.048681	0.004769	0.002645
861.235158	0.049587	0.004921	0.002637
860.658881	0.047226	0.004864	0.002788
860.083901	0.052046	0.005444	0.002769
859.509908	0.046068	0.005727	0.002781
858.882186	0.044295	0.006348	0.002508
858.298037	0.047859	0.006441	0.002546
857.709744	0.047624	0.006908	0.002575
857.146567	0.047189	0.007390	0.002684
856.569568	0.046492	0.007806	0.002566
856.003513	0.043303	0.008224	0.002565
855.438222	0.044499	0.008613	0.002762
854.848803	0.047873	0.010032	0.002682
854.294966	0.049301	0.010052	0.002674
853.694965	0.049058	0.011328	0.002509
853.138153	0.049526	0.011963	0.002938
852.567369	0.046841	0.012363	0.002571
851.985228	0.046613	0.013496	0.002579
851.383049	0.046087	0.014338	0.002378
850.835576	0.050358	0.016138	0.002711
850.292524	0.050454	0.016747	0.002575
849.742374	0.048180	0.018369	0.002472
849.164281	0.045902	0.019463	0.002394
848.571355	0.047985	0.020910	0.002531
848.014214	0.049472	0.022333	0.002832
847.433635	0.046341	0.023935	0.002845
846.829182	0.047886	0.024670	0.002612
846.239732	0.051006	0.024911	0.002975
845.673400	0.052623	0.023730	0.002454
845.084991	0.047446	0.021726	0.002521
844.503551	0.050965	0.018159	0.002701
843.896346	0.046459	0.013562	0.002848
843.336156	0.050559	0.008403	0.002630
842.767371	0.050726	0.005122	0.002428
842.186356	0.050768	0.009270	0.002717
841.598330	0.046820	0.018048	0.002763
840.982604	0.048056	0.026674	0.002744
840.394290	0.047472	0.035663	0.002664
839.820224	0.047159	0.042637	0.002400
839.244650	0.047762	0.046997	0.002652
838.670924	0.051309	0.048947	0.002291
838.110702	0.046626	0.049793	0.002561
837.519116	0.050386	0.047460	0.002318
836.922059	0.048780	0.044950	0.002754
836.337028	0.051165	0.041521	0.002375
835.738334	0.048312	0.038441	0.002660
835.170197	0.049220	0.034852	0.002637
834.574882	0.049771	0.031506	0.002608
834.002431	0.054268	0.027699	0.002601
833.435633	0.046865	0.026170	0.002348
832.838363	0.046216	0.023021	0.002415
832.266635	0.047849	0.022374	0.002369
831.666135	0.047179	0.020287	0.002522
831.082082	0.049414	0.019974	0.002462
830.502640	0.051191	0.018886	0.002822
829.925143	0.047164	0.018295	0.002543
829.317079	0.052005	0.018450	0.002690
828.770659	0.049911	0.017657	0.002514
828.210310	0.048350	0.017379	0.002822
827.666174	0.047429	0.017681	0.002660
827.109162	0.047814	0.017610	0.002626
826.548313	0.050296	0.017562	0.002416
825.984639	0.051603	0.016812	0.002670
825.409979	0.048122	0.017672	0.002657
824.827668	0.048011	0.017142	0.002397
824.241990	0.051714	0.017095	0.002692
823.655037	0.048100	0.017357	0.002717
823.079548	0.048185	0.017277	0.002710
822.491426	0.048245	0.017717	0.002798
821.938972	0.047563	0.016909	0.002733
821.349235	0.051459	0.016847	0.002449
820.713770	0.048725	0.017250	0.002448
820.169815	0.047772	0.017595	0.002629
819.597524	0.050367	0.017549	0.002394
819.019645	0.049248	0.016961	0.002479
818.406778	0.049464	0.017348	0.002846
817.840618	0.048099	0.017304	0.002555
817.257724	0.045125	0.016937	0.002474
816.664321	0.043822	0.017498	0.002654
816.066531	0.049697	0.017993	0.002460
815.462908	0.049183	0.017931	0.002554
814.874936	0.049347	0.018078	0.002536
814.296068	0.049014	0.018034	0.002395
813.730854	0.047074	0.018113	0.002656
813.170314	0.048561	0.018391	0.002269
812.613089	0.049638	0.018474	0.002466
812.028739	0.051384	0.018830	0.002518
811.512494	0.049714	0.018828	0.002571
810.940703	0.048840	0.018711	0.002556
810.336687	0.048136	0.019167	0.002521
809.759530	0.047549	0.018864	0.002586
809.200287	0.048089	0.019741	0.002570
808.607193	0.047030	0.019914	0.002468
808.028400	0.049363	0.020171	0.002566
807.450819	0.046114	0.020100	0.002849
806.898513	0.050936	0.020369	0.002595
806.324055	0.048592	0.020500	0.002674
805.761635	0.051954	0.020560	0.002527
805.204453	0.046331	0.020816	0.002864
804.617394	0.046752	0.021881	0.002526
804.056441	0.051411	0.021400	0.002593
803.452446	0.045481	0.022073	0.002520
802.852924	0.051623	0.022419	0.002590
802.275810	0.045127	0.022777	0.002585
801.670775	0.052890	0.023094	0.002740
801.105284	0.050705	0.023253	0.002832
800.462286	0.045302	0.023324	0.002387
799.838700	0.050030	0.024388	0.002612
799.258122	0.051291	0.025208	0.002570
798.670787	0.046095	0.025147	0.002333
798.075728	0.049313	0.025208	0.002505
797.527567	0.047602	0.026185	0.002575
796.874199	0.049523	0.026196	0.002538
796.300241	0.047693	0.026751	0.002820
795.680458	0.049571	0.028461	0.002600
795.088884	0.048816	0.028548	0.002680
794.510962	0.048618	0.028967	0.002542
793.941849	0.048167	0.029899	0.002521
793.378590	0.049432	0.030406	0.002482
792.809901	0.047862	0.031663	0.002625
792.192817	0.045865	0.032269	0.002810
791.639492	0.046777	0.033008	0.002428
791.045698	0.046516	0.034731	0.002939
790.460329	0.051908	0.035948	0.002583
789.883438	0.048871	0.037284	0.002965
789.281781	0.047318	0.038382	0.002807
788.706389	0.045579	0.040016	0.002754
788.121253	0.047415	0.042414	0.002367
787.532877	0.048769	0.043293	0.002986
786.965857	0.047280	0.045814	0.002667
786.393694	0.047263	0.047248	0.002518
785.782837	0.049187	0.050214	0.002294
785.194291	0.048408	0.053630	0.002499
784.609453	0.052078	0.056606	0.002760
784.032201	0.047399	0.061018	0.002485
783.454365	0.049563	0.063629	0.002528
782.911346	0.047989	0.067038	0.002704
782.327432	0.054050	0.072089	0.002377
781.770750	0.048977	0.075685	0.002534
781.193435	0.049677	0.078794	0.002332
780.614196	0.045990	0.082121	0.002545
780.049248	0.048232	0.081947	0.002364
779.503233	0.048779	0.080653	0.002466
778.945637	0.048686	0.076395	0.002460
778.351619	0.049300	0.068349	0.002753
777.790666	0.050144	0.058386	0.002938
777.232390	0.043567	0.047482	0.002516
776.632316	0.048214	0.035154	0.002679
776.031010	0.052097	0.021833	0.002658
775.460834	0.051520	0.012053	0.002488
774.891668	0.052724	0.010528	0.002814
774.320982	0.046105	0.018004	0.002738
773.771578	0.050148	0.024053	0.002913
773.184424	0.044771	0.027231	0.002831
772.619572	0.047425	0.029096	0.002583
772.031759	0.047837	0.028558	0.002429
771.445965	0.049650	0.026979	0.002465
770.864952	0.052048	0.024482	0.002829
770.252990	0.048867	0.020985	0.002559
769.694554	0.049932	0.018201	0.002718
769.100909	0.044083	0.016099	0.002651
768.533867	0.045299	0.013307	0.002613
767.967134	0.048896	0.011730	0.002404
767.409379	0.047133	0.010296	0.002576
766.833668	0.044758	0.010396	0.002924
766.270292	0.044661	0.009567	0.002791
765.679133	0.047037	0.009368	0.002649
765.074926	0.044867	0.009963	0.002857
764.496347	0.046444	0.009779	0.002639
763.938166	0.049385	0.009865	0.002647
763.340643	0.044724	0.009838	0.002705
762.750705	0.049313	0.009935	0.002356
762.179106	0.050645	0.009912	0.002770
761.570798	0.048972	0.009816	0.002337
760.988298	0.049701	0.010142	0.002896
760.411673	0.050079	0.010135	0.002446
759.830299	0.048815	0.009687	0.002628
759.267242	0.049555	0.009768	0.002607
758.693359	0.047521	0.010055	0.002566
758.130812	0.049610	0.009429	0.002567
757.565523	0.048140	0.009946	0.002681
756.984723	0.046335	0.010321	0.002798
756.418883	0.044522	0.009817	0.002303
755.830050	0.048257	0.010033	0.002552
755.253160	0.051746	0.010228	0.002643
754.648496	0.046010	0.009632	0.002810
754.075771	0.045322	0.009343	0.002946
753.489212	0.047639	0.010332	0.002326
752.910760	0.047423	0.009547	0.002582
752.345886	0.047176	0.009748	0.002176
751.768804	0.046993	0.009416	0.002731
751.195303	0.049486	0.010053	0.002562
750.606503	0.051855	0.009217	0.002495
750.015163	0.047518	0.009582	0.002522
749.429953	0.049969	0.009693	0.002713
748.846528	0.047984	0.009674	0.002584
748.269776	0.048782	0.009874	0.002547
747.691930	0.049935	0.009679	0.002389
747.115390	0.049780	0.009673	0.002482
746.526791	0.044771	0.009771	0.002785
745.918537	0.047081	0.009715	0.002546
745.337162	0.048753	0.009370	0.002403
744.750391	0.044819	0.009458	0.002597
744.142997	0.046807	0.009927	0.002766
743.544666	0.047689	0.009674	0.002359
742.945315	0.049493	0.009530	0.002528
742.396485	0.048284	0.009837	0.002524
741.805591	0.049353	0.009582	0.002698
741.196454	0.048927	0.010085	0.002732
740.590218	0.048534	0.009957	0.002560
740.019267	0.047828	0.009224	0.002673
739.435471	0.049334	0.009592	0.002373
738.863404	0.049477	0.010456	0.002719
738.289818	0.045979	0.010072	0.002736
737.732487	0.045907	0.010241	0.002673
737.179906	0.046888	0.010084	0.002637
736.631692	0.045354	0.010139	0.002533
736.084986	0.047918	0.010257	0.002552
735.528124	0.050272	0.009966	0.002457
734.941936	0.046771	0.010584	0.002661
734.341735	0.052540	0.010418	0.002611
733.751362	0.048416	0.010328	0.002465
733.171507	0.050061	0.010401	0.002598
732.574717	0.046587	0.009999	0.002629
732.020574	0.049158	0.010475	0.002501
731.414540	0.047009	0.010614	0.002556
730.865773	0.050280	0.010619	0.002316
730.286120	0.046786	0.010972	0.002668
729.698275	0.048708	0.011037	0.002576
729.087024	0.050458	0.011258	0.002801
728.469229	0.047195	0.011913	0.002764
727.916456	0.048433	0.010936	0.002435
727.374681	0.048256	0.011164	0.002666
726.814099	0.050653	0.011464	0.002528
726.235593	0.048250	0.011625	0.002688
725.678380	0.048583	0.011853	0.002924
725.098578	0.051205	0.011414	0.002587
724.532142	0.044805	0.012296	0.002713
723.928658	0.050350	0.011503	0.002473
723.344872	0.049090	0.012317	0.002659
722.738976	0.049301	0.012469	0.002448
722.147041	0.048762	0.012750	0.002355
721.557974	0.051446	0.012436	0.002671
720.999114	0.046624	0.013076	0.002570
720.419939	0.047663	0.012767	0.002617
719.859644	0.048990	0.012952	0.002687
719.286482	0.046257	0.014464	0.002406
718.721183	0.049438	0.013882	0.002681
718.149839	0.047864	0.014018	0.002330
717.582393	0.047709	0.014490	0.002857
717.041627	0.048832	0.015365	0.002639
716.443317	0.050875	0.015786	0.002687
715.895782	0.048715	0.015884	0.002755
715.320071	0.047141	0.016905	0.002487
714.687028	0.050162	0.017094	0.002866
714.114834	0.048738	0.018324	0.002568
713.604103	0.049580	0.019077	0.002682
713.052892	0.046556	0.018947	0.002522
712.484714	0.046490	0.020479	0.002841
711.930783	0.048922	0.020220	0.002754
711.364527	0.047055	0.021378	0.002670
710.820286	0.048655	0.021226	0.002723
710.276757	0.051542	0.022616	0.002506
709.655136	0.048745	0.022039	0.002500
709.078277	0.043861	0.021196	0.002585
708.531061	0.049666	0.020023	0.002823
707.902077	0.047035	0.017605	0.002748
707.331614	0.049773	0.014907	0.002587
706.745480	0.048964	0.015138	0.002704
706.169779	0.047973	0.018987	0.002858
705.611800	0.052468	0.023757	0.002561
705.064085	0.050095	0.029837	0.002680
704.493569	0.049761	0.034939	0.002456
703.951367	0.049410	0.038816	0.002798
703.399264	0.049301	0.041882	0.002569
702.835346	0.050943	0.042656	0.002871
702.245609	0.045442	0.042028	0.002552
701.679842	0.047078	0.040067	0.002511
701.060463	0.052437	0.037716	0.002610
700.511345	0.049226	0.034349	0.002839
699.935081	0.051114	0.031217	0.002395
699.351326	0.048386	0.028303	0.002728
698.733647	0.049463	0.025935	0.002707
698.143549	0.044552	0.023760	0.002414
697.542880	0.053424	0.022623	0.002692
696.945653	0.050884	0.021285	0.002570
696.362004	0.049122	0.020985	0.002526
695.796577	0.043740	0.020312	0.002751
695.166244	0.054756	0.020561	0.002734
694.546014	0.047248	0.020435	0.002467
693.977463	0.050595	0.021018	0.002715
693.410708	0.048516	0.021078	0.002905
692.850158	0.050502	0.021276	0.002470
692.295036	0.051175	0.021420	0.002460
691.721364	0.049199	0.021407	0.002756
691.146726	0.050914	0.022161	0.002713
690.546492	0.050509	0.020834	0.002555
689.935782	0.052387	0.022205	0.002628
689.377834	0.051588	0.021781	0.002617
688.783529	0.047879	0.022191	0.002483
688.207604	0.045312	0.021660	0.002388
687.604417	0.049448	0.021866	0.002412
687.054448	0.048840	0.021938	0.002585
686.467347	0.045089	0.022337	0.002616
685.901686	0.045716	0.022542	0.002872
685.348742	0.049917	0.022262	0.002552
684.748221	0.048604	0.022522	0.002699
684.143450	0.048597	0.022656	0.002567
683.563913	0.048100	0.022526	0.002700
682.970511	0.050572	0.022896	0.002839
682.396977	0.047539	0.022614	0.002752
681.855975	0.047776	0.023191	0.002941
681.277660	0.048975	0.023444	0.002699
680.668108	0.050779	0.023286	0.002449
680.087296	0.051663	0.023188	0.002236
679.512837	0.047977	0.023643	0.002790
678.917990	0.048938	0.023760	0.002505
678.362284	0.048605	0.023264	0.002732
677.784223	0.050749	0.024371	0.002405
677.171175	0.048665	0.024073	0.002681
676.595803	0.047466	0.024611	0.002558
675.986357	0.050735	0.024801	0.003003
675.400296	0.048558	0.024638	0.002411
674.799222	0.047749	0.024506	0.002778
674.238618	0.052086	0.024663	0.002487
673.605479	0.052631	0.025173	0.002718
673.046914	0.047833	0.025130	0.002762
672.462383	0.047690	0.025605	0.002364
671.859535	0.047806	0.025623	0.002635
671.276852	0.048509	0.026244	0.002410
670.702319	0.047525	0.025823	0.002705
670.169594	0.046829	0.026080	0.002496
669.606812	0.049158	0.026273	0.002526
669.029388	0.047351	0.026445	0.002694
668.421929	0.048280	0.026252	0.002667
667.855991	0.050440	0.026687	0.002521
667.282212	0.044718	0.026785	0.002537
666.681701	0.049610	0.027261	0.002486
666.112023	0.046210	0.027179	0.002840
665.536491	0.050760	0.027416	0.002940
664.912446	0.048541	0.027890	0.002793
664.348675	0.046186	0.028358	0.002236
663.740110	0.043848	0.028403	0.002699
663.180271	0.049014	0.028270	0.002613
662.597237	0.048105	0.028229	0.002454
661.953186	0.048531	0.028278	0.002584
661.393229	0.051455	0.028913	0.002486
660.809080	0.047326	0.029513	0.002593
660.250090	0.050175	0.029703	0.002585
659.675131	0.048550	0.029795	0.002892
659.124992	0.049194	0.030060	0.002594
658.549916	0.045125	0.030347	0.002512
657.970272	0.044975	0.030199	0.002445
657.372523	0.049517	0.030493	0.002718
656.795843	0.050795	0.030603	0.002520
656.184643	0.048182	0.031388	0.002598
655.635396	0.048537	0.030852	0.002886
655.054721	0.048694	0.031532	0.002336
654.459989	0.046117	0.031917	0.002712
653.836400	0.050603	0.031896	0.002830
653.275700	0.050462	0.032204	0.002791
652.722521	0.048924	0.033087	0.002532
652.138255	0.052883	0.033602	0.002714
651.561883	0.048693	0.033536	0.002609
650.967980	0.045936	0.033874	0.002922
650.380101	0.046874	0.034642	0.002388
649.798575	0.050369	0.034656	0.002268
649.219674	0.045781	0.035611	0.002783
648.624889	0.047284	0.036162	0.002898
648.073793	0.048200	0.036536	0.002816
647.557185	0.052169	0.037012	0.002650
646.995007	0.049162	0.038560	0.002588
646.441382	0.044114	0.038250	0.002746
645.838458	0.049292	0.039571	0.002808
645.291453	0.051259	0.040203	0.002835
644.732558	0.048626	0.041021	0.002364
644.162741	0.052403	0.042114	0.002455
643.596600	0.053714	0.043082	0.002811
643.005522	0.048925	0.044055	0.002593
642.411003	0.049748	0.045724	0.002534
641.831729	0.050488	0.047278	0.002691
641.258459	0.049397	0.048628	0.002307
640.692987	0.047927	0.050330	0.002620
640.122160	0.044285	0.051298	0.002767
639.574995	0.047101	0.053396	0.002578
639.009321	0.048167	0.055180	0.002915
638.480877	0.051428	0.056899	0.002632
637.922098	0.047734	0.056991	0.002786
637.332062	0.054068	0.057636	0.002805
636.780944	0.051986	0.056061	0.002749
636.184235	0.050034	0.054165	0.002704
635.613313	0.051703	0.050277	0.002628
635.075391	0.048369	0.046279	0.002636
635.460539	0.049334	0.046292	0.002595
636.010084	0.047296	0.051071	0.002866
636.620807	0.052557	0.054475	0.002604
637.193642	0.044427	0.056952	0.002544
637.783105	0.044752	0.057219	0.002563
638.347015	0.048655	0.056908	0.002989
638.931962	0.050388	0.056046	0.002805
639.531880	0.046996	0.055034	0.002834
640.084113	0.048931	0.052507	0.002843
640.698098	0.052237	0.051332	0.002486
641.291598	0.047317	0.049126	0.002492
641.856655	0.046591	0.047741	0.002526
642.437533	0.053888	0.046620	0.002673
643.015903	0.045680	0.045363	0.002799
643.593380	0.049228	0.043760	0.002497
644.192023	0.048113	0.042496	0.002585
644.773729	0.052145	0.041855	0.002512
645.370692	0.052347	0.040432	0.002459
645.967231	0.047504	0.039323	0.002795
646.571514	0.044220	0.038267	0.002860
647.113016	0.045684	0.038014	0.002656
647.713666	0.050450	0.037603	0.002428
648.272349	0.044451	0.036570	0.002501
648.827440	0.056395	0.036147	0.002748
649.545121	0.052725	0.035240	0.002868
650.115331	0.048852	0.035072	0.002557
650.712783	0.050900	0.034693	0.002776
651.267906	0.047600	0.033975	0.002789
651.885949	0.048179	0.033496	0.002671
652.430234	0.050821	0.033057	0.002609
653.002718	0.047329	0.032816	0.002513
653.569336	0.043547	0.032982	0.002874
654.153592	0.052552	0.031916	0.002400
654.758152	0.046414	0.032048	0.002672
655.348219	0.051784	0.031853	0.002544
655.952662	0.051990	0.030895	0.002386
656.510451	0.050019	0.030440	0.002524
657.095982	0.053097	0.031293	0.002601
657.672396	0.051371	0.030454	0.002400
658.256120	0.048614	0.030424	0.002561
658.890025	0.048554	0.030166	0.002771
659.465749	0.045267	0.029401	0.002850
660.056401	0.051940	0.028996	0.002702
660.629033	0.052351	0.029322	0.002434
661.228747	0.045809	0.029486	0.002860
661.828462	0.049173	0.028989	0.002751
662.405715	0.052611	0.028709	0.002608
663.013218	0.045252	0.028469	0.002357
663.589334	0.048926	0.028579	0.002947
664.177574	0.048995	0.027783	0.002808
664.727851	0.050137	0.027569	0.002811
665.321615	0.048323	0.027504	0.002668
665.906912	0.045199	0.027577	0.002584
666.479002	0.045253	0.026662	0.002470
667.056436	0.048557	0.026956	0.002950
667.624499	0.053407	0.026861	0.002759
668.171939	0.046506	0.026990	0.002706
668.755929	0.049750	0.026258	0.002622
669.368690	0.045143	0.026185	0.002618
669.974216	0.048123	0.026377	0.002620
670.552085	0.049208	0.025726	0.002487
671.119256	0.047496	0.025730	0.002815
671.732548	0.048441	0.025734	0.002653
672.332814	0.046761	0.026116	0.002396
672.932401	0.043708	0.025867	0.002784
673.504097	0.052092	0.025051	0.002624
674.081627	0.048485	0.025116	0.002796
674.630692	0.046963	0.025062	0.002611
675.239756	0.045326	0.024553	0.002948
675.817986	0.045192	0.024548	0.002829
676.367243	0.045871	0.023552	0.002726
676.929707	0.045173	0.023870	0.002579
677.523598	0.047121	0.024309	0.002548
678.069306	0.051163	0.023609	0.002814
678.667416	0.050839	0.023598	0.002888
679.249163	0.046864	0.023459	0.002710
679.834214	0.047372	0.023345	0.002580
680.419967	0.045727	0.023520	0.002672
680.994564	0.045974	0.023720	0.002739
681.591653	0.047164	0.022974	0.002842
682.172019	0.047885	0.022742	0.002557
682.741611	0.047074	0.022675	0.002517
683.318089	0.046108	0.022800	0.002986
683.900590	0.052832	0.022664	0.002645
684.485206	0.045934	0.022214	0.002839
685.067771	0.047861	0.022285	0.002760
685.656010	0.046086	0.022031	0.002588
686.263596	0.044270	0.022174	0.002653
686.838586	0.050281	0.021774	0.002328
687.432880	0.048672	0.021763	0.002623
688.009623	0.052108	0.022399	0.002667
688.592581	0.043420	0.021896	0.002347
689.198308	0.051290	0.022294	0.002883
689.778089	0.049674	0.022000	0.002804
690.379216	0.054587	0.021315	0.002400
691.005778	0.050296	0.022256	0.002798
691.565978	0.041117	0.022219	0.002595
692.138545	0.048295	0.021493	0.002430
692.734773	0.049709	0.021484	0.002794
693.330587	0.047581	0.021611	0.002539
693.922533	0.051574	0.021037	0.002703
694.470313	0.051242	0.021091	0.002554
695.058987	0.048229	0.020694	0.002505
695.630895	0.044937	0.020498	0.002401
696.202857	0.050030	0.020625	0.002894
696.792232	0.044996	0.021064	0.002738
697.374446	0.045801	0.021547	0.002387
697.952176	0.052377	0.022834	0.002872
698.537174	0.049446	0.023758	0.002523
699.139575	0.054438	0.026120	0.002688
699.707701	0.045418	0.028425	0.002837
700.261536	0.053238	0.031112	0.002741
700.845790	0.050115	0.034602	0.002403
701.411727	0.048792	0.037564	0.002692
701.980395	0.049513	0.039463	0.002474
702.562131	0.049335	0.042226	0.002690
703.135186	0.046263	0.042105	0.002783
703.692103	0.047896	0.041896	0.002725
704.309952	0.050977	0.038657	0.002394
704.890583	0.046946	0.034337	0.002541
705.504703	0.047834	0.028326	0.002631
706.061779	0.045726	0.023030	0.002517
706.633517	0.050558	0.017747	0.002553
707.231997	0.053365	0.014703	0.002517
707.812947	0.044308	0.015558	0.002510
708.362957	0.048003	0.018048	0.002300
708.978670	0.046609	0.020808	0.002553
709.561915	0.049361	0.022036	0.002547
710.137701	0.046244	0.021685	0.002506
710.708907	0.046139	0.022075	0.002735
711.249355	0.048814	0.022177	0.002591
711.830103	0.048946	0.021370	0.002667
712.370423	0.053653	0.020630	0.002333
712.921677	0.056378	0.019311	0.002732
713.442427	0.047874	0.018803	0.002357
714.027626	0.043612	0.017915	0.002842
714.652222	0.051215	0.017997	0.002507
715.213281	0.056156	0.016367	0.002684
715.795718	0.046533	0.017530	0.002646
716.339077	0.052769	0.015952	0.002604
716.961229	0.049989	0.015441	0.002475
717.535251	0.047601	0.015166	0.002871
718.148330	0.046762	0.014178	0.002443
718.721406	0.047223	0.013931	0.002576
719.354842	0.052530	0.013438	0.002539
720.000559	0.051055	0.013358	0.002728
720.609686	0.047859	0.012825	0.002595
721.170660	0.048253	0.012684	0.002556
721.768322	0.052009	0.012281	0.002550
722.356528	0.055117	0.013081	0.002674
722.923995	0.049236	0.012369	0.002637
723.495987	0.045618	0.012474	0.002585
724.075247	0.044499	0.012084	0.002832
724.678041	0.046187	0.012089	0.002753
725.244392	0.047156	0.011502	0.002772
725.813059	0.051767	0.011689	0.002663
726.413441	0.049179	0.011636	0.002495
727.022450	0.048155	0.011561	0.002630
727.607064	0.052129	0.010996	0.002703
728.145621	0.047658	0.011541	0.002619
732.596901	0.047726	0.010634	0.002799
733.215313	0.046226	0.009935	0.002233
733.850151	0.050805	0.010282	0.002460
734.431047	0.048914	0.010127	0.002590
734.994199	0.043783	0.010484	0.002509
735.581205	0.045462	0.010525	0.002772
736.188652	0.043989	0.010040	0.002560
736.765139	0.054446	0.010108	0.002563
737.341041	0.045795	0.010047	0.002582
737.908582	0.046562	0.010186	0.002755
738.463713	0.047242	0.009988	0.002213
739.068875	0.047538	0.009679	0.002793
739.659217	0.049894	0.010142	0.002385
740.240102	0.047466	0.009632	0.002589
740.817301	0.043432	0.010199	0.002807
741.398632	0.048010	0.009528	0.002589
741.975459	0.049660	0.009902	0.002328
742.559393	0.047009	0.009475	0.002574
743.152263	0.048831	0.009540	0.002470
743.723523	0.045410	0.009837	0.002722
744.301390	0.046352	0.010198	0.002734
744.899467	0.046822	0.009967	0.002470
745.489680	0.047808	0.009718	0.002859
746.088298	0.050282	0.008874	0.002745
746.667059	0.046179	0.009443	0.002633
747.268396	0.048920	0.009549	0.002492
747.866441	0.046885	0.009438	0.002297
748.453308	0.057369	0.009056	0.002773
749.040355	0.049253	0.009513	0.002668
749.638527	0.050837	0.009616	0.002700
750.233299	0.048612	0.009450	0.002574
750.803570	0.043872	0.009436	0.002841
751.397534	0.050076	0.009532	0.002652
752.018421	0.050167	0.009273	0.002445
752.592603	0.050043	0.009718	0.002553
753.173222	0.052075	0.010208	0.002490
753.744386	0.052141	0.009458	0.002452
754.371914	0.056292	0.009457	0.002398
754.966175	0.049928	0.009617	0.002375
755.523219	0.046304	0.010135	0.002719
756.097793	0.052223	0.010257	0.002745
756.681643	0.045727	0.009816	0.002729
757.233480	0.048270	0.009662	0.002478
757.775680	0.048246	0.009874	0.002578
758.353017	0.055242	0.009783	0.002771
758.970600	0.050217	0.009927	0.002660
759.535771	0.047479	0.010247	0.002492
760.168218	0.049323	0.009942	0.002526
760.749964	0.050058	0.009712	0.002890
761.319396	0.049958	0.009829	0.002604
761.913626	0.049734	0.009929	0.002391
762.481485	0.047907	0.010407	0.002735
763.020754	0.046027	0.010054	0.002841
763.575406	0.048594	0.009836	0.002907
764.139282	0.046035	0.009804	0.002451
764.681461	0.049125	0.009672	0.002753
765.229410	0.052489	0.009618	0.002659
765.796823	0.049940	0.009596	0.002728
766.363407	0.045078	0.009635	0.002540
767.010867	0.045484	0.010405	0.002522
767.572362	0.051965	0.010766	0.002454
768.119843	0.047585	0.011347	0.002717
768.660004	0.050843	0.012987	0.002516
769.186172	0.053337	0.015296	0.002353
769.746785	0.048114	0.017297	0.002561
770.273240	0.049742	0.019988	0.002554
770.824546	0.046197	0.023056	0.002565
771.382079	0.048772	0.025853	0.002848
771.916438	0.047053	0.027355	0.002768
772.469157	0.048463	0.029147	0.002710
773.062814	0.043694	0.029113	0.002529
773.645973	0.048422	0.026034	0.002471
774.273766	0.054768	0.021590	0.002704
774.844962	0.048258	0.014960	0.002842
775.408061	0.051145	0.009195	0.002733
775.939212	0.049488	0.013945	0.002445
776.493855	0.048990	0.024963	0.002645
777.365464	0.051712	0.044056	0.002589
777.909046	0.051552	0.055295	0.002779
778.451831	0.044809	0.065306	0.002661
779.071625	0.045649	0.074685	0.002646
779.613358	0.050989	0.079705	0.002795
780.225331	0.047598	0.082191	0.002739
780.846112	0.046230	0.081497	0.002657
781.440991	0.045586	0.079424	0.002593
782.026338	0.046924	0.076168	0.002752
782.600498	0.048422	0.072451	0.002307
783.152006	0.046002	0.068233	0.002604
783.739915	0.047782	0.063703	0.002585
784.290063	0.052760	0.060770	0.002600
784.911407	0.046676	0.056660	0.002775
785.475293	0.051717	0.053567	0.002590
786.092133	0.046914	0.050746	0.002744
786.674304	0.052240	0.049329	0.002678
787.245351	0.051581	0.046357	0.002687
787.875174	0.051998	0.043809	0.002560
788.474833	0.045362	0.041722	0.002833
789.087062	0.046519	0.039651	0.002579
789.659830	0.045401	0.038381	0.002607
790.233299	0.047283	0.036742	0.002554
790.805069	0.045478	0.036063	0.002741
791.390034	0.046492	0.034787	0.002591
791.986825	0.054463	0.033048	0.002664
792.557256	0.049034	0.032892	0.002652
793.113110	0.055907	0.031706	0.002455
793.684136	0.045220	0.030922	0.002566
794.257520	0.045441	0.029745	0.002466
794.830554	0.045360	0.028869	0.002820
795.413225	0.044712	0.028403	0.002462
795.970024	0.044855	0.027732	0.002639
796.576462	0.043439	0.027728	0.002668
797.156264	0.049341	0.027144	0.002650
797.714965	0.044606	0.026050	0.002564
798.292887	0.047331	0.025430	0.002516
798.874814	0.046913	0.024987	0.002730
799.442089	0.046917	0.024903	0.002721
