800.526853	0.065445	0.023184	0.002608
801.323335	0.072609	0.022570	0.002551
802.070307	0.071540	0.022438	0.002739
802.834076	0.074177	0.022214	0.002315
803.566237	0.067346	0.021871	0.002459
804.306706	0.070602	0.021985	0.002449
805.034734	0.072868	0.021279	0.002492
805.727094	0.073954	0.020753	0.002254
806.455675	0.066357	0.020844	0.002449
807.171144	0.071742	0.020675	0.002498
807.900064	0.067146	0.019702	0.002256
808.655440	0.070639	0.019589	0.002745
809.345134	0.069948	0.019968	0.002853
810.069071	0.073090	0.019219	0.002681
810.807788	0.072220	0.019093	0.002726
811.556608	0.067184	0.019548	0.002754
812.213323	0.071900	0.019058	0.002592
812.905556	0.068852	0.018533	0.002417
813.593316	0.072232	0.018795	0.002343
814.321451	0.064850	0.018437	0.002416
815.013365	0.071635	0.018625	0.002770
815.749362	0.067932	0.018380	0.002639
816.478771	0.071769	0.017566	0.002575
817.240426	0.063872	0.017854	0.002577
817.948193	0.068539	0.017721	0.002534
818.676944	0.066191	0.017965	0.002214
819.419145	0.070996	0.017742	0.002328
820.188270	0.071287	0.018293	0.002959
820.960221	0.072312	0.017722	0.002465
821.709478	0.069631	0.017663	0.002746
822.403889	0.065711	0.017761	0.002710
823.175383	0.073141	0.017891	0.002772
823.907736	0.077287	0.017855	0.002705
824.571464	0.071437	0.018465	0.002686
825.249853	0.069223	0.017913	0.002545
825.980081	0.071691	0.018328	0.002858
826.701171	0.072263	0.018608	0.002779
827.408864	0.070495	0.018667	0.002845
828.136117	0.067703	0.018782	0.002797
828.854775	0.072104	0.019090	0.002577
829.566165	0.073785	0.019578	0.002360
830.289189	0.069071	0.019482	0.002611
831.018748	0.075448	0.020316	0.002326
831.746203	0.070968	0.021085	0.002715
832.480405	0.069664	0.022684	0.002713
833.176740	0.068784	0.024729	0.002710
833.912780	0.068828	0.027431	0.002543
834.641839	0.071202	0.030713	0.002620
835.378729	0.072864	0.034556	0.002336
836.083723	0.066942	0.038690	0.002843
836.851956	0.070661	0.043548	0.002821
837.624896	0.071214	0.047060	0.002213
838.367290	0.072406	0.048895	0.002605
839.087255	0.072034	0.048363	0.002911
839.799442	0.069520	0.045215	0.002567
840.539339	0.070201	0.038081	0.002811
841.214415	0.071562	0.029752	0.002889
841.912557	0.065382	0.020021	0.002771
842.640193	0.067125	0.011104	0.002691
843.383808	0.068861	0.008622	0.002669
844.107673	0.072992	0.014754	0.002456
844.803839	0.067101	0.020095	0.002836
845.546923	0.073847	0.023634	0.002595
846.255084	0.072507	0.025766	0.002636
846.976218	0.065021	0.026042	0.002865
847.695918	0.072247	0.024805	0.002507
848.439290	0.071875	0.023772	0.002654
849.193647	0.068117	0.022120	0.002673
849.912423	0.066737	0.020665	0.002579
850.671317	0.068765	0.019235	0.002638
851.370522	0.068822	0.017677	0.002582
852.074168	0.065687	0.016189	0.002222
852.781830	0.073221	0.015234	0.002500
853.551637	0.068906	0.014191	0.002675
854.273727	0.072567	0.013197	0.002743
854.980433	0.071874	0.012737	0.002792
855.670278	0.071736	0.012070	0.002667
856.417953	0.071396	0.011367	0.002723
857.180025	0.067596	0.010353	0.002582
857.931153	0.069168	0.010144	0.002834
858.633779	0.072070	0.009946	0.002783
859.347923	0.066639	0.008798	0.002442
860.046863	0.066266	0.008940	0.002602
860.777868	0.071485	0.008723	0.002879
861.477201	0.070159	0.008652	0.002804
862.217109	0.071032	0.008529	0.002584
862.911608	0.072352	0.007757	0.002186
863.676878	0.069784	0.008440	0.002496
864.367552	0.071563	0.007647	0.002854
865.091747	0.069870	0.007394	0.002606
865.821903	0.075585	0.007306	0.002562
866.532477	0.068991	0.007213	0.002764
867.246164	0.068974	0.006970	0.002563
868.002404	0.071896	0.007795	0.002377
868.704531	0.066577	0.007327	0.002669
869.458199	0.072378	0.007270	0.002638
870.209350	0.074681	0.007391	0.002287
870.991748	0.070514	0.006987	0.002574
871.775803	0.071139	0.006963	0.002445
872.487929	0.067323	0.007049	0.002712
873.229443	0.071153	0.007098	0.002803
873.979234	0.069776	0.006973	0.002576
874.705671	0.073028	0.006893	0.002584
875.451212	0.075662	0.007132	0.002270
876.196753	0.073287	0.007002	0.002842
876.845916	0.071007	0.007490	0.002646
877.595856	0.072192	0.007387	0.002591
878.303116	0.066193	0.007363	0.002770
879.040009	0.070808	0.007340	0.002479
879.767881	0.071395	0.007453	0.002774
880.548941	0.070832	0.008027	0.002525
881.328109	0.070964	0.008116	0.002491
882.073576	0.070536	0.008153	0.002467
882.855327	0.066254	0.008347	0.002217
883.643750	0.065939	0.008197	0.002708
884.364292	0.071230	0.007976	0.002605
885.125091	0.065889	0.007972	0.002606
885.844208	0.066167	0.008308	0.002678
886.575853	0.074705	0.008169	0.002851
887.328375	0.065834	0.008637	0.002471
888.104697	0.066591	0.008599	0.002418
888.775876	0.073534	0.008504	0.003267
889.528621	0.071624	0.008119	0.003004
890.242916	0.066430	0.007993	0.002553
891.001378	0.073872	0.008322	0.002268
891.782598	0.069644	0.008679	0.002326
892.489838	0.071652	0.008680	0.002801
893.188684	0.069339	0.008564	0.002784
893.914316	0.067222	0.008476	0.002804
894.645769	0.065094	0.008585	0.002516
895.371103	0.068712	0.008397	0.003026
896.084453	0.068890	0.008947	0.002669
896.825405	0.068302	0.008973	0.002744
897.569067	0.070946	0.008991	0.002515
898.270613	0.072448	0.009089	0.002805
898.952088	0.068470	0.010665	0.002682
899.702561	0.070059	0.011880	0.003203
900.454085	0.068665	0.013079	0.002485
901.143710	0.064900	0.014416	0.002719
901.878246	0.073632	0.015694	0.002520
902.641713	0.066751	0.016136	0.002315
903.399729	0.075055	0.014856	0.002695
904.148046	0.073926	0.012056	0.002646
904.864084	0.066703	0.009697	0.002521
905.579123	0.065632	0.012534	0.002977
906.340742	0.068467	0.020311	0.002494
907.067257	0.068180	0.030799	0.002470
907.800050	0.067358	0.041383	0.002721
908.560617	0.072617	0.051923	0.002573
909.306544	0.070061	0.061728	0.002604
910.069119	0.067936	0.069749	0.003140
910.843148	0.068336	0.073125	0.002802
911.593144	0.070641	0.073256	0.002430
912.321358	0.070006	0.070446	0.002424
913.023723	0.070738	0.066355	0.002708
913.767631	0.066638	0.061518	0.002532
914.507342	0.065328	0.056716	0.002690
915.224624	0.067481	0.052272	0.002434
915.940706	0.067751	0.049133	0.002638
916.680895	0.066767	0.046189	0.002683
917.485950	0.075645	0.042717	0.002208
918.234172	0.064816	0.040262	0.002767
918.973926	0.071040	0.038203	0.003028
919.682953	0.073559	0.036352	0.002414
920.374587	0.074235	0.035067	0.002613
921.103015	0.069647	0.033348	0.002380
921.852162	0.066413	0.032714	0.002592
922.574088	0.075527	0.031645	0.002337
923.315606	0.070008	0.030699	0.002867
923.994109	0.068358	0.029345	0.002562
924.693478	0.066008	0.029367	0.002911
925.458616	0.071359	0.028730	0.002475
926.162767	0.066951	0.027710	0.002780
926.915484	0.069183	0.027360	0.002533
927.632544	0.071104	0.026755	0.002606
928.331606	0.076237	0.026521	0.002963
929.053798	0.071263	0.026408	0.002799
929.774620	0.064860	0.025905	0.002303
930.511124	0.064604	0.025914	0.002618
931.295769	0.072169	0.025946	0.002804
931.980360	0.072842	0.025518	0.002661
932.760055	0.064378	0.024810	0.002849
933.532014	0.065898	0.024878	0.002547
934.263674	0.071352	0.025343	0.002653
934.972745	0.070114	0.024968	0.002796
935.699411	0.069233	0.024805	0.003188
936.411457	0.067717	0.025214	0.002641
937.123195	0.067527	0.025460	0.002723
937.864460	0.075116	0.025144	0.002559
938.578642	0.066533	0.025622	0.003141
939.302918	0.069472	0.026068	0.002797
940.038456	0.070505	0.026373	0.002704
940.813455	0.072527	0.026408	0.002557
941.499078	0.063905	0.027476	0.002724
942.226084	0.070440	0.027665	0.002690
942.924882	0.067549	0.028218	0.002855
943.667518	0.072380	0.028951	0.002799
944.401877	0.069153	0.030316	0.002720
945.127514	0.068160	0.031096	0.002885
945.838414	0.066956	0.032197	0.002724
946.559046	0.068375	0.034045	0.002606
947.280177	0.070234	0.035631	0.002478
948.019712	0.071267	0.037733	0.002583
948.722972	0.064622	0.040023	0.002377
949.470135	0.071755	0.042400	0.002793
950.210403	0.069206	0.045766	0.002629
950.992383	0.070855	0.048375	0.002562
951.719667	0.072015	0.049111	0.002962
952.422482	0.071697	0.048168	0.002880
953.113185	0.070865	0.045402	0.002523
953.834137	0.066322	0.039994	0.002739
954.578867	0.064522	0.032767	0.002996
955.320612	0.068561	0.024368	0.002967
956.040480	0.070988	0.017105	0.002750
956.714024	0.066293	0.012139	0.002671
957.432565	0.070994	0.012318	0.002389
958.184234	0.073202	0.016402	0.002674
958.879527	0.069468	0.020981	0.002874
959.619381	0.069357	0.023740	0.002746
960.362338	0.069028	0.025769	0.003256
961.082749	0.070474	0.025716	0.003027
961.808259	0.070162	0.024736	0.002871
962.495616	0.070409	0.023543	0.002625
963.259260	0.067399	0.021931	0.002564
964.007296	0.071647	0.020174	0.002767
964.722469	0.070754	0.018850	0.002549
964.686812	0.068151	0.018629	0.002961
963.925729	0.067224	0.019466	0.002871
963.203182	0.073630	0.020991	0.002553
962.487594	0.066238	0.022592	0.003237
961.719127	0.072578	0.024014	0.002656
961.011880	0.072446	0.025725	0.002692
960.283543	0.071854	0.025989	0.002728
959.575383	0.071682	0.024659	0.002691
958.878061	0.069903	0.021908	0.003065
958.156630	0.071249	0.018637	0.002473
957.482470	0.066939	0.013784	0.002909
956.778645	0.070334	0.011239	0.002534
956.062750	0.071108	0.014362	0.002770
955.387857	0.068042	0.020596	0.003175
954.634627	0.071229	0.028288	0.002719
953.910519	0.070002	0.036416	0.002559
953.179569	0.076762	0.042134	0.002850
952.442574	0.067045	0.046789	0.002657
951.707013	0.068587	0.049278	0.003124
951.017607	0.070883	0.048140	0.002964
950.268563	0.071812	0.046285	0.002538
949.518170	0.070005	0.043752	0.002932
948.776394	0.069559	0.041475	0.002662
948.057154	0.065463	0.038698	0.002774
947.343385	0.066744	0.036788	0.002787
946.617004	0.070557	0.034962	0.002435
945.929575	0.069259	0.033188	0.002846
945.207923	0.064316	0.032079	0.002383
944.487525	0.071669	0.030423	0.002948
943.775531	0.074059	0.029465	0.002445
943.023672	0.065759	0.028890	0.002796
942.292660	0.071899	0.027729	0.002363
941.568596	0.070021	0.027159	0.002586
940.837297	0.068449	0.026492	0.002848
940.141390	0.069464	0.026467	0.002815
939.390945	0.069904	0.026366	0.002845
938.668178	0.066815	0.025932	0.002589
937.976669	0.069039	0.025424	0.002778
937.268001	0.071685	0.025185	0.002695
936.552863	0.071726	0.024843	0.002468
935.802057	0.071474	0.024637	0.002921
935.088131	0.070811	0.024382	0.003043
934.383373	0.064542	0.024776	0.002647
933.636935	0.070029	0.024648	0.002776
932.835055	0.071693	0.024761	0.002601
932.063415	0.072294	0.025171	0.002466
931.259581	0.068508	0.025608	0.002987
930.592298	0.072582	0.025448	0.002420
929.865770	0.069164	0.026212	0.002630
929.138691	0.068059	0.026115	0.002529
928.322288	0.069096	0.026271	0.002412
927.513365	0.069325	0.026651	0.002263
926.675129	0.070623	0.027131	0.002550
925.849684	0.065624	0.027840	0.002880
925.007506	0.071004	0.028559	0.002820
924.176781	0.069997	0.028900	0.002721
923.368263	0.073315	0.030614	0.002220
922.568096	0.067879	0.031197	0.002911
921.819501	0.069224	0.031928	0.002713
921.147268	0.066625	0.033140	0.002474
920.436530	0.067483	0.034698	0.002815
919.728289	0.073881	0.035430	0.002664
919.017955	0.065719	0.037720	0.003144
918.246273	0.075255	0.039123	0.002687
917.524348	0.069291	0.041540	0.002730
916.786198	0.073050	0.043740	0.002517
916.044351	0.064165	0.047347	0.002422
915.324817	0.065844	0.050875	0.002503
914.579485	0.066271	0.054503	0.002555
913.840730	0.067506	0.058955	0.002485
913.144697	0.066911	0.063650	0.002820
912.414007	0.067044	0.068494	0.002539
911.701676	0.067228	0.072222	0.002399
910.975023	0.070585	0.073617	0.002618
910.228374	0.075303	0.072088	0.002693
909.439163	0.065983	0.066906	0.002807
908.701163	0.069099	0.058510	0.002716
907.932234	0.067036	0.048283	0.002730
907.222899	0.074047	0.037568	0.002856
906.451410	0.065653	0.026295	0.002683
905.741141	0.071039	0.017251	0.002513
905.002610	0.071035	0.011008	0.002669
904.270082	0.072114	0.010464	0.002752
903.560185	0.067261	0.013313	0.002808
902.796909	0.069584	0.015703	0.002772
902.020905	0.068421	0.016262	0.003076
901.282236	0.073479	0.015317	0.002530
900.525665	0.073395	0.014245	0.002581
899.795028	0.071760	0.012908	0.002500
899.061715	0.072274	0.011415	0.002459
898.342702	0.070292	0.010208	0.002595
897.658348	0.071113	0.009381	0.002649
896.951979	0.064908	0.008740	0.002686
896.252261	0.065905	0.008906	0.002347
895.506102	0.069253	0.008471	0.002924
894.766032	0.068516	0.008708	0.002834
894.059132	0.070858	0.008192	0.002727
893.312962	0.071418	0.008570	0.002947
892.598785	0.071021	0.008387	0.002513
891.837507	0.073017	0.008052	0.002461
891.097320	0.069760	0.008557	0.002229
890.354051	0.071670	0.007964	0.002512
889.634019	0.072135	0.008373	0.002457
888.888095	0.065368	0.008483	0.002333
888.137783	0.065325	0.008003	0.002432
887.365296	0.071991	0.008217	0.002275
886.608237	0.068008	0.008510	0.003099
885.870547	0.072958	0.008005	0.002932
885.124209	0.066823	0.008206	0.002439
884.405898	0.069824	0.008387	0.003231
883.643208	0.069311	0.007566	0.002668
882.943524	0.074224	0.007784	0.002309
882.199884	0.068257	0.008234	0.002365
881.481988	0.070050	0.008269	0.002424
880.734290	0.070010	0.007906	0.002202
880.002136	0.065857	0.007915	0.002369
879.256276	0.070089	0.007554	0.002660
878.556740	0.071815	0.007821	0.002484
877.797089	0.068867	0.007546	0.002675
877.053259	0.067914	0.007338	0.002560
876.346785	0.061198	0.007209	0.002480
875.618542	0.072119	0.007199	0.002847
874.865064	0.068701	0.007022	0.002601
874.166570	0.071957	0.007081	0.002883
873.428190	0.069257	0.007419	0.002549
872.745484	0.071633	0.007565	0.002857
872.020184	0.069987	0.007321	0.002402
871.258547	0.071075	0.007069	0.002444
870.535807	0.066506	0.007294	0.002933
869.830757	0.068400	0.007412	0.002480
869.095555	0.068326	0.007023	0.002806
868.375291	0.071253	0.007102	0.002530
867.647005	0.065371	0.007017	0.002705
866.924308	0.070969	0.007136	0.002569
866.175399	0.072326	0.007556	0.002481
865.355082	0.065406	0.007579	0.002921
864.574087	0.070358	0.007334	0.002730
863.841275	0.072054	0.007509	0.002605
863.133963	0.070158	0.007756	0.002644
862.367758	0.073630	0.007565	0.002809
861.599980	0.068919	0.007889	0.002733
860.828293	0.070903	0.008038	0.002392
860.017230	0.062978	0.008847	0.002760
859.243715	0.068762	0.009068	0.002916
858.503414	0.069309	0.009755	0.002507
857.768456	0.071508	0.010382	0.002411
857.050828	0.071795	0.010540	0.002364
856.293016	0.068665	0.010909	0.002697
855.562054	0.072461	0.011999	0.003044
854.804338	0.060345	0.012548	0.003004
854.005133	0.071512	0.013210	0.002161
853.315140	0.071865	0.013838	0.002722
852.539724	0.065901	0.014821	0.002273
851.771320	0.068125	0.016564	0.002846
850.955137	0.070672	0.017542	0.002851
850.139676	0.073911	0.019439	0.003025
849.345040	0.068648	0.021025	0.002479
848.542010	0.070569	0.022702	0.002739
847.814416	0.067460	0.024284	0.002553
847.095566	0.068104	0.026074	0.002363
846.371521	0.067109	0.026195	0.002686
845.564900	0.066720	0.024455	0.002500
844.710394	0.065982	0.021269	0.002494
843.876691	0.067748	0.015516	0.002413
843.080748	0.071866	0.008333	0.002412
842.283169	0.065749	0.011258	0.002533
841.453822	0.073970	0.022015	0.002796
840.623201	0.068882	0.033362	0.002811
839.863531	0.070732	0.042007	0.002450
839.066707	0.069985	0.047407	0.002741
838.232037	0.070094	0.049230	0.002407
837.478795	0.072582	0.047345	0.002603
836.743945	0.067148	0.043805	0.002778
836.005653	0.071929	0.039601	0.002913
835.165554	0.070675	0.034968	0.003133
834.307393	0.069759	0.030505	0.002302
833.446311	0.070549	0.026856	0.003011
832.728779	0.063929	0.024313	0.002571
831.994376	0.068396	0.022225	0.002317
831.170342	0.074116	0.020351	0.002596
830.286565	0.069885	0.019626	0.002696
829.448634	0.066428	0.019113	0.002427
828.635778	0.069190	0.019292	0.002483
827.874409	0.067864	0.018480	0.002699
827.112211	0.068737	0.018044	0.002384
826.302818	0.074055	0.018375	0.002700
825.488772	0.062379	0.018454	0.002487
824.686317	0.068337	0.017806	0.002475
823.862634	0.069112	0.017659	0.002714
823.088409	0.067826	0.017729	0.002385
822.364397	0.064805	0.017925	0.002931
821.638239	0.071304	0.017844	0.002172
820.816192	0.073787	0.017362	0.002643
820.012091	0.067533	0.017845	0.002737
819.230780	0.067898	0.018555	0.002743
818.535114	0.067956	0.017687	0.002872
817.797928	0.075078	0.017972	0.002642
817.056959	0.074184	0.017708	0.002428
816.363131	0.066761	0.018510	0.002733
815.636686	0.067903	0.017913	0.002752
814.865692	0.071303	0.018317	0.002267
814.126625	0.068077	0.018722	0.002545
813.349957	0.067244	0.018502	0.002358
812.605832	0.065965	0.019080	0.002898
811.813100	0.068412	0.018897	0.002590
811.123204	0.069475	0.019330	0.002323
810.337494	0.067902	0.019242	0.002826
809.556917	0.069041	0.020175	0.002215
808.826095	0.067699	0.019219	0.002405
808.104697	0.066730	0.019709	0.002418
807.344688	0.072795	0.019999	0.002810
806.638431	0.070448	0.020661	0.002633
805.962538	0.074049	0.020638	0.002514
805.232864	0.069503	0.021402	0.002945
804.490238	0.064820	0.021634	0.002600
803.775533	0.066269	0.022003	0.002644
803.032589	0.064873	0.022012	0.002749
802.339846	0.070847	0.022731	0.002890
801.632260	0.074102	0.022544	0.002321
800.894946	0.073021	0.022765	0.002832
800.120404	0.075364	0.023631	0.002473
799.411979	0.069100	0.024279	0.002305
798.682039	0.067477	0.024150	0.002745
797.926398	0.070300	0.024542	0.002558
797.204161	0.069921	0.025674	0.002793
796.443504	0.070366	0.026338	0.002490
795.758178	0.075379	0.026697	0.002741
795.043038	0.071516	0.027545	0.002633
794.278313	0.065389	0.028427	0.002853
793.477984	0.073646	0.029393	0.002625
792.775275	0.065853	0.030567	0.003010
792.020495	0.067083	0.031583	0.002786
791.282374	0.070272	0.032752	0.002251
790.529124	0.066957	0.033699	0.002511
789.806441	0.069321	0.035243	0.002410
789.068755	0.067664	0.037467	0.002428
788.347273	0.068630	0.038815	0.002474
787.558940	0.070336	0.041280	0.002455
786.836033	0.071472	0.043232	0.002467
786.147126	0.074201	0.046231	0.002558
785.430106	0.065930	0.049388	0.002779
784.664181	0.071428	0.053098	0.002406
783.931192	0.070853	0.057267	0.002411
783.212727	0.070323	0.061046	0.002924
782.480110	0.071714	0.066907	0.002601
781.730238	0.070527	0.071697	0.002582
780.988261	0.078262	0.075087	0.002168
780.247282	0.065125	0.077655	0.002336
779.531622	0.069488	0.076219	0.002382
778.831761	0.070278	0.070565	0.002844
778.087340	0.072075	0.060208	0.002875
777.386023	0.069118	0.047426	0.002763
776.628034	0.071954	0.032816	0.002720
775.904756	0.066478	0.017869	0.003000
775.197097	0.068745	0.007642	0.002534
774.454471	0.070515	0.013438	0.002788
773.732458	0.065968	0.021079	0.003079
772.980621	0.068798	0.024698	0.002756
772.242553	0.068099	0.025777	0.002584
771.497367	0.074615	0.023637	0.003045
770.743161	0.071484	0.020220	0.002782
770.036107	0.069897	0.017364	0.002701
769.345203	0.070508	0.013872	0.002576
768.595841	0.072098	0.011089	0.002756
767.842315	0.067443	0.009052	0.002437
767.129832	0.067912	0.007730	0.002922
766.351667	0.072672	0.007564	0.002762
765.602390	0.070329	0.007345	0.002777
764.857311	0.070435	0.007668	0.002876
764.141003	0.068583	0.007648	0.002899
763.408057	0.067938	0.007827	0.002477
762.647497	0.071969	0.007573	0.002714
761.903904	0.072160	0.007758	0.002805
761.193026	0.071637	0.007679	0.002473
760.451537	0.070427	0.007808	0.002469
759.730756	0.075189	0.007832	0.002640
758.987387	0.071592	0.007667	0.002621
758.244294	0.067856	0.006861	0.002704
757.503103	0.068953	0.007829	0.002481
756.744095	0.073268	0.007033	0.002457
756.001427	0.071954	0.007173	0.003008
755.284109	0.071201	0.006444	0.002744
754.574315	0.069731	0.006656	0.002723
753.830499	0.068229	0.006882	0.002581
753.131637	0.066097	0.006690	0.002612
752.426028	0.070715	0.006599	0.002627
751.704663	0.068694	0.006568	0.002359
750.953092	0.071336	0.006551	0.002430
750.181068	0.074435	0.006652	0.002396
749.435775	0.067486	0.006632	0.002726
748.742045	0.071845	0.006420	0.002752
748.045520	0.070984	0.006530	0.002823
747.368311	0.065940	0.006580	0.002449
746.629373	0.070555	0.006617	0.002665
745.920853	0.073672	0.006510	0.002585
745.202845	0.072239	0.006444	0.002825
744.444367	0.069253	0.006089	0.002267
743.727316	0.070735	0.006559	0.002649
742.987102	0.069360	0.006163	0.002429
742.253030	0.070037	0.006293	0.002838
741.554741	0.067226	0.006525	0.002388
740.798888	0.071230	0.006524	0.002852
740.083217	0.069381	0.005707	0.002796
739.346744	0.068881	0.006143	0.003009
738.586322	0.066609	0.006526	0.002501
737.853227	0.065559	0.006060	0.002545
737.127633	0.068989	0.006400	0.002801
736.394176	0.075683	0.006031	0.002202
735.648257	0.070964	0.006011	0.002538
734.920953	0.069775	0.006137	0.002569
734.205388	0.072686	0.006408	0.002857
733.439208	0.076188	0.006459	0.002468
732.705698	0.069103	0.006708	0.002408
731.994044	0.072586	0.006516	0.002332
731.244959	0.065612	0.006664	0.002688
730.565401	0.073948	0.006768	0.002804
729.864627	0.070031	0.006365	0.002722
729.123212	0.071716	0.006344	0.002534
728.408710	0.067994	0.006736	0.002348
727.657011	0.068030	0.006876	0.002558
726.941128	0.068039	0.006601	0.002472
726.182055	0.066220	0.006858	0.002619
725.437942	0.069753	0.006808	0.002459
724.706717	0.067972	0.007218	0.002783
723.985139	0.070950	0.007474	0.002780
723.243778	0.074512	0.007299	0.002598
722.532112	0.071709	0.007671	0.002495
721.829680	0.068475	0.007852	0.002623
721.105244	0.070131	0.008140	0.002237
720.412087	0.072363	0.007805	0.002657
719.666146	0.068852	0.008122	0.002579
718.966742	0.067495	0.008856	0.002410
718.189681	0.071114	0.009189	0.002908
717.492721	0.065884	0.009407	0.002931
716.823586	0.070021	0.009951	0.002248
716.068753	0.070978	0.010455	0.002667
715.339333	0.072982	0.011236	0.002905
714.606248	0.066337	0.011696	0.002956
713.856090	0.068376	0.012208	0.002647
713.149354	0.066088	0.013547	0.002517
712.431463	0.071900	0.013647	0.002863
711.675768	0.070552	0.014846	0.002498
710.942481	0.068863	0.015504	0.002571
710.224664	0.067343	0.015818	0.002693
709.504414	0.076371	0.015976	0.002250
708.807857	0.071246	0.014509	0.002218
708.080700	0.066762	0.011912	0.002597
707.399719	0.070407	0.009155	0.003047
706.654447	0.065003	0.009516	0.002782
705.936545	0.070197	0.014570	0.002664
705.232646	0.070353	0.021053	0.002420
704.527068	0.071828	0.028328	0.003032
703.796894	0.070703	0.032422	0.002476
703.048478	0.070958	0.035100	0.002820
702.304353	0.069730	0.034218	0.002754
701.554471	0.073503	0.032111	0.002720
700.783413	0.067108	0.028296	0.002544
700.021747	0.074349	0.024502	0.002381
699.290351	0.069964	0.020915	0.002485
698.603462	0.071231	0.018226	0.002925
697.857754	0.072401	0.016314	0.002599
697.122948	0.070453	0.015147	0.002687
696.382340	0.066934	0.014575	0.002460
695.626273	0.071144	0.013834	0.002598
694.876783	0.070023	0.014128	0.002743
694.099032	0.072404	0.014115	0.002585
693.312684	0.063689	0.014153	0.002556
692.571057	0.069461	0.014405	0.002832
691.825051	0.069395	0.014557	0.002139
691.125933	0.072056	0.014435	0.002737
690.423298	0.070690	0.014348	0.003034
689.699945	0.067664	0.014373	0.002707
688.964362	0.070804	0.014599	0.002707
688.239479	0.073706	0.014912	0.002625
687.502600	0.069301	0.013995	0.002590
686.771150	0.067308	0.014412	0.002449
686.022606	0.066786	0.014615	0.002625
685.252546	0.067718	0.015036	0.002710
684.509462	0.073378	0.015305	0.002902
683.811470	0.067724	0.015499	0.002593
683.099155	0.074638	0.015379	0.002370
682.346339	0.064866	0.015249	0.002800
681.682197	0.072420	0.015327	0.002641
680.984449	0.077397	0.015355	0.002215
680.304264	0.075061	0.015583	0.002721
679.562912	0.069330	0.015431	0.002361
678.865068	0.072975	0.015681	0.002703
678.112209	0.071381	0.015844	0.002531
677.427593	0.067142	0.016470	0.002775
676.703793	0.074397	0.016384	0.002545
675.910411	0.067206	0.015869	0.002413
675.191052	0.067770	0.016687	0.002801
674.445110	0.067651	0.016828	0.002856
673.695481	0.068822	0.016950	0.002314
672.957656	0.068896	0.016988	0.002378
672.229903	0.073888	0.016923	0.002702
671.483419	0.069700	0.016809	0.002630
670.780092	0.070184	0.017395	0.002847
670.010531	0.068702	0.017404	0.002565
669.289642	0.066991	0.017400	0.002438
668.591649	0.070459	0.017738	0.002795
667.832627	0.066283	0.018082	0.002728
667.124806	0.066966	0.018222	0.002522
666.408772	0.073125	0.017980	0.002670
665.672020	0.074607	0.018113	0.002573
664.945117	0.067353	0.018689	0.002294
664.255379	0.065534	0.018483	0.002463
663.506939	0.068258	0.019052	0.002742
662.711846	0.068079	0.019306	0.002909
661.948638	0.070820	0.019854	0.002624
661.204480	0.068546	0.019837	0.002655
660.457560	0.065728	0.020046	0.002591
659.768098	0.066765	0.020229	0.002459
659.020508	0.066884	0.020295	0.002384
658.302763	0.069763	0.020706	0.003119
657.582458	0.067553	0.020774	0.002523
656.895471	0.073297	0.021338	0.002528
656.187012	0.062158	0.021626	0.002514
655.473857	0.070133	0.021317	0.002492
654.726469	0.067973	0.022365	0.002509
654.042043	0.071740	0.022797	0.002530
653.306331	0.067338	0.023047	0.002860
652.576229	0.066230	0.023250	0.002871
651.858324	0.072171	0.024048	0.002474
651.102213	0.067388	0.024239	0.003032
650.338866	0.067627	0.024695	0.002443
649.620196	0.067339	0.025316	0.002598
648.869142	0.068444	0.025351	0.002642
648.164709	0.068972	0.026350	0.002794
647.449269	0.071642	0.027122	0.002333
646.673778	0.067110	0.027724	0.002571
645.952515	0.076128	0.028628	0.002921
645.230785	0.065211	0.029570	0.002897
644.491110	0.074930	0.030033	0.002490
643.782894	0.073850	0.031714	0.002361
643.061887	0.071921	0.032818	0.002509
642.304340	0.071801	0.034132	0.002557
641.561031	0.074033	0.035925	0.002805
640.826222	0.069353	0.038268	0.003115
640.087492	0.071630	0.040087	0.002871
639.364784	0.069607	0.042421	0.002715
638.660117	0.075045	0.044319	0.003071
637.962154	0.070175	0.044996	0.003125
637.244641	0.070442	0.044738	0.002785
636.540431	0.074314	0.042802	0.002812
635.798566	0.067342	0.038917	0.002927
635.063661	0.071637	0.033542	0.002958
635.678974	0.068923	0.036028	0.002694
636.403509	0.071206	0.041028	0.003047
637.174709	0.068506	0.044324	0.003055
637.881852	0.072646	0.044743	0.002701
638.635265	0.072342	0.044830	0.002148
639.344884	0.076083	0.043324	0.002980
640.043983	0.068697	0.041495	0.002827
640.831162	0.068427	0.038845	0.002579
641.571773	0.072085	0.036869	0.002722
642.300059	0.069956	0.034447	0.002870
643.057584	0.072110	0.033487	0.002570
643.753846	0.070687	0.032133	0.002350
644.532833	0.074421	0.030696	0.002167
645.326323	0.073633	0.029362	0.002817
646.042178	0.072739	0.028480	0.002940
646.747121	0.068904	0.027707	0.002541
647.505761	0.072707	0.027184	0.002758
648.264263	0.067443	0.026016	0.002497
649.022404	0.072953	0.025296	0.002530
649.723564	0.071253	0.025233	0.002959
650.491395	0.073491	0.024761	0.002547
651.225513	0.067830	0.024305	0.002763
652.032029	0.067948	0.023518	0.003034
652.761929	0.066125	0.023390	0.002340
653.503548	0.064241	0.022996	0.003062
654.238516	0.070632	0.022950	0.002702
655.017502	0.072736	0.022406	0.002727
655.790847	0.072936	0.022577	0.002600
656.624242	0.066064	0.021356	0.002870
657.395685	0.070770	0.020967	0.003123
658.162314	0.066291	0.020831	0.002657
658.877297	0.070617	0.020383	0.002751
659.590548	0.070210	0.020179	0.002374
660.322519	0.070491	0.020052	0.002429
661.041677	0.070767	0.019988	0.002693
661.803748	0.066186	0.019818	0.002466
662.546270	0.064290	0.018863	0.002622
663.287421	0.071398	0.019198	0.002524
663.988134	0.066243	0.018813	0.002504
664.714475	0.071447	0.018450	0.002775
665.458080	0.066929	0.017978	0.002927
666.138914	0.067637	0.018047	0.002626
666.867581	0.070118	0.018165	0.002512
667.617550	0.072176	0.017607	0.002504
668.345197	0.074199	0.018250	0.002595
669.094943	0.068556	0.017878	0.002494
669.917819	0.068269	0.017827	0.002555
670.607440	0.064449	0.017343	0.002387
671.327331	0.068673	0.016874	0.002416
672.057973	0.072555	0.017100	0.002457
672.830701	0.068532	0.017223	0.002835
673.543207	0.064072	0.016693	0.002646
674.260632	0.066840	0.016649	0.002939
675.011016	0.072365	0.016267	0.002515
675.778569	0.071801	0.016294	0.002997
676.532798	0.072392	0.016697	0.002440
677.232969	0.072806	0.015570	0.002606
678.000979	0.064665	0.016156	0.002346
678.740248	0.068977	0.016413	0.002673
679.498536	0.065114	0.015889	0.002707
680.217300	0.068194	0.015593	0.002631
680.928329	0.073511	0.015554	0.002619
681.654934	0.072881	0.015350	0.002605
682.367514	0.070149	0.015285	0.002297
683.099516	0.076671	0.014890	0.002611
683.781062	0.068794	0.015413	0.002690
684.518366	0.069735	0.014723	0.002646
685.239902	0.070275	0.014707	0.002780
685.949125	0.068529	0.014292	0.002390
686.700942	0.068609	0.014485	0.002406
687.416380	0.068108	0.014207	0.002834
688.143654	0.074374	0.014695	0.002750
688.863895	0.068926	0.014183	0.002739
689.580809	0.066752	0.014372	0.002934
690.345217	0.067847	0.014141	0.002953
691.093793	0.073073	0.014052	0.002796
691.809348	0.073448	0.014386	0.002755
692.539320	0.075985	0.014168	0.002615
693.285952	0.067597	0.014144	0.002668
693.986303	0.070182	0.014600	0.002662
694.739661	0.071205	0.014082	0.002956
695.479471	0.068951	0.013749	0.002531
696.263364	0.075520	0.013793	0.002776
697.002017	0.071625	0.014615	0.002642
697.742869	0.079272	0.015180	0.002661
698.444580	0.069955	0.016733	0.002299
699.181745	0.073773	0.018885	0.002624
699.892476	0.073465	0.022455	0.002689
700.604875	0.073960	0.025543	0.002476
701.367050	0.068782	0.029919	0.002849
702.115393	0.071289	0.033287	0.003112
702.885388	0.066222	0.035556	0.002627
703.613448	0.066322	0.034675	0.002610
704.309591	0.069433	0.031347	0.002804
705.046267	0.069412	0.026148	0.003064
705.758496	0.067069	0.019082	0.002852
706.467601	0.071348	0.012485	0.002544
707.184515	0.069335	0.008551	0.002798
707.915975	0.066209	0.009663	0.002463
708.632124	0.068480	0.013156	0.002543
709.353776	0.074192	0.014947	0.002702
710.117312	0.072523	0.015920	0.002271
710.835554	0.067982	0.016076	0.002529
711.562455	0.066911	0.014787	0.002980
712.286180	0.070176	0.014534	0.002929
713.034830	0.075243	0.013638	0.002906
713.744902	0.068130	0.012445	0.002617
714.486561	0.069068	0.012093	0.002849
715.203740	0.069765	0.011236	0.002669
715.970389	0.069888	0.010592	0.002617
716.718380	0.072451	0.010547	0.002659
717.408679	0.073878	0.010027	0.002871
718.110963	0.072094	0.009146	0.002558
718.813905	0.067227	0.008493	0.002733
719.557253	0.068354	0.008625	0.002882
720.278917	0.069306	0.008420	0.002767
721.005839	0.072288	0.008319	0.002728
721.710428	0.068742	0.007652	0.002862
722.450918	0.073050	0.007168	0.002433
723.157367	0.072586	0.007520	0.002685
723.874026	0.070223	0.007278	0.002942
724.585011	0.069829	0.007199	0.002419
725.276914	0.074666	0.007010	0.002555
726.000830	0.069655	0.006693	0.002444
726.698045	0.070674	0.007057	0.002572
727.415511	0.070895	0.006890	0.002722
728.186420	0.071171	0.006642	0.002577
728.927845	0.067390	0.007234	0.002757
729.691401	0.067551	0.006260	0.002436
730.394035	0.069659	0.006445	0.002555
731.121563	0.068275	0.005984	0.002531
731.864284	0.066116	0.006223	0.002717
732.555199	0.068046	0.006328	0.002648
733.324493	0.073543	0.006055	0.002667
734.032142	0.072713	0.006489	0.002956
734.762921	0.072938	0.006051	0.002431
735.514035	0.067771	0.005761	0.002339
736.235199	0.069724	0.006280	0.002414
736.955013	0.071848	0.006231	0.002374
737.671618	0.071805	0.006217	0.002596
738.397669	0.071549	0.006033	0.002533
739.142430	0.070048	0.006536	0.002391
739.878341	0.068226	0.006482	0.002670
740.566451	0.069035	0.006404	0.002435
741.325449	0.067599	0.006358	0.002383
742.031833	0.070134	0.006294	0.002901
742.746898	0.069494	0.006405	0.002745
743.446802	0.068815	0.006353	0.002714
744.171610	0.072543	0.006683	0.002640
744.905406	0.068739	0.006385	0.003260
745.683550	0.073278	0.005810	0.002744
746.424061	0.070479	0.006361	0.002605
747.112829	0.069379	0.006650	0.002683
747.812616	0.071312	0.006519	0.002598
748.546157	0.066470	0.006601	0.002360
749.269201	0.075667	0.006741	0.002423
750.034946	0.065425	0.006448	0.002462
750.728007	0.069257	0.006379	0.002418
751.421971	0.074699	0.007041	0.002585
752.156128	0.064647	0.006519	0.002889
752.891476	0.068588	0.006444	0.002497
753.618950	0.071827	0.006684	0.002411
754.320841	0.070453	0.006662	0.002524
755.098846	0.068241	0.007467	0.002631
755.864198	0.071798	0.007195	0.002793
756.631101	0.067146	0.007420	0.002455
757.433841	0.067319	0.007829	0.002516
758.224936	0.071829	0.007553	0.002889
758.955970	0.071582	0.007566	0.002670
759.702919	0.069989	0.007661	0.002685
760.457604	0.068598	0.007775	0.003024
761.248901	0.072015	0.008762	0.002494
761.995192	0.069102	0.007629	0.002431
762.721572	0.070978	0.007541	0.002959
763.444117	0.075685	0.007654	0.002643
764.162497	0.067616	0.007625	0.002412
764.884340	0.066242	0.007656	0.002301
765.579569	0.067716	0.007382	0.002601
766.302836	0.072081	0.006936	0.002757
767.047629	0.071386	0.007525	0.002868
767.727589	0.069696	0.008250	0.002301
768.451866	0.071856	0.009798	0.002797
769.166208	0.070350	0.011999	0.002516
769.980986	0.071402	0.015267	0.002792
770.723410	0.069080	0.018986	0.003003
771.488400	0.074583	0.022813	0.002593
772.205516	0.069405	0.024775	0.002842
772.960848	0.071752	0.025339	0.002879
773.726253	0.067106	0.023234	0.002648
774.525498	0.065969	0.016195	0.002823
775.333571	0.070388	0.007735	0.002656
776.034367	0.072631	0.014745	0.002669
776.736598	0.074204	0.028923	0.002893
777.457984	0.072465	0.042876	0.002861
778.154159	0.068853	0.056517	0.002445
778.939761	0.070757	0.069075	0.002538
779.672994	0.071153	0.075247	0.002435
780.357768	0.068793	0.077581	0.002592
781.098110	0.067538	0.077131	0.002406
781.802592	0.068523	0.073176	0.002835
782.539576	0.069238	0.069080	0.002574
783.297661	0.068437	0.063165	0.002797
783.990010	0.067497	0.059161	0.002697
784.715328	0.065800	0.054375	0.002552
785.475803	0.069132	0.051201	0.003081
786.256200	0.067039	0.047585	0.002507
786.962616	0.068463	0.044092	0.002606
787.737828	0.066622	0.042078	0.002442
788.455836	0.071858	0.039712	0.002760
789.191057	0.070747	0.037867	0.002786
789.941268	0.066581	0.036321	0.002608
790.631695	0.068753	0.034737	0.002588
791.421622	0.072075	0.033310	0.002744
792.184700	0.063990	0.031916	0.002688
792.882915	0.068578	0.031174	0.002575
793.586686	0.069480	0.029249	0.002798
794.313906	0.073024	0.028493	0.002389
795.009050	0.070434	0.028087	0.002554
795.712672	0.067515	0.027327	0.002972
796.399029	0.071198	0.026724	0.002673
797.135259	0.068319	0.025394	0.002819
797.868355	0.068073	0.025108	0.002201
798.599038	0.069784	0.024991	0.002973
799.309833	0.071054	0.024094	0.002461
