800.463381	0.046020	0.023759	0.002571
801.110788	0.048586	0.023280	0.002890
801.711988	0.049623	0.022687	0.002784
802.328594	0.048421	0.023121	0.002604
802.957929	0.048140	0.022238	0.002314
803.522038	0.048636	0.022627	0.002442
804.146528	0.047796	0.022339	0.002844
804.766066	0.046477	0.021645	0.002924
805.364090	0.047519	0.020821	0.002604
805.987942	0.047135	0.021171	0.002491
806.574650	0.047277	0.020342	0.002607
807.162793	0.047097	0.020407	0.002581
807.733723	0.046567	0.020301	0.002642
808.331588	0.050558	0.020289	0.002669
808.930504	0.049792	0.020221	0.002494
809.551891	0.047417	0.019165	0.002786
810.122854	0.050081	0.019773	0.002458
810.711506	0.048788	0.019177	0.002532
811.319305	0.047608	0.019059	0.002655
811.853229	0.047917	0.018795	0.002749
812.404026	0.050106	0.018703	0.002516
812.952549	0.048369	0.018765	0.002675
813.563843	0.047067	0.018655	0.002673
814.172906	0.048957	0.018937	0.002717
814.712749	0.047567	0.018555	0.002459
815.258765	0.048830	0.017795	0.002612
815.808797	0.048461	0.018191	0.002466
816.410826	0.048958	0.017951	0.002739
817.025711	0.048673	0.017864	0.002740
817.622917	0.050346	0.017683	0.002496
818.238312	0.046773	0.017755	0.002476
818.863387	0.047421	0.017635	0.002681
819.486453	0.046875	0.017061	0.002694
820.079101	0.046940	0.017915	0.002322
820.713493	0.047691	0.017492	0.002798
821.336358	0.049299	0.017295	0.002772
821.929048	0.047575	0.017450	0.002612
822.466968	0.051003	0.016868	0.002746
823.035243	0.049379	0.016753	0.002642
823.606110	0.048543	0.017023	0.002638
824.167511	0.048783	0.017403	0.002621
824.743584	0.046997	0.018411	0.002810
825.365939	0.047826	0.017759	0.002663
825.958640	0.049285	0.018320	0.002287
826.598377	0.047489	0.018221	0.002397
827.181898	0.048633	0.018360	0.002931
827.748973	0.046992	0.018036	0.002898
828.336277	0.048268	0.017921	0.002626
828.917949	0.046815	0.017864	0.002724
829.499176	0.046830	0.018871	0.002678
830.109907	0.047435	0.018976	0.002630
830.698253	0.052030	0.019227	0.002673
831.318504	0.047348	0.019305	0.002598
831.903502	0.051273	0.021037	0.002430
832.527621	0.048439	0.022703	0.002669
833.144632	0.047382	0.024426	0.002736
833.741179	0.048751	0.026567	0.002452
834.329780	0.046154	0.029649	0.002636
834.934211	0.047538	0.032073	0.002709
835.537728	0.046267	0.036421	0.002803
836.123439	0.048095	0.039271	0.002545
836.694901	0.048730	0.043598	0.002722
837.283799	0.048218	0.046611	0.002592
837.872155	0.046464	0.048303	0.002761
838.487350	0.047262	0.050276	0.002851
839.088562	0.046034	0.049241	0.002670
839.692685	0.047223	0.046539	0.002727
840.330542	0.047181	0.040543	0.002649
840.902525	0.048136	0.033707	0.002299
841.496714	0.048557	0.025542	0.002463
842.098660	0.046546	0.016245	0.002681
842.739173	0.050080	0.007713	0.002594
843.326913	0.048274	0.007172	0.002670
843.923004	0.044263	0.011514	0.002626
844.514240	0.047399	0.017329	0.002535
845.120276	0.048075	0.021251	0.002744
845.708706	0.051413	0.023364	0.002811
846.311566	0.049227	0.024687	0.002562
846.935855	0.047058	0.025447	0.002581
847.528387	0.046264	0.025045	0.002413
848.116605	0.045851	0.024577	0.002556
848.765108	0.045937	0.022258	0.002279
849.444445	0.048522	0.020758	0.002564
850.035713	0.048008	0.018935	0.002490
850.646434	0.048056	0.017512	0.002490
851.269778	0.047610	0.016132	0.002882
851.897351	0.047381	0.015487	0.002705
852.509475	0.048932	0.014293	0.002805
853.098034	0.049306	0.013176	0.002613
853.692882	0.046996	0.012178	0.002661
854.275863	0.045679	0.011344	0.002899
854.846349	0.047910	0.010775	0.002625
855.454829	0.048328	0.009979	0.002475
856.042495	0.048662	0.009996	0.002779
856.645716	0.047814	0.009111	0.002644
857.243253	0.045882	0.009221	0.002872
857.881971	0.048565	0.008764	0.002844
858.486765	0.048398	0.007935	0.002596
859.049197	0.048208	0.007251	0.002741
859.626249	0.047784	0.007018	0.002523
860.231989	0.045208	0.007495	0.002435
860.871546	0.047081	0.006087	0.002957
861.475076	0.047346	0.006086	0.002751
862.055475	0.048655	0.006064	0.002611
862.667950	0.049354	0.005634	0.002469
863.275475	0.048382	0.005160	0.002510
863.845090	0.046249	0.005622	0.002744
864.471197	0.045650	0.005566	0.002616
865.053317	0.048363	0.004981	0.002482
865.640325	0.046902	0.004953	0.002700
866.235451	0.050796	0.005046	0.002588
866.814416	0.047644	0.004562	0.002812
867.393338	0.047007	0.004478	0.002626
867.992990	0.047736	0.004241	0.002544
868.621637	0.046285	0.004680	0.002586
869.221777	0.048622	0.004856	0.002778
869.821121	0.045657	0.004445	0.002660
870.425819	0.049268	0.004364	0.002656
871.067396	0.049638	0.004331	0.002722
871.648391	0.045950	0.004313	0.002663
872.255246	0.049441	0.004062	0.002412
872.852614	0.049069	0.004286	0.002778
873.436222	0.046839	0.004263	0.002658
874.035556	0.046438	0.004217	0.002652
874.651049	0.045749	0.003816	0.002606
875.234307	0.047447	0.004408	0.003147
875.807641	0.048399	0.004343	0.002627
876.383643	0.049067	0.004274	0.002569
876.964361	0.049201	0.004022	0.002307
877.580641	0.046646	0.004520	0.002516
878.173324	0.046213	0.004861	0.002508
878.748348	0.046941	0.004563	0.002719
879.349126	0.049336	0.004303	0.002930
879.965013	0.047202	0.004548	0.002629
880.533439	0.047283	0.005247	0.002662
881.114307	0.050154	0.004491	0.002770
881.713715	0.047424	0.005257	0.002624
882.296463	0.046983	0.004805	0.002584
882.849962	0.046356	0.004750	0.002680
883.403758	0.046803	0.004794	0.002634
883.994847	0.049199	0.004823	0.002512
884.624758	0.047444	0.004790	0.002534
885.208644	0.050392	0.004666	0.002516
885.834380	0.046223	0.004656	0.002680
886.438198	0.048980	0.004563	0.002644
887.077598	0.046417	0.005159	0.002723
887.688428	0.046573	0.004626	0.002397
888.264271	0.047939	0.004134	0.002607
888.886693	0.045462	0.004834	0.002816
889.557670	0.046213	0.004934	0.002384
890.174269	0.046717	0.004453	0.002629
890.758962	0.045953	0.004857	0.002683
891.363184	0.048887	0.004398	0.002533
891.986063	0.047659	0.004973	0.002536
892.590487	0.050544	0.004711	0.002571
893.169559	0.046908	0.004677	0.002516
893.746624	0.050652	0.004982	0.002703
894.327982	0.049262	0.004895	0.002651
894.919294	0.047319	0.004577	0.002503
895.532717	0.045944	0.005078	0.002660
896.111875	0.048697	0.005431	0.002685
896.716182	0.047362	0.005342	0.002623
897.319023	0.048962	0.005387	0.002685
897.918942	0.050225	0.006509	0.002790
898.440323	0.047651	0.006466	0.002727
899.001440	0.048441	0.007211	0.002699
899.578580	0.046939	0.007965	0.002414
900.185331	0.048952	0.009343	0.002831
900.754640	0.050557	0.010630	0.002565
901.383948	0.048714	0.011991	0.002652
901.975399	0.047303	0.012776	0.002383
902.552316	0.047964	0.013128	0.002483
903.167875	0.048066	0.012164	0.002893
903.752516	0.046908	0.010406	0.002497
904.348663	0.050031	0.007864	0.002450
904.942506	0.048877	0.005654	0.002761
905.555324	0.048159	0.007799	0.002576
906.145660	0.049275	0.014194	0.002426
906.739173	0.047635	0.022134	0.002753
907.330253	0.046064	0.030898	0.002826
907.905703	0.047569	0.040191	0.002726
908.511233	0.046936	0.049678	0.002909
909.130416	0.048201	0.058052	0.002771
909.730431	0.047066	0.066124	0.002721
910.300687	0.046829	0.069987	0.002609
910.929220	0.046924	0.072247	0.002567
911.507571	0.049369	0.072278	0.002513
912.069008	0.047343	0.069890	0.002591
912.678682	0.048110	0.066905	0.002737
913.277912	0.048886	0.063231	0.002495
913.868099	0.046703	0.059077	0.002647
914.429579	0.047942	0.055029	0.002672
915.032145	0.049570	0.051466	0.002831
915.589194	0.048595	0.048148	0.002475
916.161309	0.049086	0.045062	0.002862
916.748523	0.048502	0.043453	0.002629
917.380116	0.048564	0.039996	0.002601
917.990767	0.050331	0.037745	0.002640
918.616103	0.048586	0.035950	0.002465
919.209064	0.048769	0.034362	0.002526
919.773753	0.045765	0.032956	0.002571
920.383204	0.046932	0.031845	0.002828
920.996491	0.048053	0.030142	0.002395
921.598175	0.046685	0.029425	0.002770
922.171364	0.048317	0.028461	0.002756
922.721200	0.046342	0.027013	0.002222
923.261335	0.048687	0.027012	0.002570
923.812562	0.045894	0.026155	0.002472
924.407702	0.046673	0.025562	0.002425
924.991590	0.050773	0.024892	0.002687
925.617340	0.046453	0.024433	0.002826
926.230160	0.048682	0.023431	0.002317
926.812752	0.048144	0.023732	0.002597
927.394941	0.049343	0.023016	0.002639
928.008770	0.046725	0.022679	0.002667
928.604824	0.048201	0.022188	0.002782
929.187714	0.048684	0.022288	0.002655
929.797208	0.048020	0.021598	0.002836
930.459838	0.048202	0.021543	0.002565
931.065943	0.045612	0.021470	0.002425
931.662571	0.046064	0.021121	0.002475
932.254535	0.047882	0.021255	0.002766
932.827267	0.047799	0.021262	0.002587
933.397206	0.049104	0.020776	0.002784
933.955680	0.049887	0.020716	0.002614
934.492480	0.048174	0.020491	0.002745
935.046173	0.049219	0.020586	0.002901
935.593906	0.051237	0.020663	0.002750
936.163196	0.048469	0.020737	0.002621
936.732593	0.049523	0.020848	0.002547
937.297167	0.048278	0.020980	0.002567
937.855365	0.049172	0.020939	0.002654
938.390507	0.048940	0.020778	0.002742
938.954550	0.045269	0.020971	0.002297
939.512259	0.048966	0.021795	0.002713
940.121149	0.049441	0.021732	0.002701
940.724132	0.047572	0.022730	0.002764
941.297237	0.050143	0.022537	0.002658
941.885876	0.049741	0.023416	0.002694
942.500897	0.047499	0.023817	0.002621
943.068870	0.048328	0.024172	0.002743
943.642454	0.048918	0.025005	0.002558
944.212000	0.046319	0.025682	0.002645
944.783640	0.050206	0.026402	0.002671
945.393327	0.049100	0.027622	0.002738
945.965965	0.049249	0.029335	0.002869
946.556315	0.049144	0.030296	0.002532
947.138994	0.046310	0.031784	0.002640
947.686207	0.046777	0.032517	0.002522
948.232762	0.049055	0.035375	0.002601
948.776532	0.049016	0.037358	0.002440
949.367988	0.049315	0.038917	0.002836
949.913469	0.047612	0.041647	0.002695
950.523454	0.049036	0.043308	0.002780
951.124759	0.050204	0.045848	0.002817
951.748854	0.046705	0.046613	0.002754
952.311240	0.050000	0.046247	0.002739
952.890402	0.047626	0.043883	0.002773
953.439815	0.047640	0.040229	0.002970
953.990939	0.048262	0.034918	0.002552
954.566510	0.049196	0.028744	0.002439
955.133965	0.048090	0.021872	0.002607
955.702843	0.048438	0.015313	0.002733
956.264134	0.046402	0.009590	0.002702
956.824523	0.047607	0.006217	0.002473
957.391478	0.045957	0.006579	0.002764
957.936004	0.045877	0.009004	0.002556
958.524421	0.048495	0.013415	0.002675
959.104977	0.050703	0.016433	0.002951
959.701055	0.049464	0.019474	0.002762
960.307673	0.047740	0.021096	0.002674
960.936539	0.044113	0.021184	0.002737
961.498703	0.046092	0.020535	0.002528
962.088056	0.048054	0.019614	0.002690
962.702791	0.046983	0.017993	0.002610
963.229617	0.048267	0.016897	0.002802
963.802225	0.049235	0.015461	0.002606
964.359267	0.046310	0.014089	0.002912
964.955293	0.048017	0.013197	0.002593
964.606307	0.046481	0.013040	0.002413
964.037534	0.049112	0.013730	0.002663
963.492700	0.046358	0.015324	0.002619
962.920251	0.051443	0.016779	0.002444
962.363251	0.048185	0.017956	0.002650
961.826619	0.049459	0.019437	0.002689
961.276228	0.048748	0.020229	0.002670
960.713703	0.048401	0.021213	0.002635
960.142551	0.047719	0.021050	0.002878
959.553793	0.049863	0.019820	0.002589
958.977722	0.047476	0.017415	0.002904
958.418130	0.048820	0.014580	0.002863
957.827184	0.048956	0.010908	0.002551
957.220428	0.047916	0.007102	0.002310
956.639406	0.046202	0.005651	0.002361
956.043020	0.046213	0.008573	0.002592
955.421240	0.049133	0.014557	0.002237
954.836978	0.048172	0.022033	0.002680
954.243790	0.049920	0.029285	0.002521
953.672809	0.048045	0.035291	0.003022
953.054525	0.052429	0.041024	0.002919
952.450203	0.048359	0.044702	0.002752
951.913487	0.047330	0.046012	0.002538
951.346245	0.049698	0.046117	0.002721
950.750083	0.046387	0.044822	0.002768
950.151265	0.049493	0.043923	0.002521
949.560011	0.050638	0.040698	0.002546
948.976450	0.047070	0.038945	0.002668
948.395142	0.048297	0.036738	0.002635
947.859170	0.045780	0.034639	0.002572
947.278350	0.051834	0.032284	0.002511
946.730861	0.049557	0.031477	0.002654
946.169336	0.048093	0.029508	0.002701
945.593765	0.048139	0.028873	0.002708
945.018588	0.043704	0.027554	0.002836
944.457530	0.048116	0.026688	0.002778
943.905791	0.048960	0.025130	0.002609
943.336564	0.047621	0.024946	0.002652
942.757317	0.046813	0.023987	0.002812
942.134169	0.047021	0.023720	0.002738
941.525842	0.046826	0.022367	0.002623
940.947243	0.048199	0.022120	0.002826
940.384168	0.047044	0.022157	0.002713
939.776500	0.047250	0.021689	0.002701
939.179956	0.047584	0.021899	0.002771
938.533635	0.048840	0.021324	0.002438
937.971027	0.048993	0.020990	0.002561
937.379573	0.047974	0.021152	0.002416
936.815520	0.048008	0.020316	0.002488
936.213792	0.048847	0.020233	0.002602
935.647636	0.047948	0.020535	0.002767
935.038300	0.046163	0.020546	0.002452
934.398939	0.046515	0.020633	0.002426
933.815294	0.049816	0.020580	0.002575
933.224403	0.046758	0.020568	0.002593
932.628806	0.049072	0.020673	0.002631
932.065476	0.049778	0.020609	0.002530
931.504611	0.046348	0.020989	0.002430
930.887265	0.049343	0.021105	0.002517
930.249721	0.046784	0.021305	0.002663
929.592393	0.049359	0.021136	0.002418
928.924685	0.047143	0.022038	0.002313
928.328695	0.046358	0.022614	0.002668
927.697940	0.046773	0.022553	0.002602
927.079531	0.045976	0.022816	0.002919
926.454312	0.046604	0.023419	0.002676
925.882122	0.047534	0.023704	0.002604
925.288831	0.047798	0.024063	0.002700
924.661189	0.046147	0.024721	0.002623
924.040560	0.045757	0.025947	0.002613
923.422620	0.048362	0.026345	0.002473
922.824452	0.049078	0.027326	0.002714
922.212854	0.048546	0.028148	0.002632
921.628605	0.048958	0.028507	0.002610
921.026421	0.045063	0.029865	0.002589
920.461838	0.049894	0.030756	0.002528
919.877037	0.047022	0.031817	0.002962
919.304719	0.049757	0.032914	0.002678
918.725220	0.046958	0.035073	0.002650
918.140195	0.048533	0.036653	0.002515
917.534293	0.047114	0.038208	0.002744
916.945592	0.047550	0.040211	0.002473
916.370863	0.049635	0.043060	0.002442
915.782555	0.050194	0.045664	0.002470
915.179288	0.046397	0.049081	0.002784
914.571888	0.046570	0.052054	0.002985
913.990030	0.048207	0.055974	0.002598
913.406387	0.048769	0.060366	0.002544
912.812013	0.045765	0.064588	0.002894
912.211519	0.046350	0.068465	0.002637
911.609006	0.049129	0.071671	0.002834
910.999896	0.048294	0.071883	0.002596
910.409081	0.048498	0.071415	0.002782
909.852288	0.046504	0.069054	0.002741
909.269782	0.047425	0.064372	0.002660
908.722582	0.046959	0.056762	0.002604
908.151562	0.045214	0.048895	0.002572
907.576440	0.047981	0.040083	0.002790
906.981004	0.049881	0.030852	0.002683
906.368462	0.048303	0.021120	0.002528
905.786212	0.047334	0.013386	0.002648
905.202867	0.047545	0.007791	0.002722
904.591844	0.048681	0.006175	0.002916
904.026710	0.048314	0.007850	0.002522
903.450282	0.047450	0.010541	0.002734
902.865323	0.048279	0.012166	0.002793
902.259018	0.047644	0.013254	0.003028
901.660862	0.050440	0.013271	0.002711
901.059785	0.047140	0.011576	0.002715
900.486310	0.047515	0.011145	0.002383
899.876754	0.048902	0.009187	0.002430
899.294494	0.047712	0.008129	0.002553
898.707728	0.048934	0.007189	0.002835
898.129760	0.048659	0.006329	0.002601
897.573456	0.046952	0.005931	0.002463
896.987327	0.048181	0.005488	0.002729
896.393422	0.048748	0.005357	0.002543
895.806625	0.047666	0.005002	0.002682
895.208778	0.047127	0.004595	0.002810
894.609071	0.047167	0.004893	0.002576
893.977735	0.047938	0.004679	0.002970
893.382268	0.047167	0.004663	0.002555
892.782987	0.048665	0.004677	0.003049
892.198910	0.046219	0.005267	0.002776
891.606800	0.048840	0.004937	0.002757
890.998647	0.048859	0.004806	0.002405
890.355985	0.046214	0.004386	0.002722
889.706417	0.046534	0.005217	0.002367
889.100155	0.046966	0.004532	0.002347
888.519723	0.049973	0.004917	0.002802
887.921727	0.047434	0.004407	0.002784
887.314818	0.044575	0.004450	0.002550
886.644574	0.047327	0.005173	0.002903
886.032065	0.046855	0.004631	0.002390
885.450443	0.047659	0.004637	0.002677
884.850865	0.047629	0.004607	0.002610
884.238356	0.046542	0.004906	0.002616
883.613788	0.048467	0.004800	0.002671
883.050398	0.048955	0.004924	0.002753
882.447654	0.045866	0.004881	0.002427
881.858531	0.045195	0.004679	0.002514
881.255914	0.049839	0.004438	0.002789
880.681782	0.047329	0.004490	0.002498
880.088728	0.047229	0.004719	0.002542
879.512121	0.051214	0.004965	0.002896
878.859355	0.049630	0.004160	0.002536
878.276087	0.049409	0.004658	0.002593
877.688270	0.049605	0.004430	0.002351
877.094983	0.048683	0.003986	0.002528
876.518471	0.046755	0.004502	0.002914
875.983822	0.048193	0.004097	0.002470
875.392436	0.047651	0.004145	0.002504
874.764713	0.047267	0.004141	0.002776
874.171436	0.048379	0.004322	0.002632
873.540823	0.048957	0.004069	0.002662
872.941745	0.048391	0.004327	0.002553
872.360007	0.045282	0.004300	0.002658
871.754022	0.050076	0.004175	0.002512
871.153340	0.046344	0.004305	0.002509
870.557471	0.047173	0.004369	0.002497
869.978952	0.049033	0.004276	0.002627
869.370683	0.048041	0.004338	0.002461
868.814614	0.048279	0.004377	0.002558
868.216620	0.046048	0.004474	0.002626
867.622515	0.049042	0.004511	0.002609
867.030630	0.048858	0.004899	0.002456
866.455373	0.048791	0.004453	0.002628
865.860003	0.048846	0.004958	0.002629
865.278499	0.046945	0.005069	0.002586
864.704995	0.046494	0.005004	0.002287
864.129557	0.048993	0.005201	0.002556
863.530373	0.047581	0.005016	0.002609
862.934122	0.046511	0.004941	0.002801
862.316929	0.048973	0.005985	0.002496
861.729836	0.046886	0.005847	0.002432
861.091182	0.046659	0.006189	0.002850
860.498755	0.049411	0.006023	0.002369
859.908656	0.047688	0.006548	0.002555
859.320277	0.049427	0.007315	0.002639
858.707377	0.046558	0.007967	0.002497
858.104815	0.046056	0.007689	0.002387
857.514439	0.048065	0.008523	0.002602
856.898118	0.049269	0.008878	0.002630
856.306574	0.048729	0.009256	0.002483
855.683856	0.048059	0.009470	0.002641
855.078394	0.046251	0.010153	0.002491
854.472506	0.046351	0.010936	0.002592
853.881716	0.045916	0.011843	0.002797
853.291723	0.045319	0.012846	0.002858
852.670833	0.046730	0.013574	0.002854
852.085834	0.047887	0.014380	0.002817
851.532741	0.048294	0.015592	0.002491
850.944703	0.048283	0.016538	0.002375
850.361223	0.048077	0.017211	0.002928
849.774503	0.050725	0.018877	0.002551
849.154006	0.048697	0.020582	0.002524
848.537558	0.049987	0.022021	0.002350
847.891254	0.048350	0.023726	0.002630
847.314224	0.046181	0.024731	0.002736
846.720650	0.049678	0.026119	0.002478
846.149889	0.047310	0.025562	0.002670
845.549282	0.048527	0.024958	0.003064
844.959969	0.047583	0.021931	0.002518
844.342756	0.047381	0.018393	0.002613
843.744508	0.047413	0.013001	0.002496
843.164482	0.050201	0.007750	0.002498
842.559763	0.046337	0.006972	0.002822
841.965744	0.050592	0.014065	0.002654
841.385452	0.047540	0.022460	0.002433
840.783326	0.046675	0.031302	0.002463
840.174709	0.045833	0.039046	0.002614
839.576291	0.049332	0.044857	0.002755
838.954169	0.048188	0.048694	0.002418
838.362668	0.046393	0.049778	0.002543
837.794733	0.046008	0.049144	0.002372
837.197027	0.050558	0.047252	0.002407
836.619986	0.048088	0.044560	0.002802
836.013175	0.047288	0.040537	0.002721
835.414651	0.048408	0.036989	0.002492
834.825998	0.049058	0.033759	0.002963
834.234964	0.047158	0.030358	0.002442
833.615404	0.047865	0.026532	0.002807
833.029619	0.049050	0.024978	0.002371
832.422245	0.047958	0.022684	0.002774
831.810451	0.047178	0.021040	0.002568
831.213670	0.047940	0.020564	0.002421
830.615252	0.048520	0.019345	0.002662
830.000972	0.048518	0.019337	0.002509
829.378277	0.048920	0.019391	0.003039
828.807771	0.046967	0.018123	0.002526
828.221179	0.049392	0.018183	0.002869
827.598059	0.049689	0.018038	0.003053
826.985118	0.046097	0.018125	0.002600
826.299535	0.048973	0.018280	0.002620
825.712911	0.050696	0.018148	0.002249
825.124046	0.048770	0.017319	0.002505
824.539217	0.046968	0.017464	0.002594
823.938463	0.047910	0.017532	0.002294
823.306206	0.047211	0.017596	0.002629
822.700585	0.047014	0.017239	0.002636
822.123162	0.049118	0.017343	0.002424
821.558914	0.047192	0.017040	0.002471
820.940565	0.045867	0.017236	0.002689
820.358053	0.047168	0.017104	0.002508
819.752465	0.047652	0.017330	0.002610
819.131364	0.051444	0.017675	0.002553
818.571557	0.047980	0.017199	0.002558
818.018911	0.047809	0.017596	0.002392
817.424659	0.048246	0.018525	0.002675
816.869591	0.047762	0.017304	0.002633
816.268635	0.050480	0.018156	0.002424
815.698777	0.048529	0.018134	0.002474
815.091595	0.048556	0.017690	0.002776
814.496876	0.047713	0.018194	0.002597
813.912930	0.047379	0.018827	0.002748
813.286400	0.048534	0.018731	0.002948
812.657150	0.046447	0.018955	0.002333
812.070271	0.047493	0.018553	0.002368
811.525871	0.048233	0.018827	0.002811
810.912537	0.048545	0.018670	0.002762
810.308638	0.049048	0.019353	0.002528
809.669422	0.047976	0.019449	0.002502
809.076339	0.047532	0.020099	0.002636
808.500096	0.049132	0.019531	0.002609
807.902561	0.046794	0.020208	0.002597
807.287400	0.047146	0.020318	0.002512
806.695889	0.046918	0.020335	0.002798
806.107778	0.048734	0.020372	0.002690
805.490917	0.049776	0.021519	0.002480
804.889791	0.048637	0.021160	0.002811
804.314260	0.049373	0.021649	0.002497
803.722920	0.047161	0.022121	0.002483
803.107674	0.047570	0.021994	0.002394
802.513581	0.048677	0.022259	0.002471
801.934427	0.047682	0.023205	0.002808
801.335426	0.050133	0.023226	0.003004
800.710926	0.047839	0.023662	0.002609
800.114486	0.047543	0.023680	0.002671
799.550153	0.048940	0.024469	0.002856
798.963775	0.045544	0.024918	0.002756
798.364444	0.049257	0.025129	0.002849
797.774443	0.050619	0.025650	0.003039
797.193291	0.047844	0.026122	0.002745
796.595969	0.048116	0.026880	0.002384
796.013989	0.047766	0.027276	0.002552
795.391327	0.047677	0.028091	0.002604
794.693835	0.047143	0.028494	0.002507
794.008710	0.048469	0.029449	0.002706
793.399446	0.050782	0.030766	0.002431
792.750477	0.046100	0.031767	0.002664
792.143986	0.048760	0.032557	0.002405
791.558957	0.047214	0.033525	0.002680
790.928613	0.048427	0.034594	0.002540
790.327923	0.047526	0.036179	0.002404
789.653901	0.050506	0.037298	0.002555
789.003201	0.048061	0.039165	0.002620
788.340643	0.049717	0.041034	0.002807
787.747932	0.049642	0.043090	0.002412
787.069915	0.046613	0.045756	0.002301
786.345426	0.047490	0.047590	0.002735
785.685387	0.048976	0.051198	0.002303
785.011216	0.048746	0.054327	0.002574
784.277366	0.048723	0.058865	0.002811
783.601549	0.046385	0.062492	0.002330
783.007701	0.047230	0.067442	0.002673
782.416011	0.049265	0.071381	0.003167
781.817913	0.048121	0.074853	0.002704
781.146133	0.046681	0.079423	0.002498
780.456993	0.048659	0.082486	0.002631
779.766619	0.048228	0.081508	0.002645
779.086871	0.046627	0.077906	0.002638
778.418109	0.049005	0.070278	0.002796
777.821754	0.048771	0.059386	0.002621
777.223178	0.046613	0.047102	0.002543
776.500910	0.048470	0.031467	0.002623
775.810791	0.047400	0.016297	0.002576
775.090042	0.046701	0.008296	0.002647
774.379397	0.047896	0.015899	0.002491
773.655811	0.047140	0.023737	0.002400
772.998874	0.047514	0.027639	0.002513
772.378645	0.046758	0.028544	0.002655
771.783714	0.050502	0.027639	0.002576
771.194180	0.047070	0.024857	0.002757
770.564644	0.046404	0.021930	0.002630
769.832272	0.048853	0.018549	0.002385
769.172317	0.048965	0.015294	0.002728
768.540253	0.050839	0.012725	0.002843
767.923594	0.048314	0.011303	0.002747
767.349838	0.047933	0.009144	0.002541
766.700848	0.047444	0.009113	0.002699
765.935327	0.048508	0.008656	0.002441
765.193572	0.047706	0.008537	0.002608
764.498206	0.045774	0.008910	0.002171
763.824036	0.048317	0.009350	0.002726
763.180029	0.049326	0.009437	0.002722
762.613678	0.050565	0.009647	0.002545
762.010290	0.045590	0.009515	0.002643
761.334090	0.048145	0.009347	0.002643
760.621724	0.047049	0.009156	0.002675
759.923032	0.047083	0.009042	0.002845
759.220430	0.048134	0.008998	0.002856
758.478676	0.047124	0.008773	0.002692
757.743519	0.048069	0.009119	0.002590
757.152094	0.048386	0.008812	0.002642
756.542437	0.045971	0.008375	0.002554
755.809406	0.049079	0.008884	0.002562
755.132516	0.049316	0.008340	0.002289
754.429457	0.049606	0.008492	0.002634
753.786492	0.049388	0.008564	0.002708
753.143207	0.048175	0.008783	0.002544
752.553759	0.048074	0.008430	0.002526
751.947980	0.048803	0.008757	0.002863
751.307628	0.049115	0.008529	0.002581
750.587654	0.049275	0.008261	0.002850
749.884340	0.045894	0.008687	0.002812
749.204635	0.048678	0.008664	0.002681
748.627022	0.046307	0.008143	0.002451
748.038529	0.046274	0.008248	0.002394
747.436140	0.048730	0.008552	0.002608
746.839838	0.048955	0.008345	0.002636
746.254171	0.049430	0.008186	0.002535
745.646597	0.048451	0.008337	0.002524
745.052367	0.046426	0.008377	0.002755
744.406044	0.047501	0.008239	0.002471
743.792466	0.046300	0.008720	0.002613
743.228719	0.046929	0.008610	0.002582
742.656110	0.049303	0.008493	0.002433
742.050522	0.047532	0.008456	0.002387
741.459246	0.050626	0.008350	0.002321
740.882451	0.052155	0.008391	0.002607
740.281985	0.048033	0.008548	0.002579
739.681497	0.047532	0.008343	0.002716
739.082401	0.047265	0.008338	0.002538
738.455574	0.047805	0.008519	0.002741
737.853801	0.043303	0.007885	0.002521
737.254216	0.050515	0.008715	0.002580
736.656320	0.049667	0.008713	0.002475
736.007160	0.048075	0.008540	0.002404
735.440342	0.049487	0.008663	0.002760
734.850309	0.048167	0.008706	0.002442
734.289940	0.049311	0.008475	0.002672
733.708863	0.048454	0.009107	0.002778
733.110490	0.047852	0.008786	0.002260
732.530773	0.047653	0.008999	0.002514
731.927236	0.048362	0.008613	0.002849
731.348114	0.049556	0.008826	0.002522
730.730966	0.044619	0.008861	0.002422
730.137119	0.047370	0.009222	0.002713
729.574625	0.047193	0.009194	0.002443
728.962853	0.048634	0.009191	0.002665
728.368113	0.049170	0.009245	0.002809
727.748777	0.048748	0.009352	0.002683
727.171663	0.048385	0.009221	0.002437
726.600159	0.049584	0.009768	0.002622
726.022217	0.049888	0.009780	0.002971
725.404071	0.048768	0.009820	0.002850
724.805835	0.047525	0.010403	0.002504
724.243256	0.049016	0.010399	0.002621
723.633471	0.048949	0.010042	0.002561
723.061617	0.048995	0.010114	0.002466
722.460364	0.046140	0.010611	0.002548
721.879521	0.048896	0.010900	0.002640
721.310662	0.047325	0.010555	0.002183
720.752726	0.050771	0.011113	0.002495
720.144503	0.047623	0.010816	0.002514
719.564255	0.049802	0.011971	0.002482
718.965924	0.049509	0.012439	0.002618
718.338736	0.048907	0.011957	0.002817
717.766318	0.048431	0.012470	0.002274
717.177528	0.050878	0.013003	0.002447
716.589948	0.048056	0.014090	0.002695
716.005132	0.048772	0.013899	0.002740
715.409201	0.048791	0.014966	0.002826
714.859999	0.050122	0.014869	0.002409
714.253762	0.048063	0.015431	0.002714
713.656685	0.046264	0.016281	0.002613
713.085638	0.046906	0.017100	0.002420
712.535085	0.047977	0.018114	0.002390
711.959661	0.047998	0.018243	0.002783
711.373930	0.049809	0.019013	0.002373
710.753297	0.049194	0.019870	0.002637
710.154860	0.048313	0.020042	0.002477
709.573294	0.046437	0.020018	0.002583
708.989444	0.048496	0.018851	0.002462
708.408378	0.049829	0.017788	0.002552
707.818949	0.046950	0.014814	0.002835
707.191782	0.047475	0.012404	0.002500
706.604182	0.049132	0.013030	0.002640
706.011811	0.048400	0.017571	0.002472
705.422850	0.047133	0.023855	0.002503
704.798275	0.047151	0.030365	0.002786
704.205904	0.047935	0.035070	0.002663
703.614617	0.047544	0.038596	0.002577
703.016710	0.046170	0.040296	0.002592
702.435983	0.046288	0.040927	0.002862
701.875762	0.046461	0.039447	0.002816
701.273595	0.048623	0.036536	0.002624
700.684231	0.049819	0.033074	0.002451
700.134135	0.049085	0.029141	0.002622
699.560240	0.047550	0.026918	0.002846
698.961664	0.048602	0.024167	0.002546
698.353887	0.047136	0.021680	0.002809
697.751603	0.049103	0.020047	0.002498
697.158615	0.049613	0.019172	0.002706
696.542699	0.048501	0.018541	0.002624
695.935092	0.049368	0.018266	0.002850
695.326953	0.049911	0.018464	0.002559
694.754748	0.048504	0.018467	0.002445
694.163216	0.046377	0.018460	0.002714
693.519006	0.046017	0.019389	0.002477
692.908307	0.047348	0.018882	0.002718
692.299425	0.045881	0.019107	0.002841
691.730757	0.049751	0.019420	0.002503
691.158700	0.049274	0.018906	0.002746
690.576517	0.050156	0.018957	0.002819
690.008508	0.048691	0.018883	0.002712
689.431372	0.047002	0.019422	0.002874
688.829672	0.049971	0.019501	0.002624
688.260973	0.049375	0.019535	0.002263
687.658274	0.047572	0.018763	0.003010
687.039510	0.048648	0.019633	0.002549
686.464393	0.048527	0.019145	0.002598
685.892548	0.047415	0.019658	0.002624
685.304352	0.046709	0.019757	0.002566
684.726887	0.047679	0.019381	0.002666
684.163786	0.046188	0.019985	0.002705
683.577375	0.049278	0.019693	0.002634
682.982814	0.046753	0.020115	0.002611
682.388859	0.048924	0.020933	0.002704
681.781602	0.046847	0.019874	0.002892
681.206676	0.047360	0.019911	0.002807
680.599132	0.048861	0.020305	0.002417
679.992109	0.048181	0.020534	0.002370
679.375704	0.047435	0.020384	0.003049
678.747601	0.048883	0.020746	0.002543
678.163378	0.048213	0.020557	0.002668
677.558915	0.047766	0.020640	0.002629
676.948725	0.048671	0.021612	0.002665
676.382617	0.049667	0.021295	0.002568
675.775445	0.049946	0.021091	0.002442
675.180257	0.048489	0.021472	0.002606
674.573223	0.047920	0.021636	0.002705
673.968611	0.046091	0.022110	0.002746
673.351473	0.048924	0.021675	0.002642
672.763903	0.050795	0.022494	0.002893
672.175621	0.046489	0.021912	0.002443
671.592673	0.047566	0.022155	0.002683
671.002830	0.050143	0.022150	0.002813
670.438082	0.048892	0.022732	0.002839
669.857588	0.045285	0.022831	0.002619
669.273120	0.047854	0.023377	0.002760
668.667966	0.046413	0.023252	0.002622
668.058361	0.049107	0.023312	0.002576
667.472915	0.049240	0.023552	0.002305
666.921544	0.047798	0.023125	0.002654
666.323253	0.049811	0.023710	0.002594
665.728342	0.046822	0.023803	0.002615
665.108791	0.047091	0.024016	0.002784
664.503456	0.050072	0.024333	0.002862
663.932354	0.047303	0.024979	0.002540
663.330250	0.048564	0.024059	0.002572
662.687197	0.050320	0.025044	0.002639
662.112451	0.047620	0.025201	0.002896
661.517284	0.049469	0.025622	0.002827
660.919237	0.046663	0.025354	0.002783
660.333941	0.045100	0.025978	0.002648
659.742567	0.047773	0.026120	0.002527
659.175322	0.046839	0.026578	0.002719
658.602020	0.047691	0.026607	0.002457
657.985603	0.048249	0.026620	0.002869
657.371035	0.048327	0.026667	0.002460
656.773828	0.046050	0.026996	0.002452
656.185110	0.047216	0.027836	0.002349
655.606975	0.049383	0.028000	0.002396
655.015494	0.048319	0.028512	0.002882
654.404878	0.048570	0.028458	0.002467
653.804919	0.048759	0.028361	0.002398
653.228961	0.048021	0.029075	0.002815
652.623573	0.047119	0.029218	0.002580
652.026939	0.047916	0.030020	0.002661
651.427352	0.045753	0.030268	0.002635
650.840429	0.046596	0.030486	0.002859
650.246887	0.051156	0.030842	0.002504
649.656533	0.049764	0.031235	0.002466
649.062534	0.048234	0.032258	0.002597
648.490231	0.047632	0.032858	0.002593
647.889028	0.048144	0.033845	0.002603
647.329294	0.049029	0.033614	0.002784
646.771377	0.049486	0.034396	0.002553
646.185527	0.049795	0.035298	0.002545
645.582741	0.046609	0.035919	0.002616
644.991122	0.049754	0.036587	0.002771
644.392586	0.047344	0.037322	0.002641
643.804750	0.049565	0.038931	0.002438
643.210655	0.048382	0.039991	0.002803
642.598657	0.045281	0.041272	0.002458
642.001375	0.051361	0.042646	0.002585
641.415068	0.050092	0.044171	0.002599
640.846749	0.046678	0.045743	0.002891
640.232095	0.046539	0.047476	0.002694
639.599113	0.050427	0.050242	0.002535
638.977946	0.049311	0.051351	0.002635
638.415099	0.051289	0.052864	0.002829
637.803398	0.047682	0.053642	0.002424
637.210504	0.048548	0.052864	0.002542
636.611787	0.047703	0.051985	0.002420
635.974141	0.049475	0.048814	0.002886
635.379387	0.049815	0.043741	0.002479
635.162992	0.046790	0.040124	0.002527
635.751658	0.048660	0.044524	0.002913
636.325099	0.048163	0.048539	0.002555
636.985025	0.046061	0.052189	0.002723
637.560643	0.048621	0.053184	0.002608
638.136103	0.048877	0.053287	0.002863
638.722888	0.050270	0.052492	0.002588
639.312531	0.048198	0.051077	0.002491
639.913851	0.045327	0.049317	0.002582
640.553239	0.045546	0.046832	0.002433
641.127540	0.047151	0.045361	0.002686
641.719691	0.047403	0.044176	0.002478
642.321074	0.050266	0.042583	0.002681
642.930777	0.048775	0.041135	0.002777
643.557256	0.047255	0.040116	0.002467
644.140843	0.047579	0.038585	0.002795
644.732962	0.048063	0.037533	0.002660
645.343897	0.050279	0.036603	0.002945
645.930437	0.046994	0.035686	0.002452
646.500966	0.047991	0.034364	0.002585
647.093616	0.047878	0.034398	0.002632
647.679922	0.047333	0.033345	0.002571
648.259726	0.047711	0.033064	0.002842
648.828088	0.049651	0.032483	0.002398
649.455268	0.048945	0.031627	0.002608
650.043848	0.048816	0.031092	0.002388
650.655643	0.046691	0.030851	0.002400
651.236021	0.046446	0.030840	0.002535
651.831879	0.048603	0.029812	0.002555
652.427312	0.047628	0.030097	0.002631
653.002367	0.050743	0.029422	0.002502
653.622981	0.048577	0.028569	0.002647
654.197887	0.047320	0.028419	0.002715
654.752425	0.048848	0.028188	0.002698
655.342864	0.048247	0.028600	0.002907
655.917621	0.048108	0.027427	0.002754
656.472329	0.048236	0.027665	0.002774
657.054450	0.046413	0.027056	0.002983
657.629132	0.045689	0.026592	0.002464
658.223874	0.048748	0.026621	0.002616
658.816492	0.050075	0.026493	0.002656
659.418203	0.045116	0.026556	0.002322
660.020022	0.049023	0.026118	0.002865
660.596946	0.049698	0.025800	0.002741
661.141284	0.049517	0.025529	0.002132
661.723744	0.047911	0.025824	0.002507
662.314725	0.047257	0.025584	0.002395
662.903156	0.047778	0.025104	0.002493
663.508342	0.046593	0.024965	0.002588
664.105549	0.048036	0.024503	0.002696
664.741716	0.047667	0.024843	0.002449
665.350632	0.046437	0.024893	0.002466
665.958665	0.051310	0.024489	0.002696
666.541390	0.047818	0.023944	0.002516
667.151294	0.046826	0.023349	0.002532
667.803228	0.045372	0.023356	0.002960
668.413695	0.050536	0.023427	0.002611
669.024660	0.048509	0.023258	0.002529
669.642468	0.048605	0.023109	0.003152
670.174630	0.047209	0.023180	0.002728
670.765005	0.051266	0.022856	0.002746
671.354838	0.046238	0.022513	0.002561
671.965899	0.048360	0.022164	0.002554
672.554287	0.047655	0.022408	0.002728
673.146893	0.046517	0.022694	0.002610
673.739297	0.047819	0.021600	0.002879
674.298605	0.048898	0.022097	0.002486
674.903185	0.049506	0.021527	0.002703
675.514342	0.047547	0.021796	0.002837
676.115108	0.049516	0.021472	0.002533
676.708393	0.046339	0.021418	0.002753
677.296367	0.047641	0.021334	0.002747
677.915556	0.047271	0.021360	0.002582
678.507216	0.049975	0.020760	0.002812
679.123674	0.047450	0.020571	0.002625
679.692937	0.050021	0.020531	0.002789
680.272910	0.049158	0.020421	0.002743
680.865452	0.048177	0.020205	0.002757
681.453861	0.049335	0.019959	0.002614
682.046084	0.048863	0.020139	0.002734
682.612595	0.046408	0.020222	0.002533
683.220639	0.047028	0.019885	0.002648
683.828076	0.049351	0.019689	0.002774
684.447743	0.047867	0.019515	0.002694
685.032571	0.047376	0.019754	0.002706
685.603874	0.050786	0.019817	0.002350
686.187247	0.048009	0.019463	0.002605
686.787268	0.047525	0.019308	0.002912
687.414893	0.048225	0.019659	0.002708
687.985346	0.048521	0.019120	0.002587
688.548797	0.048664	0.019269	0.002785
689.130926	0.049721	0.019152	0.002698
689.685569	0.051072	0.019229	0.002618
690.277516	0.048207	0.019212	0.002575
690.850689	0.048415	0.019054	0.002588
691.448819	0.047895	0.018999	0.002714
692.025731	0.046957	0.019160	0.002606
692.647725	0.049323	0.018876	0.002835
693.251082	0.048207	0.018826	0.002729
693.808488	0.050265	0.017991	0.002695
694.354525	0.045688	0.018622	0.002711
694.941063	0.048955	0.018401	0.002475
695.526412	0.049223	0.018037	0.002578
696.085687	0.048636	0.018528	0.002521
696.654811	0.049212	0.018563	0.002861
697.244080	0.048334	0.019082	0.002787
697.832893	0.046985	0.019971	0.002915
698.405470	0.044988	0.020755	0.002564
699.003324	0.048946	0.022660	0.002722
699.576985	0.049978	0.024893	0.002438
700.153366	0.050603	0.028045	0.002508
700.715701	0.048732	0.030900	0.002717
701.276379	0.048062	0.033845	0.002503
701.874402	0.049528	0.037386	0.002624
702.439022	0.046218	0.039451	0.002548
703.037556	0.047457	0.040407	0.002595
703.625751	0.049543	0.039764	0.002559
704.207721	0.049034	0.037113	0.002304
704.818707	0.048429	0.032802	0.002514
705.439775	0.047684	0.026709	0.002549
706.046543	0.052354	0.021092	0.002607
706.632369	0.047052	0.015266	0.002576
707.221893	0.047942	0.011206	0.002667
707.840273	0.045847	0.013295	0.002634
708.438063	0.049857	0.016203	0.002564
709.011979	0.048311	0.018424	0.002787
709.604998	0.048706	0.019543	0.002840
710.209811	0.049491	0.019925	0.002688
710.798580	0.049009	0.019804	0.002518
711.376268	0.047052	0.019389	0.002557
711.974907	0.047656	0.018669	0.002736
712.553615	0.047728	0.018228	0.002628
713.126267	0.046317	0.017009	0.002643
713.711795	0.048630	0.016493	0.002493
714.315503	0.047258	0.016460	0.002871
714.952891	0.047130	0.015472	0.002527
715.551127	0.047197	0.014652	0.002517
716.152603	0.049059	0.013950	0.002537
716.758903	0.048101	0.013887	0.002839
717.365022	0.049358	0.013258	0.002565
718.016860	0.048632	0.012447	0.002363
718.658561	0.046332	0.012485	0.002642
719.256638	0.049043	0.012144	0.002561
719.819822	0.048869	0.011373	0.002664
720.416454	0.050332	0.011272	0.002759
720.992165	0.045529	0.011464	0.002394
721.568907	0.047128	0.011422	0.002427
722.172784	0.047013	0.011149	0.002704
722.738785	0.048096	0.010553	0.002402
723.296997	0.048170	0.010537	0.002567
723.887965	0.047176	0.010596	0.002484
724.507780	0.047593	0.009980	0.002775
725.105229	0.048161	0.009555	0.002473
725.710976	0.048940	0.010036	0.002499
726.305897	0.047031	0.009289	0.002813
726.878602	0.048758	0.009275	0.002562
727.449075	0.048319	0.009318	0.002683
728.004078	0.047515	0.009624	0.002484
728.616859	0.047890	0.010114	0.002310
729.218059	0.048491	0.009136	0.002565
729.807742	0.049918	0.009031	0.002453
730.419386	0.047897	0.009232	0.002350
731.015231	0.047522	0.009017	0.002727
731.596860	0.047965	0.009063	0.002526
732.199675	0.048165	0.009208	0.002769
732.777521	0.047871	0.009100	0.002348
733.367289	0.048464	0.008828	0.002630
733.926341	0.048605	0.008483	0.002304
734.523896	0.046360	0.008869	0.002579
735.105313	0.045685	0.009083	0.002581
735.713833	0.048317	0.009321	0.002496
736.301327	0.050389	0.008689	0.002457
736.903462	0.049898	0.009114	0.002618
737.490818	0.046512	0.008773	0.002541
738.108836	0.047200	0.008722	0.002375
738.682858	0.050710	0.008814	0.002468
739.271882	0.047665	0.008215	0.002861
739.864890	0.048194	0.008442	0.002458
740.461351	0.046476	0.008639	0.002295
741.071720	0.047448	0.008486	0.002615
741.669403	0.045500	0.008677	0.002908
742.275267	0.048008	0.008479	0.002437
742.869965	0.047648	0.008606	0.002713
743.463684	0.047850	0.008545	0.002663
744.066138	0.049106	0.008426	0.002641
744.667285	0.047848	0.008446	0.002651
745.307424	0.049864	0.008733	0.002793
745.907359	0.048577	0.008668	0.002606
746.503417	0.046995	0.008242	0.002484
747.075473	0.049485	0.007762	0.002535
747.669830	0.046155	0.008334	0.002983
748.273973	0.047333	0.008178	0.002791
748.910691	0.046958	0.008413	0.002791
749.551850	0.047455	0.008389	0.002786
750.150511	0.048420	0.008116	0.002758
750.728368	0.048776	0.008434	0.002877
751.308159	0.048580	0.009171	0.002582
751.909986	0.046211	0.008640	0.002763
752.460080	0.049677	0.008245	0.002614
753.031616	0.045858	0.008082	0.002525
753.615168	0.045643	0.009177	0.002785
754.250558	0.049551	0.008118	0.002659
754.839709	0.047308	0.007934	0.002538
755.445701	0.048667	0.008931	0.002356
756.098059	0.047382	0.009113	0.002711
756.750119	0.048504	0.008600	0.002398
757.354984	0.049944	0.009157	0.002681
757.940735	0.051121	0.008818	0.002706
758.544719	0.048600	0.009107	0.002355
759.113704	0.047371	0.009051	0.002587
759.757254	0.050141	0.009161	0.002457
760.365413	0.049309	0.008877	0.002509
760.951600	0.047695	0.008976	0.002228
761.572870	0.045461	0.009023	0.002676
762.203500	0.045775	0.009482	0.002526
762.809354	0.050111	0.009830	0.002803
763.428137	0.046977	0.008964	0.002742
764.003870	0.047383	0.008827	0.002635
764.593913	0.047657	0.008987	0.002775
765.194954	0.049691	0.009502	0.002686
765.808967	0.049910	0.008775	0.002740
766.397948	0.048319	0.008677	0.002507
767.041211	0.049067	0.009148	0.002357
767.652589	0.048824	0.009982	0.002514
768.213458	0.047876	0.011046	0.002338
768.837086	0.048982	0.012979	0.002846
769.433781	0.047956	0.015153	0.002540
770.058791	0.049862	0.018840	0.002576
770.700482	0.046926	0.021563	0.002827
771.332897	0.048690	0.023793	0.002541
771.921570	0.049217	0.027224	0.002744
772.542935	0.047776	0.028676	0.002773
773.139397	0.047634	0.027720	0.002465
773.750871	0.046763	0.025610	0.002536
774.345324	0.050193	0.020621	0.002849
774.942252	0.051659	0.013055	0.002552
775.521013	0.048497	0.008295	0.002466
776.114372	0.046906	0.016140	0.002584
776.697892	0.047315	0.028732	0.002584
777.263520	0.045937	0.041193	0.002544
777.856911	0.049975	0.054208	0.002702
778.476162	0.049241	0.065008	0.002528
779.059172	0.048192	0.074267	0.002635
779.659841	0.048655	0.080008	0.002687
780.231260	0.047253	0.081717	0.002871
780.862528	0.048284	0.082032	0.002844
781.469518	0.046810	0.078793	0.002475
782.059392	0.049092	0.075029	0.002650
782.671503	0.047057	0.071225	0.002550
783.240967	0.046662	0.066789	0.002793
783.830416	0.047746	0.063365	0.002211
784.400560	0.048192	0.059745	0.002635
784.968760	0.048998	0.056276	0.002660
785.525729	0.049209	0.052592	0.002449
786.085418	0.049884	0.050185	0.002646
786.672827	0.048721	0.047483	0.002453
787.268789	0.047824	0.045557	0.002663
787.894235	0.050205	0.042784	0.002478
788.499940	0.049871	0.041408	0.002592
789.106526	0.047769	0.039653	0.002377
789.722144	0.048741	0.037581	0.002654
790.323100	0.047695	0.036755	0.002433
790.915906	0.048104	0.035091	0.002672
791.521590	0.046048	0.034075	0.002382
792.136698	0.049453	0.033540	0.002633
792.746493	0.049174	0.032307	0.002615
793.336654	0.048150	0.031338	0.002461
793.927453	0.049384	0.029854	0.002791
794.496662	0.047881	0.029277	0.002710
795.100295	0.050480	0.028519	0.002775
795.718845	0.048973	0.028214	0.002569
796.291518	0.047430	0.027096	0.002728
796.886099	0.048770	0.026955	0.002906
797.484558	0.046669	0.026135	0.002995
798.064222	0.049229	0.025992	0.002688
798.658547	0.048207	0.025130	0.002671
799.260683	0.047591	0.025007	0.002575
