800.461999	0.049863	0.019896	0.002875
801.062073	0.045132	0.019107	0.002677
801.660681	0.048614	0.019857	0.002649
802.228839	0.046980	0.018237	0.002874
802.786520	0.050296	0.018406	0.002490
803.356866	0.048196	0.018751	0.002633
803.941768	0.044693	0.019759	0.002738
804.580633	0.047391	0.016923	0.002768
805.142012	0.047004	0.018750	0.002662
805.743595	0.049248	0.017716	0.002713
806.332353	0.045708	0.019230	0.003044
806.912549	0.046198	0.017320	0.002447
807.501222	0.046104	0.018170	0.002927
808.084425	0.049175	0.017306	0.002661
808.674288	0.050069	0.018116	0.002493
809.282395	0.050122	0.016424	0.002602
809.885136	0.047191	0.015698	0.002828
810.486655	0.047967	0.016973	0.003023
811.049182	0.047384	0.018272	0.002814
811.614587	0.045830	0.017009	0.002630
812.109636	0.045835	0.017423	0.002774
812.680822	0.045916	0.016813	0.002235
813.260868	0.046076	0.016542	0.002590
813.895643	0.047743	0.016531	0.002860
814.449192	0.048277	0.015969	0.002598
814.974309	0.049010	0.015863	0.002672
815.586315	0.047560	0.016717	0.002761
816.189757	0.049229	0.015573	0.002358
816.747067	0.045429	0.015257	0.002561
817.354685	0.045038	0.016657	0.003056
817.956693	0.049048	0.015407	0.002758
818.524096	0.051769	0.014871	0.002941
819.102188	0.048036	0.014908	0.002586
819.660455	0.049195	0.015019	0.002718
820.248247	0.046790	0.014483	0.002712
820.836634	0.048897	0.014287	0.002682
821.419157	0.046893	0.015009	0.002658
822.034456	0.049310	0.013544	0.002611
822.612729	0.049639	0.015026	0.002597
823.222525	0.050030	0.013596	0.002889
823.784776	0.047805	0.015599	0.002643
824.324045	0.050373	0.014535	0.002711
824.889738	0.050734	0.014708	0.002670
825.458045	0.045951	0.014594	0.002559
826.075289	0.047396	0.013647	0.002538
826.664027	0.047295	0.014240	0.002504
827.233343	0.045297	0.012799	0.002467
827.784853	0.049093	0.013734	0.002653
828.389252	0.049126	0.014243	0.002488
828.996615	0.045614	0.013855	0.002822
829.593311	0.048228	0.013294	0.002436
830.190857	0.047775	0.012781	0.002719
830.853724	0.050549	0.013541	0.002625
831.462193	0.047278	0.013880	0.002614
832.013553	0.046839	0.013162	0.002815
832.578312	0.049292	0.012427	0.002626
833.182998	0.049158	0.011560	0.002605
833.744377	0.045773	0.013449	0.002617
834.321652	0.043175	0.013174	0.002419
834.898469	0.044688	0.012986	0.002705
835.503102	0.045272	0.012746	0.002646
836.077455	0.050637	0.013242	0.002519
836.687942	0.051005	0.010657	0.002425
837.283704	0.047483	0.013349	0.002569
837.857908	0.047834	0.012676	0.002527
838.434035	0.047483	0.013745	0.002346
839.026704	0.045540	0.013376	0.002662
839.602715	0.045429	0.012891	0.002625
840.196266	0.047206	0.013809	0.002709
840.768451	0.047569	0.012649	0.002584
841.356638	0.048872	0.013880	0.002624
841.970398	0.051103	0.013015	0.002550
842.568337	0.048235	0.014300	0.002736
843.200340	0.049186	0.012639	0.002647
843.836062	0.046580	0.013701	0.002382
844.442257	0.047568	0.014344	0.002637
845.064974	0.046972	0.013131	0.002751
845.706879	0.046166	0.013110	0.002831
846.305106	0.047636	0.013061	0.002589
846.892336	0.051093	0.011154	0.002514
847.502420	0.047770	0.012546	0.002653
848.107489	0.047673	0.012157	0.002438
848.694953	0.047665	0.013288	0.002581
849.264047	0.049379	0.012468	0.002544
849.823005	0.044522	0.011132	0.002565
850.390367	0.052343	0.012847	0.002645
850.994608	0.047638	0.013146	0.002384
851.603024	0.050543	0.012204	0.002752
852.205713	0.045321	0.012306	0.002660
852.843996	0.046089	0.012550	0.002622
853.390374	0.047790	0.012563	0.002589
853.964302	0.044762	0.010698	0.002981
854.620732	0.048459	0.011544	0.002424
855.176120	0.049136	0.012979	0.002626
855.791283	0.049242	0.011088	0.002634
856.389574	0.050921	0.011510	0.002577
856.979132	0.047768	0.010766	0.002691
857.583883	0.047092	0.012345	0.002531
858.178243	0.047964	0.011360	0.002436
858.775259	0.045621	0.011613	0.002676
859.358080	0.049569	0.012234	0.002622
859.985292	0.048237	0.012252	0.002929
860.555800	0.047353	0.010035	0.002679
861.150521	0.046859	0.010818	0.002662
861.748738	0.047401	0.014115	0.002538
862.316270	0.048391	0.011023	0.002354
862.934706	0.049751	0.011128	0.002344
863.555118	0.048281	0.011851	0.002563
864.119273	0.050563	0.011165	0.002303
864.730377	0.048275	0.010991	0.002597
865.305273	0.047873	0.010852	0.002719
865.919141	0.046649	0.010964	0.002380
866.546650	0.047015	0.011657	0.003033
867.155333	0.045070	0.011260	0.002600
867.724353	0.048466	0.011118	0.002438
868.353202	0.050749	0.010855	0.002620
868.984420	0.047139	0.011292	0.002628
869.618995	0.047759	0.011404	0.002662
870.328177	0.046891	0.011750	0.002893
870.967619	0.049134	0.013295	0.002869
871.635631	0.047161	0.011811	0.002889
872.275784	0.047844	0.011976	0.002660
872.833181	0.046468	0.011128	0.003140
873.431739	0.049891	0.010834	0.002610
874.115475	0.048132	0.010504	0.002642
874.821694	0.046138	0.011299	0.002583
875.536465	0.047929	0.011923	0.002790
876.209651	0.048597	0.011172	0.002641
876.885961	0.046970	0.011819	0.002575
877.518710	0.048000	0.011431	0.002618
878.135032	0.048612	0.012283	0.002446
878.729786	0.046625	0.012084	0.002279
879.414224	0.046697	0.012722	0.002612
880.086476	0.045924	0.011907	0.002627
880.742705	0.046605	0.011962	0.002602
881.454470	0.048939	0.013986	0.002867
882.168636	0.045977	0.012829	0.002485
882.774781	0.052439	0.011462	0.002685
883.390742	0.045765	0.010930	0.002716
883.956905	0.047022	0.012742	0.002502
884.566460	0.049864	0.011259	0.002698
885.188956	0.048436	0.011147	0.002611
885.826252	0.048315	0.011017	0.002706
886.450852	0.049099	0.010968	0.002793
887.107241	0.045926	0.011558	0.002674
887.749393	0.047212	0.010954	0.002518
888.353392	0.048800	0.013150	0.002685
888.944970	0.048033	0.010087	0.002646
889.586335	0.046073	0.011931	0.002725
890.240929	0.048280	0.012394	0.002502
890.937225	0.047421	0.011766	0.002754
891.624958	0.047910	0.013580	0.002478
892.310767	0.051380	0.011781	0.002589
892.924647	0.046659	0.012778	0.002719
893.558905	0.045677	0.011177	0.002852
894.162925	0.049774	0.011556	0.002678
894.789927	0.046862	0.011613	0.002834
895.444925	0.046837	0.011700	0.002722
896.122415	0.044499	0.013424	0.002882
896.813134	0.049181	0.011691	0.002350
897.438882	0.043711	0.010142	0.002600
897.968326	0.049020	0.010691	0.002890
898.564569	0.046168	0.010330	0.002468
899.172712	0.046139	0.009488	0.002672
899.834829	0.047573	0.010897	0.002556
900.539201	0.046037	0.010068	0.002808
901.285944	0.049141	0.011025	0.002828
902.016666	0.047080	0.012302	0.002883
902.774672	0.045833	0.009968	0.002579
903.355169	0.050912	0.010562	0.002538
904.005663	0.047195	0.010194	0.002640
904.705827	0.045402	0.012218	0.002591
905.395272	0.044876	0.011069	0.002901
906.104499	0.049837	0.009935	0.002656
906.799288	0.046371	0.010383	0.002447
907.475303	0.045534	0.011974	0.002615
908.071514	0.048064	0.011018	0.002939
908.648750	0.047852	0.010549	0.002428
909.331193	0.046619	0.009321	0.002589
910.029595	0.048838	0.011302	0.002529
910.697790	0.050133	0.011407	0.002895
911.321148	0.046123	0.010213	0.002792
911.894729	0.044783	0.013041	0.002216
912.565273	0.047214	0.013128	0.002693
913.130460	0.045156	0.010534	0.002849
913.737361	0.048464	0.010849	0.002151
914.329514	0.048858	0.012607	0.002720
914.914932	0.047161	0.010995	0.002618
915.474765	0.048428	0.010493	0.002763
916.057781	0.048718	0.011186	0.002614
916.627569	0.045822	0.011178	0.002499
917.207175	0.045897	0.010403	0.002837
917.790914	0.049512	0.012378	0.002445
918.401768	0.046723	0.011113	0.002669
918.993369	0.048748	0.010435	0.002369
919.562106	0.047447	0.012150	0.002384
920.190151	0.051096	0.010330	0.002695
920.741856	0.045491	0.010749	0.002646
921.344975	0.048290	0.007434	0.002680
921.936066	0.046431	0.011634	0.002477
922.518945	0.046064	0.009118	0.002736
923.139935	0.046106	0.008604	0.002634
923.708800	0.047480	0.010080	0.002655
924.364767	0.050405	0.011512	0.002612
924.947826	0.046325	0.010361	0.002625
925.562027	0.050490	0.010855	0.002449
926.130839	0.048709	0.010781	0.002989
926.703816	0.048663	0.009809	0.002480
927.268229	0.048200	0.007956	0.002585
927.882579	0.047770	0.009382	0.002688
928.478431	0.047307	0.008472	0.002751
929.094608	0.048770	0.011261	0.002859
929.680388	0.049063	0.010977	0.002523
930.256637	0.048672	0.011093	0.002549
930.859141	0.047097	0.010205	0.002738
931.457129	0.044317	0.009252	0.002377
932.073562	0.047413	0.009642	0.002453
932.661881	0.050960	0.011037	0.002740
933.251284	0.046418	0.008190	0.002803
933.857156	0.047021	0.008854	0.002632
934.445688	0.049829	0.009514	0.002740
935.039341	0.047700	0.009202	0.002423
935.616654	0.049606	0.007916	0.002553
936.213070	0.047393	0.012052	0.002702
936.828685	0.049087	0.012243	0.002664
937.407984	0.052267	0.010408	0.002613
937.994614	0.048668	0.013826	0.002775
938.582754	0.047430	0.009619	0.002661
939.246723	0.047233	0.010469	0.002733
939.837019	0.048960	0.009580	0.002514
940.427369	0.045249	0.008623	0.002624
941.050687	0.050661	0.010379	0.002633
941.589612	0.049779	0.009276	0.002774
942.198587	0.048106	0.009195	0.002627
942.777079	0.044615	0.010539	0.002779
943.382400	0.047671	0.008953	0.002486
944.019371	0.048552	0.008454	0.002800
944.614332	0.048874	0.010892	0.002823
945.211695	0.046349	0.007559	0.002620
945.830392	0.046731	0.011535	0.003016
946.410871	0.050904	0.011611	0.002748
947.005089	0.047940	0.010298	0.002565
947.619844	0.048082	0.011326	0.002684
948.205615	0.047022	0.010864	0.002827
948.755208	0.047262	0.010246	0.002584
949.367435	0.047512	0.010741	0.002360
949.937046	0.045347	0.011275	0.002741
950.573933	0.045449	0.011178	0.002653
951.167184	0.047938	0.009946	0.002559
951.757513	0.050780	0.009534	0.002446
952.363482	0.046665	0.011007	0.002469
952.972352	0.049787	0.010927	0.002614
953.549337	0.049329	0.009742	0.002667
954.168715	0.045207	0.011675	0.002566
954.776140	0.050525	0.011362	0.002635
955.349544	0.046884	0.010513	0.002687
955.931947	0.048660	0.008604	0.002618
956.533709	0.048188	0.008711	0.002648
957.145480	0.049556	0.010642	0.002546
957.733674	0.048240	0.009188	0.002760
958.323707	0.049285	0.008998	0.002975
958.957715	0.045894	0.009240	0.002725
959.561656	0.048178	0.010733	0.002503
960.148735	0.047147	0.006454	0.002585
960.753610	0.049096	0.010236	0.002487
961.370195	0.048810	0.010666	0.002691
961.932773	0.050599	0.007866	0.002762
962.552024	0.047623	0.009480	0.002652
963.092481	0.047226	0.009091	0.002749
963.693500	0.046963	0.009343	0.002207
964.278815	0.047023	0.009126	0.002636
964.892903	0.047487	0.009241	0.002876
964.706032	0.045899	0.010494	0.002653
964.141998	0.045783	0.010579	0.002660
963.562803	0.047906	0.007735	0.002877
962.968371	0.046942	0.008115	0.002882
962.357216	0.046506	0.007295	0.002658
961.770212	0.046873	0.008974	0.002602
961.160682	0.050653	0.010179	0.002563
960.595299	0.049505	0.008458	0.002652
959.998860	0.045218	0.010999	0.002792
959.402399	0.046237	0.008858	0.002492
958.827475	0.047245	0.007570	0.002753
958.262975	0.046989	0.009145	0.002570
957.690920	0.047289	0.008227	0.002687
957.109876	0.046570	0.009272	0.002424
956.488596	0.047418	0.007261	0.002704
955.909985	0.047936	0.011777	0.002609
955.349002	0.048770	0.008870	0.002587
954.754603	0.046588	0.009435	0.002470
954.165963	0.048236	0.010987	0.002562
953.599295	0.046813	0.009943	0.002524
953.027750	0.047092	0.009665	0.002551
952.473025	0.046042	0.009030	0.002640
951.845562	0.046933	0.012623	0.002660
951.239231	0.046846	0.010866	0.002623
950.645980	0.046637	0.009715	0.002867
950.065713	0.046281	0.010210	0.002530
949.423471	0.049176	0.012167	0.002701
948.801958	0.045363	0.011195	0.002604
948.257422	0.048316	0.012182	0.002557
947.646523	0.044930	0.010761	0.002468
947.028878	0.049043	0.009083	0.002646
946.398355	0.046203	0.010662	0.002612
945.781454	0.047459	0.010973	0.002450
945.201548	0.048740	0.011889	0.002576
944.610550	0.048203	0.012348	0.002509
943.982386	0.048280	0.011949	0.002447
943.294511	0.047343	0.010637	0.002498
942.673561	0.047791	0.011434	0.002934
942.092392	0.048362	0.010857	0.002668
941.469232	0.047511	0.009860	0.002571
940.895861	0.049996	0.009912	0.002690
940.272957	0.049056	0.009256	0.002771
939.689769	0.048293	0.010724	0.002714
939.074982	0.048426	0.008753	0.002700
938.512077	0.049584	0.009129	0.002732
937.900085	0.050916	0.009040	0.002644
937.319840	0.047465	0.009790	0.002503
936.702631	0.047279	0.011020	0.002469
936.098650	0.050772	0.007259	0.002739
935.506017	0.046862	0.010386	0.002662
934.879735	0.045850	0.010312	0.002776
934.296154	0.045763	0.009267	0.002833
933.709821	0.047791	0.011533	0.002337
933.105671	0.047042	0.009107	0.002754
932.505207	0.047613	0.008421	0.002951
931.916101	0.047839	0.009117	0.002371
931.336855	0.048278	0.009679	0.002664
930.751851	0.044453	0.009391	0.002699
930.135302	0.050130	0.010835	0.002604
929.552210	0.049173	0.011018	0.002801
928.931549	0.048735	0.009096	0.002873
928.317985	0.049514	0.011142	0.002883
927.683458	0.049345	0.010439	0.002589
927.051769	0.048337	0.010180	0.002534
926.479908	0.052156	0.010414	0.002668
925.910352	0.045191	0.009384	0.002444
925.302090	0.047684	0.011557	0.002308
924.658204	0.048223	0.009856	0.002641
924.065773	0.044338	0.010953	0.002604
923.451158	0.047346	0.012107	0.002732
922.849420	0.046414	0.010828	0.002695
922.266531	0.048210	0.010413	0.002609
921.674026	0.048449	0.009189	0.002374
921.093506	0.047283	0.011487	0.002543
920.502064	0.051714	0.009192	0.002718
919.897500	0.047462	0.010204	0.002830
919.336073	0.051078	0.009542	0.002899
918.750358	0.047669	0.011773	0.002653
918.156122	0.048716	0.008861	0.002866
917.540253	0.047990	0.011074	0.002585
916.926913	0.047646	0.010655	0.002596
916.295214	0.048000	0.012092	0.002432
915.745400	0.049099	0.010580	0.002323
915.158060	0.046047	0.011540	0.002520
914.569540	0.045949	0.010447	0.002731
913.989871	0.049641	0.010125	0.002274
913.411954	0.048152	0.011331	0.002785
912.801271	0.045504	0.011650	0.002585
912.204252	0.048474	0.011170	0.002656
911.639128	0.046712	0.010899	0.002686
911.050566	0.052498	0.011720	0.002978
910.467125	0.048408	0.010797	0.002729
909.908015	0.046985	0.009708	0.002572
909.327071	0.047740	0.013505	0.002681
908.719278	0.049477	0.011997	0.002706
908.129919	0.047785	0.013145	0.002625
907.555626	0.048806	0.012456	0.002576
906.943456	0.049200	0.011317	0.002666
906.355776	0.044959	0.013574	0.002495
905.770179	0.046394	0.009907	0.002443
905.182754	0.046708	0.010885	0.002542
904.630540	0.047380	0.011150	0.002709
904.029919	0.047501	0.009687	0.002548
903.454840	0.048313	0.010516	0.002849
902.836019	0.047026	0.009550	0.002660
902.235452	0.046446	0.011092	0.002344
901.632919	0.044556	0.011057	0.002684
901.032999	0.048096	0.011437	0.002849
900.452215	0.048971	0.011251	0.002834
899.840354	0.049013	0.012004	0.002499
899.235144	0.049342	0.011024	0.002482
898.637020	0.046425	0.010915	0.002438
898.059604	0.045181	0.010313	0.002670
897.533506	0.048767	0.010879	0.002756
896.952372	0.048806	0.012786	0.002610
896.386250	0.049469	0.011691	0.002568
895.776875	0.048059	0.011832	0.002462
895.169647	0.047088	0.010842	0.002527
894.609773	0.047860	0.011499	0.002597
894.024388	0.047695	0.013021	0.002478
893.438994	0.046914	0.012093	0.002738
892.861026	0.044865	0.012794	0.002849
892.283239	0.047057	0.011672	0.002457
891.686922	0.047389	0.010780	0.002820
891.098361	0.047341	0.012113	0.002583
890.474515	0.050780	0.012546	0.002608
889.886752	0.048363	0.011209	0.002273
889.315169	0.048898	0.012619	0.002877
888.718098	0.047495	0.011862	0.002641
888.143403	0.048684	0.012819	0.002673
887.574318	0.050261	0.012057	0.002337
886.936140	0.051612	0.010858	0.002713
886.345210	0.044035	0.011326	0.002545
885.735506	0.047928	0.011998	0.002647
885.106805	0.048690	0.011645	0.002538
884.424024	0.047725	0.011598	0.002862
883.776401	0.047639	0.011978	0.002678
883.214063	0.047018	0.009789	0.002596
882.638422	0.046687	0.012058	0.002769
882.074108	0.049963	0.010508	0.002648
881.484092	0.048352	0.013696	0.003039
880.880615	0.045161	0.012814	0.002691
880.286275	0.047776	0.011093	0.002541
879.696036	0.047515	0.010040	0.002847
879.116231	0.051575	0.011405	0.002475
878.533929	0.048967	0.010319	0.002779
877.924045	0.047913	0.012063	0.002488
877.336962	0.047125	0.011662	0.002695
876.755956	0.047834	0.013265	0.002723
876.176661	0.047252	0.012996	0.002580
875.581365	0.046501	0.012637	0.002352
874.977644	0.047320	0.011689	0.002622
874.328831	0.045682	0.011672	0.002448
873.705869	0.047974	0.013184	0.002588
873.094498	0.047983	0.011800	0.002707
872.511133	0.048116	0.011218	0.002660
871.944610	0.049635	0.010639	0.002580
871.359333	0.045990	0.010518	0.002690
870.757195	0.048955	0.011716	0.002335
870.148969	0.045760	0.011610	0.002577
869.550306	0.046187	0.012516	0.002439
868.960227	0.046447	0.012305	0.002586
868.350004	0.047665	0.012190	0.002822
867.730845	0.044150	0.012612	0.002677
867.111739	0.046170	0.011999	0.002998
866.500177	0.049366	0.012282	0.002768
865.896637	0.048252	0.012244	0.002613
865.276236	0.048518	0.012011	0.002988
864.709064	0.049005	0.013344	0.002459
864.110295	0.046707	0.012224	0.002264
863.508805	0.049028	0.011940	0.002728
862.889625	0.047544	0.011117	0.002615
862.306623	0.050019	0.010437	0.002651
861.722080	0.043137	0.011974	0.002612
861.136730	0.048525	0.012315	0.002889
860.545324	0.045916	0.010878	0.002724
859.954034	0.046822	0.013387	0.002692
859.337086	0.044095	0.011484	0.002507
858.763072	0.046440	0.012986	0.002753
858.171273	0.045045	0.012532	0.002930
857.598322	0.047033	0.011852	0.002555
857.013110	0.052082	0.013802	0.002599
856.411886	0.048188	0.012279	0.002613
855.784706	0.047690	0.011569	0.002392
855.209099	0.049474	0.011299	0.002432
854.650418	0.047813	0.013378	0.002640
854.061508	0.046726	0.011046	0.002807
853.463164	0.049140	0.012840	0.002466
852.884784	0.051737	0.012257	0.002588
852.253557	0.048954	0.012648	0.002424
851.642814	0.046461	0.012975	0.002691
851.070543	0.049972	0.013456	0.002641
850.467566	0.047520	0.012166	0.002534
849.875927	0.047369	0.012797	0.002447
849.276818	0.049645	0.012629	0.002783
848.665246	0.048178	0.012389	0.002497
848.074085	0.047415	0.012222	0.002435
847.467284	0.049294	0.011541	0.002787
846.917633	0.048406	0.012167	0.002588
846.320543	0.047481	0.011874	0.002262
845.736224	0.048380	0.012659	0.002659
845.138316	0.045230	0.011283	0.002596
844.504730	0.049190	0.009636	0.002619
843.944880	0.049277	0.012614	0.002440
843.388505	0.048374	0.012423	0.002552
842.813057	0.046422	0.012424	0.002437
842.215787	0.048686	0.012000	0.002556
841.623160	0.050015	0.012431	0.002743
841.044451	0.047661	0.012341	0.002407
840.403098	0.047011	0.011741	0.002522
839.840730	0.046679	0.013801	0.002775
839.253628	0.047816	0.013552	0.002495
838.631124	0.046967	0.012505	0.002672
838.031176	0.046984	0.012286	0.002265
837.392055	0.046399	0.013016	0.002436
836.779995	0.047747	0.011537	0.002679
836.201998	0.044481	0.011674	0.002470
835.601881	0.049861	0.014383	0.002537
835.024755	0.049041	0.013489	0.002753
834.457075	0.052070	0.013252	0.002659
833.888067	0.049647	0.013886	0.002578
833.263098	0.052193	0.013247	0.002393
832.666614	0.047720	0.014737	0.002721
832.111737	0.048668	0.014673	0.002514
831.583528	0.049703	0.013571	0.002618
830.989530	0.047727	0.013226	0.002634
830.363966	0.049351	0.013078	0.002615
829.757123	0.049199	0.013732	0.002889
829.169150	0.048285	0.014293	0.002480
828.553627	0.051608	0.013690	0.002682
827.950800	0.048106	0.014352	0.002629
827.301862	0.047014	0.014272	0.002343
826.700980	0.050597	0.015002	0.002764
826.109947	0.045993	0.014869	0.002913
825.498323	0.050643	0.014741	0.002775
824.912125	0.045521	0.014366	0.002475
824.306143	0.048093	0.014263	0.002818
823.725554	0.045849	0.014629	0.002496
823.097717	0.050289	0.015161	0.002539
822.498343	0.049196	0.014878	0.002664
821.920102	0.053368	0.013741	0.002515
821.328251	0.044430	0.014739	0.002750
820.695570	0.045351	0.014541	0.002622
820.097514	0.045925	0.014720	0.002808
819.502624	0.046134	0.016210	0.002375
818.874840	0.047882	0.014236	0.002638
818.290225	0.045641	0.015359	0.003108
817.656087	0.046980	0.014430	0.002758
817.090161	0.050220	0.015485	0.002609
816.491234	0.048867	0.016044	0.002502
815.902985	0.046364	0.015276	0.002566
815.327953	0.047444	0.015991	0.002810
814.701869	0.047654	0.016637	0.002271
814.114991	0.047289	0.017054	0.002452
813.531162	0.051282	0.016697	0.002528
812.932692	0.046892	0.017018	0.002674
812.321812	0.047057	0.015544	0.002494
811.736676	0.049179	0.016965	0.002507
811.184572	0.046220	0.017545	0.002764
810.572301	0.046950	0.016936	0.002655
809.975425	0.044683	0.016609	0.002485
809.374819	0.051428	0.017488	0.002637
808.772089	0.050041	0.017523	0.002685
808.173587	0.048046	0.018250	0.002731
807.533925	0.048004	0.017719	0.002460
806.967436	0.049108	0.017906	0.002796
806.360785	0.048702	0.018429	0.002610
805.735637	0.047315	0.019532	0.002582
805.134436	0.043932	0.019245	0.002709
804.502297	0.049995	0.020088	0.002481
803.897229	0.048272	0.017731	0.002655
803.289707	0.048365	0.018662	0.002646
802.678243	0.048728	0.017891	0.002797
802.078966	0.047023	0.019193	0.002640
801.433875	0.050942	0.019076	0.002553
800.819415	0.053410	0.019743	0.002683
800.211490	0.050145	0.019140	0.002508
799.607877	0.048874	0.019644	0.002426
799.018630	0.050220	0.019780	0.002700
798.448784	0.046354	0.019809	0.002808
797.890390	0.050254	0.020957	0.002659
797.290327	0.049951	0.020232	0.002605
796.715349	0.050327	0.020175	0.002664
796.117878	0.047717	0.020661	0.002502
795.535590	0.048817	0.020213	0.002629
794.997713	0.047918	0.021309	0.002311
794.433933	0.048476	0.021277	0.002615
793.860241	0.046097	0.020811	0.002574
793.245037	0.047080	0.020989	0.002666
792.645186	0.045480	0.020474	0.002740
792.046079	0.048346	0.021539	0.002634
791.416511	0.048796	0.020893	0.002568
790.833703	0.047876	0.021644	0.002622
790.262347	0.045548	0.022462	0.002420
789.663304	0.046292	0.021565	0.002690
789.040961	0.047250	0.022321	0.002569
788.464634	0.048447	0.022593	0.002620
787.865867	0.047416	0.022539	0.002645
787.275153	0.050188	0.023712	0.002401
786.670043	0.049098	0.023867	0.002299
786.072785	0.049680	0.022796	0.002563
785.489626	0.048202	0.023253	0.002265
784.897085	0.049452	0.024342	0.002532
784.273935	0.047930	0.023779	0.002382
783.667592	0.048324	0.024862	0.002656
783.082117	0.049931	0.025080	0.002657
782.466903	0.045229	0.024325	0.002727
781.914619	0.046297	0.023923	0.002702
781.330260	0.045285	0.025463	0.002566
780.735998	0.046183	0.025074	0.002893
780.128954	0.046711	0.025453	0.002503
779.579497	0.050461	0.026097	0.002442
778.988114	0.051602	0.025353	0.002680
778.414528	0.049381	0.025296	0.002454
777.845702	0.046289	0.025464	0.002802
777.242271	0.047713	0.026375	0.002608
776.661067	0.048089	0.026493	0.002545
776.085026	0.049102	0.026184	0.002798
775.447192	0.047523	0.026981	0.002559
774.875561	0.046841	0.027463	0.002574
774.273129	0.049204	0.026846	0.002502
773.672460	0.051346	0.026904	0.002453
773.096069	0.049803	0.026640	0.002720
772.501828	0.048158	0.027995	0.002330
771.896719	0.048394	0.026752	0.002485
771.288740	0.048517	0.027293	0.002893
770.712009	0.047476	0.027870	0.002749
770.116260	0.050356	0.028789	0.002592
769.539922	0.051735	0.028259	0.002609
768.964498	0.048075	0.026989	0.002770
768.340126	0.047706	0.028678	0.002582
767.743941	0.047749	0.029033	0.002322
767.128376	0.046287	0.028487	0.002380
766.504514	0.048751	0.029164	0.002408
765.928952	0.046959	0.028534	0.002777
765.337006	0.051502	0.029291	0.002916
764.712878	0.048173	0.028957	0.002651
764.150204	0.048673	0.030006	0.002445
763.587274	0.046896	0.029316	0.002874
762.973293	0.045732	0.029377	0.002586
762.390049	0.049674	0.030348	0.003017
761.823603	0.049879	0.029683	0.002580
761.242845	0.045437	0.030455	0.002557
760.622670	0.049079	0.030010	0.002770
760.028163	0.046893	0.030735	0.002645
759.422044	0.048607	0.031150	0.002488
758.853197	0.048318	0.030620	0.002676
758.240841	0.049120	0.031582	0.002496
757.677508	0.051455	0.031147	0.002561
757.061232	0.049668	0.030629	0.002459
756.451415	0.053763	0.031089	0.002624
755.861903	0.048370	0.031480	0.002765
755.256060	0.047916	0.031150	0.002370
754.656444	0.050303	0.032263	0.002747
754.065805	0.048750	0.031525	0.002752
753.473817	0.049316	0.032108	0.002234
752.872277	0.049703	0.032074	0.002559
752.255193	0.049705	0.031992	0.002410
751.688651	0.049762	0.032696	0.002809
751.087887	0.048333	0.032557	0.002450
750.519985	0.049612	0.032314	0.002964
749.886582	0.048363	0.031876	0.002771
749.294807	0.047232	0.032833	0.002481
748.716928	0.045759	0.032528	0.002447
748.123463	0.047502	0.032674	0.002659
747.535757	0.045220	0.033190	0.002254
746.939391	0.046222	0.033155	0.002288
746.341868	0.045382	0.033517	0.002646
745.756850	0.048199	0.033053	0.002586
745.116519	0.045178	0.033371	0.002490
744.488449	0.051518	0.033299	0.002665
743.868720	0.045616	0.033095	0.002715
743.283128	0.049869	0.033464	0.002699
742.654176	0.047687	0.033655	0.002785
742.049024	0.048571	0.034606	0.002536
741.425417	0.045538	0.033882	0.002405
740.828010	0.045633	0.034673	0.002497
740.242949	0.046853	0.034671	0.002601
739.648114	0.049760	0.035055	0.002707
739.055286	0.046166	0.035542	0.002631
738.476568	0.044914	0.034508	0.002605
737.872936	0.050636	0.035831	0.002376
737.304014	0.046404	0.035585	0.002686
736.708158	0.048502	0.035557	0.002575
736.101030	0.050497	0.035410	0.002673
735.479909	0.048168	0.035936	0.002366
734.862506	0.050551	0.035929	0.002638
734.264866	0.046190	0.035861	0.002746
733.676628	0.045755	0.035269	0.002144
733.062253	0.048086	0.036006	0.002703
732.498527	0.047314	0.035679	0.002485
731.904509	0.048503	0.035682	0.002901
731.301248	0.049282	0.035664	0.002502
730.644874	0.047441	0.036074	0.002428
730.045523	0.048740	0.036562	0.002525
729.420970	0.048131	0.036522	0.002489
728.820461	0.048879	0.036301	0.002464
728.212504	0.048892	0.036565	0.002633
727.599829	0.049659	0.036774	0.002768
727.011092	0.048460	0.037152	0.002556
726.402784	0.047227	0.037319	0.002613
725.815375	0.049228	0.036336	0.002701
725.215567	0.047421	0.036938	0.002610
724.682992	0.049825	0.036391	0.002525
724.053350	0.044000	0.036532	0.002904
723.459066	0.048178	0.037256	0.002648
722.849122	0.048634	0.037518	0.002664
722.244384	0.047346	0.037091	0.002937
721.641452	0.050768	0.037666	0.002757
721.026143	0.045682	0.037781	0.002665
720.461396	0.048877	0.036967	0.002610
719.881722	0.048158	0.037452	0.002493
719.346682	0.049613	0.037675	0.002650
718.732647	0.048327	0.038410	0.002714
718.167263	0.048109	0.037564	0.002704
717.595186	0.047223	0.037957	0.002530
717.032458	0.050707	0.037854	0.002553
716.485061	0.048507	0.037955	0.002501
715.890406	0.049841	0.037914	0.002510
715.333203	0.051075	0.038146	0.002705
714.702753	0.046678	0.039543	0.002638
714.086136	0.047855	0.038499	0.002532
713.528455	0.045258	0.038679	0.002843
712.909299	0.048377	0.039576	0.002550
712.298037	0.046955	0.039655	0.002551
711.715547	0.047988	0.038741	0.002418
711.134066	0.048592	0.039896	0.002468
710.547348	0.049344	0.039770	0.002689
709.968205	0.050054	0.039879	0.002507
709.393640	0.047088	0.039756	0.002606
708.813307	0.048515	0.040171	0.002647
708.220936	0.048726	0.040687	0.002615
707.612575	0.046107	0.039969	0.002565
707.041453	0.047333	0.041343	0.002854
706.444375	0.048800	0.041245	0.002620
705.861258	0.048952	0.041118	0.002528
705.276558	0.046950	0.041779	0.002489
704.716667	0.048203	0.042093	0.002582
704.120035	0.047222	0.042301	0.002177
703.576654	0.045446	0.042846	0.002813
702.989829	0.052656	0.043839	0.002670
702.388469	0.048399	0.043763	0.002655
701.798478	0.049010	0.044804	0.002566
701.168251	0.051262	0.045194	0.002573
700.586249	0.049444	0.045506	0.002546
700.002038	0.048744	0.046378	0.002675
699.422948	0.046383	0.046803	0.002692
698.845302	0.048751	0.048268	0.002574
698.284890	0.047552	0.049171	0.002751
697.693677	0.046431	0.049711	0.002573
697.104748	0.045264	0.052426	0.002561
696.516148	0.047322	0.052396	0.002452
695.898192	0.046246	0.055277	0.002551
695.308371	0.049863	0.057103	0.002543
694.698500	0.049253	0.059666	0.002708
694.126518	0.046210	0.062665	0.002519
693.541987	0.044551	0.066394	0.002920
692.920525	0.045595	0.069833	0.002700
692.295419	0.045100	0.074575	0.002925
691.722013	0.047111	0.079244	0.002677
691.154460	0.049196	0.086021	0.002571
690.568432	0.048016	0.091166	0.002394
689.964192	0.049201	0.098755	0.002904
689.389553	0.050347	0.103147	0.002859
688.784889	0.050071	0.107083	0.002714
688.189797	0.047676	0.109026	0.002748
687.596236	0.050898	0.108386	0.002664
686.965148	0.049228	0.105186	0.002770
686.424795	0.048314	0.099655	0.002455
685.856031	0.050058	0.093936	0.002332
685.256233	0.050142	0.087546	0.002394
684.668897	0.045172	0.080855	0.002669
684.077450	0.047112	0.075072	0.002495
683.476397	0.045153	0.069834	0.002556
682.896913	0.049382	0.064893	0.002892
682.310098	0.052092	0.060666	0.002440
681.759843	0.046371	0.057628	0.002661
681.211043	0.048391	0.054706	0.002654
680.570583	0.049341	0.052048	0.002513
679.958779	0.048669	0.049127	0.002662
679.352754	0.049885	0.047430	0.002584
678.729135	0.049213	0.045404	0.002643
678.150129	0.049325	0.044104	0.002777
677.586805	0.047064	0.042738	0.002768
676.955557	0.051719	0.040654	0.002491
676.359020	0.046289	0.039856	0.002595
675.774946	0.047776	0.038143	0.002524
675.190340	0.051736	0.037635	0.002786
674.593293	0.047468	0.036415	0.002452
673.982137	0.047950	0.036095	0.002563
673.388723	0.047094	0.035007	0.002721
672.790305	0.046700	0.034672	0.002638
672.205413	0.049468	0.033570	0.002611
671.617588	0.050206	0.032676	0.002409
671.015685	0.049267	0.032334	0.002573
670.453902	0.047127	0.032275	0.002926
669.865843	0.046093	0.030807	0.002512
669.276170	0.048181	0.031142	0.002759
668.659350	0.047769	0.030300	0.002611
668.105354	0.048007	0.029799	0.002620
667.501655	0.047685	0.029476	0.002574
666.905649	0.046152	0.028544	0.002715
666.308868	0.045431	0.028411	0.002551
665.690592	0.048946	0.028232	0.002502
665.094023	0.048452	0.027350	0.002597
664.501746	0.045215	0.027750	0.002996
663.889845	0.046041	0.026915	0.002812
663.263558	0.045558	0.026718	0.002830
662.687006	0.048068	0.026364	0.002507
662.098692	0.047487	0.026202	0.002617
661.516232	0.049265	0.025394	0.002335
660.907646	0.050904	0.025742	0.002690
660.298295	0.045923	0.025563	0.003029
659.691366	0.047254	0.024338	0.002507
659.085192	0.046576	0.024910	0.002540
658.504846	0.044012	0.024221	0.002839
657.927242	0.051328	0.024404	0.002550
657.344452	0.048671	0.023973	0.002376
656.774115	0.048466	0.023639	0.002479
656.183517	0.047619	0.024113	0.002447
655.609429	0.049032	0.023582	0.002637
654.996911	0.049054	0.023065	0.002726
654.421931	0.052017	0.023268	0.003020
653.807809	0.046747	0.022567	0.002807
653.250742	0.051024	0.023055	0.002788
652.646140	0.047041	0.022890	0.002528
652.095820	0.046172	0.022574	0.002412
651.506506	0.049913	0.023250	0.002792
650.937933	0.049834	0.023151	0.002510
650.340300	0.049753	0.023347	0.002498
649.755673	0.048344	0.023240	0.002923
649.170907	0.046633	0.023968	0.002770
648.591177	0.047942	0.024258	0.002379
647.963072	0.049155	0.024974	0.002813
647.383396	0.049106	0.025518	0.002562
646.800669	0.048188	0.026371	0.002629
646.224393	0.050125	0.027214	0.002647
645.642272	0.051844	0.027903	0.002896
645.008430	0.049592	0.029198	0.003040
644.418192	0.050078	0.030722	0.002446
643.809807	0.049052	0.032256	0.002719
643.253717	0.047542	0.033569	0.002602
642.605447	0.051724	0.034897	0.002544
642.001736	0.046582	0.036504	0.002591
641.383449	0.047572	0.037850	0.002890
640.757798	0.046202	0.038590	0.002869
640.132073	0.052004	0.038775	0.002619
639.556944	0.054732	0.038128	0.002756
638.992481	0.050407	0.035392	0.002540
638.397578	0.045454	0.032969	0.002871
637.772831	0.047639	0.028401	0.002448
637.190051	0.051542	0.024937	0.002761
636.592004	0.049370	0.023203	0.002562
635.977955	0.046491	0.026244	0.002669
635.406321	0.049058	0.032041	0.002718
635.169261	0.050737	0.037941	0.002800
635.796133	0.050566	0.031486	0.002792
636.363507	0.046337	0.025919	0.002898
636.972403	0.049917	0.023147	0.002917
637.569101	0.047543	0.024994	0.002647
638.154909	0.046183	0.029052	0.002490
638.734724	0.047066	0.033328	0.002612
639.353054	0.049851	0.035935	0.002628
639.922351	0.047537	0.038320	0.002855
640.501507	0.046671	0.038659	0.002807
641.101903	0.049470	0.038526	0.002780
641.703764	0.051771	0.037960	0.002591
642.295437	0.049798	0.036654	0.002737
642.868250	0.048964	0.034528	0.002524
643.469421	0.048771	0.033855	0.002542
644.017670	0.047574	0.032200	0.002536
644.592449	0.047884	0.030862	0.002485
645.143737	0.045772	0.029834	0.002638
645.750113	0.048131	0.027701	0.002515
646.348724	0.049488	0.027360	0.002799
646.948598	0.049810	0.026504	0.002566
647.611169	0.047073	0.025486	0.002559
648.255678	0.045079	0.024366	0.002869
648.830776	0.047881	0.024318	0.002692
649.439819	0.046773	0.024086	0.002687
650.029547	0.049511	0.023561	0.002663
650.650118	0.046263	0.023521	0.002375
651.247230	0.046706	0.022942	0.002379
651.822423	0.046936	0.022828	0.002455
652.460961	0.049556	0.022529	0.002683
653.041158	0.046378	0.023387	0.002725
653.603495	0.048388	0.023039	0.002985
654.208235	0.049118	0.023086	0.002658
654.775374	0.045920	0.022668	0.002451
655.334386	0.050914	0.023113	0.002655
655.916495	0.051668	0.023811	0.002438
656.531509	0.048949	0.023072	0.002271
657.126092	0.049703	0.024127	0.002608
657.691701	0.047388	0.023918	0.002474
658.314302	0.048398	0.024355	0.002890
658.971730	0.047510	0.024838	0.002387
659.580624	0.047918	0.024705	0.002770
660.221223	0.050194	0.024613	0.002545
660.827758	0.047160	0.024806	0.002694
661.433008	0.050107	0.025487	0.003042
662.029068	0.048843	0.025958	0.002714
662.602178	0.048502	0.026401	0.002574
663.208192	0.050166	0.026272	0.002635
663.811169	0.044433	0.026810	0.002612
664.374153	0.046587	0.026750	0.002506
664.936362	0.044153	0.027453	0.002601
665.518758	0.047205	0.027987	0.002716
666.113850	0.049492	0.028131	0.002506
666.696097	0.045561	0.028097	0.002494
667.312556	0.050199	0.029530	0.002519
667.881873	0.048168	0.029762	0.002492
668.461984	0.045169	0.029541	0.002773
669.035487	0.047910	0.030375	0.002997
669.646346	0.044011	0.031267	0.002668
670.257801	0.051020	0.031083	0.002554
670.884640	0.046253	0.032166	0.002668
671.452001	0.045883	0.032230	0.002852
672.080445	0.049034	0.033566	0.002628
672.630499	0.047871	0.034019	0.002629
673.205212	0.048228	0.034269	0.002593
673.764722	0.047374	0.035207	0.002415
674.352505	0.048069	0.036157	0.002734
674.945100	0.046227	0.036235	0.002658
675.518932	0.049046	0.037826	0.002633
676.113312	0.047939	0.038703	0.002850
676.690214	0.047332	0.040247	0.002468
677.269954	0.044665	0.041126	0.002696
677.847377	0.046990	0.042385	0.002721
678.421729	0.046941	0.043662	0.002585
679.062879	0.049416	0.046174	0.002572
679.666524	0.046664	0.047489	0.002444
680.261956	0.046002	0.049060	0.002446
680.846232	0.049195	0.052163	0.002619
681.401311	0.046371	0.054376	0.002600
681.998347	0.044011	0.057828	0.002685
682.546074	0.052089	0.060345	0.002661
683.153267	0.048814	0.064919	0.002483
683.752364	0.048495	0.069148	0.002474
684.349708	0.050420	0.075262	0.002516
684.921893	0.049582	0.080363	0.002781
685.549656	0.048156	0.087265	0.002935
686.128556	0.046742	0.093643	0.002502
686.719674	0.049362	0.100013	0.002621
687.321990	0.049906	0.104783	0.002615
687.924073	0.048657	0.108490	0.002785
688.507636	0.051520	0.109250	0.002504
689.114426	0.048503	0.107829	0.002561
689.687482	0.047392	0.104488	0.002621
690.276762	0.048289	0.098260	0.002616
690.873468	0.047102	0.092602	0.002787
691.468135	0.044102	0.086092	0.002758
692.036367	0.046517	0.080765	0.002615
692.618889	0.049860	0.075482	0.002454
693.198681	0.047425	0.070771	0.002493
693.761420	0.051484	0.066550	0.002566
694.343857	0.048179	0.063878	0.002641
694.922767	0.052283	0.060776	0.002628
695.540787	0.048476	0.057856	0.002492
696.141116	0.048516	0.055257	0.002801
696.732924	0.048717	0.053536	0.002627
697.339299	0.047445	0.052222	0.002316
697.959146	0.050035	0.051075	0.002712
698.551178	0.046036	0.049834	0.002588
699.182159	0.046770	0.048046	0.002755
699.774711	0.050794	0.047188	0.002506
700.373170	0.046947	0.046777	0.002453
700.967656	0.045967	0.045639	0.002360
701.556330	0.046177	0.045249	0.002589
702.137566	0.049449	0.044266	0.002450
702.738480	0.050211	0.043625	0.002657
703.323499	0.051121	0.043742	0.002922
703.917963	0.046638	0.043200	0.003040
704.479661	0.045838	0.042562	0.002333
705.049359	0.048792	0.041916	0.002151
705.651186	0.051722	0.041744	0.002651
706.260578	0.048646	0.041552	0.002578
706.876494	0.050487	0.041440	0.002810
707.483644	0.045945	0.040849	0.002389
708.069300	0.049810	0.040340	0.002613
708.674676	0.049146	0.040029	0.002445
709.223794	0.044726	0.039855	0.002778
709.776588	0.049586	0.039712	0.002553
710.367429	0.050442	0.039565	0.002366
710.959778	0.048068	0.040190	0.002718
711.559576	0.046340	0.039194	0.002590
712.147410	0.048619	0.039250	0.002451
712.757748	0.049931	0.039620	0.002798
713.365015	0.046756	0.038372	0.002570
713.973790	0.044679	0.038170	0.002663
714.598450	0.048038	0.038096	0.003050
715.199501	0.048397	0.038543	0.002720
715.812920	0.048118	0.038754	0.002532
716.453314	0.051072	0.038690	0.002356
717.069889	0.047976	0.038248	0.002721
717.664905	0.047933	0.037964	0.002722
718.247299	0.048405	0.038197	0.002569
718.820386	0.050013	0.037722	0.002622
719.423658	0.044936	0.037726	0.002507
720.008156	0.046195	0.037486	0.002734
720.599199	0.048665	0.036556	0.002565
721.184568	0.050540	0.037218	0.002375
721.812404	0.051277	0.037758	0.002610
722.373018	0.047998	0.037962	0.003035
722.953213	0.048187	0.036963	0.002620
723.524855	0.048253	0.036812	0.002355
724.117374	0.049566	0.037354	0.002619
724.732939	0.047986	0.036081	0.002574
725.319902	0.050190	0.037061	0.002552
725.920156	0.047885	0.037374	0.002724
726.538589	0.047929	0.037358	0.002728
727.127305	0.048643	0.036994	0.002690
727.734338	0.046363	0.037149	0.002846
728.344080	0.045750	0.036637	0.002486
728.984645	0.048361	0.036087	0.002381
729.605075	0.044437	0.036009	0.002738
730.237066	0.047679	0.036151	0.002863
730.854702	0.049526	0.036610	0.002681
731.448135	0.046414	0.036087	0.002562
732.018661	0.049488	0.036646	0.002793
732.583620	0.050007	0.036114	0.002660
733.168554	0.046137	0.035324	0.002584
733.716609	0.046057	0.035286	0.002617
734.286678	0.049071	0.034899	0.002248
734.916097	0.045431	0.035293	0.002646
735.487973	0.048709	0.035422	0.002603
736.139088	0.044815	0.036463	0.002438
736.703366	0.049805	0.035449	0.002609
737.297373	0.048908	0.034357	0.002460
737.851580	0.045605	0.035026	0.002549
738.455872	0.046914	0.034944	0.002427
739.040337	0.047418	0.034438	0.002678
739.610970	0.050955	0.034428	0.002679
740.202427	0.048360	0.034469	0.002432
740.745775	0.049721	0.034110	0.002833
741.306590	0.046855	0.034919	0.002476
741.905952	0.048811	0.033687	0.002480
742.444264	0.045029	0.034582	0.002638
743.046547	0.047969	0.033236	0.002364
743.624075	0.049634	0.033830	0.002560
744.255067	0.051350	0.033689	0.002282
744.853440	0.049410	0.034139	0.002584
745.412003	0.052508	0.033431	0.002802
745.968271	0.052727	0.034139	0.002672
746.553459	0.046552	0.034334	0.002337
747.131784	0.048424	0.033020	0.002621
747.706241	0.048025	0.033499	0.002512
748.287381	0.050685	0.033443	0.002467
748.898366	0.051226	0.032512	0.002338
749.468234	0.045561	0.031868	0.003060
750.063686	0.046193	0.032837	0.002891
750.649395	0.047178	0.032239	0.002744
751.227369	0.047320	0.032615	0.002710
751.788917	0.049599	0.032160	0.002509
752.346545	0.048672	0.032614	0.002575
752.895354	0.049172	0.031717	0.002639
753.504543	0.044100	0.031724	0.002678
754.069258	0.045755	0.032501	0.002573
754.616314	0.044951	0.031452	0.002350
755.150992	0.049593	0.031354	0.002758
755.728106	0.049669	0.031286	0.002536
756.276341	0.048093	0.031141	0.002415
756.801744	0.046428	0.031153	0.002573
757.366661	0.046291	0.031010	0.002699
757.916352	0.047167	0.031064	0.002557
758.494145	0.048167	0.030459	0.002455
759.102495	0.044460	0.030919	0.002601
759.688927	0.046543	0.029576	0.002651
760.275624	0.049184	0.030694	0.002448
760.872956	0.044823	0.030657	0.002541
761.477067	0.051637	0.030846	0.002461
762.049251	0.049856	0.030636	0.002771
762.638880	0.049455	0.029885	0.002456
763.220753	0.050506	0.029287	0.002529
763.831845	0.051827	0.029399	0.002474
764.440057	0.048894	0.029956	0.002502
764.983299	0.047325	0.030745	0.002701
765.569252	0.048093	0.029068	0.002536
766.169092	0.047492	0.028821	0.002469
766.732722	0.046994	0.029128	0.002671
767.316349	0.048825	0.029418	0.002630
767.888161	0.049249	0.028388	0.002597
768.497680	0.050234	0.028149	0.002268
769.096159	0.050503	0.028924	0.002881
769.667493	0.045575	0.028391	0.003225
770.306411	0.045268	0.027312	0.002631
770.881452	0.049016	0.026501	0.002591
771.513613	0.049635	0.028127	0.002936
772.132662	0.049220	0.027427	0.002614
772.722398	0.045807	0.027614	0.002538
773.287335	0.047350	0.027898	0.002726
773.890501	0.048019	0.026373	0.002660
774.468294	0.045993	0.026798	0.002632
775.064585	0.047228	0.025896	0.002555
775.659007	0.046809	0.026993	0.002504
776.224518	0.049609	0.026766	0.002622
776.832783	0.042454	0.025924	0.002517
777.417419	0.046597	0.026898	0.002704
778.011394	0.047991	0.026625	0.002830
778.583610	0.048685	0.024896	0.002248
779.191907	0.044490	0.025295	0.002542
779.798642	0.049484	0.025087	0.002344
780.395401	0.045652	0.024912	0.002871
780.998896	0.046084	0.024305	0.002398
781.574118	0.050266	0.025098	0.002671
782.130004	0.047692	0.025224	0.002641
782.708796	0.048609	0.024766	0.002604
783.280481	0.045001	0.025077	0.002507
783.890637	0.047401	0.023742	0.002699
784.508125	0.047547	0.023591	0.002731
785.129597	0.047246	0.023822	0.002576
785.767463	0.046037	0.023833	0.002594
786.378331	0.050392	0.023648	0.002509
786.991144	0.049566	0.023724	0.002402
787.569362	0.047959	0.023136	0.002634
788.182175	0.049728	0.023231	0.002747
788.766099	0.044892	0.023705	0.002842
789.379773	0.049531	0.023567	0.002682
789.970709	0.049912	0.021463	0.002688
790.535977	0.047847	0.022469	0.002732
791.130908	0.047593	0.022178	0.002600
791.720155	0.047129	0.022717	0.002755
792.286049	0.045899	0.022409	0.002622
792.892222	0.049394	0.021399	0.002660
793.488195	0.050646	0.020818	0.002493
794.067019	0.047209	0.021101	0.002372
794.638204	0.053185	0.021293	0.002447
795.235675	0.048746	0.020063	0.002679
795.800156	0.053698	0.021611	0.002440
796.386790	0.044208	0.021273	0.002356
796.954373	0.049097	0.020794	0.002491
797.536768	0.044304	0.019756	0.002436
798.120968	0.050153	0.019565	0.002706
798.734036	0.049782	0.018293	0.002625
799.348241	0.047250	0.019402	0.002774
