800.984056	0.060100	0.019027	0.002569
802.280581	0.062551	0.018687	0.002478
803.606855	0.061079	0.019084	0.002525
804.843861	0.060989	0.018287	0.002770
806.031280	0.060499	0.017313	0.002489
807.282725	0.061424	0.017122	0.002693
808.430153	0.059551	0.017172	0.002523
809.759987	0.057248	0.015564	0.002431
810.924851	0.061584	0.015983	0.002565
812.061952	0.061177	0.017325	0.002697
813.245824	0.056892	0.017382	0.002692
814.515713	0.064721	0.016460	0.002787
815.751614	0.062427	0.016035	0.002711
816.904664	0.062630	0.016466	0.002767
818.150605	0.061184	0.015769	0.002745
819.445165	0.061358	0.016216	0.002486
820.722344	0.060459	0.014273	0.002997
821.920283	0.060213	0.015062	0.002985
823.174225	0.062052	0.016742	0.002642
824.388782	0.063387	0.015932	0.002585
825.617289	0.059582	0.014589	0.002662
826.797910	0.059446	0.014853	0.002493
828.095849	0.059515	0.015897	0.002752
829.386639	0.061925	0.015530	0.003004
830.601068	0.061226	0.015751	0.002706
831.778067	0.058977	0.014603	0.002693
832.915934	0.062377	0.013954	0.002781
834.077431	0.061800	0.015309	0.002287
835.288174	0.061326	0.016259	0.002576
836.535753	0.057305	0.014833	0.002433
837.738400	0.059748	0.013304	0.002633
838.958207	0.062727	0.015344	0.002764
840.123317	0.060545	0.015137	0.002539
841.381149	0.059557	0.015388	0.002405
842.603155	0.058538	0.014790	0.002572
843.824938	0.061747	0.013870	0.002847
845.075726	0.060807	0.015027	0.002284
846.384759	0.061923	0.016153	0.002943
847.579024	0.063848	0.015893	0.002744
848.767085	0.059283	0.014942	0.002731
849.957429	0.060710	0.015181	0.002742
851.166665	0.062047	0.016005	0.002615
852.483710	0.063757	0.015033	0.002695
853.782024	0.058733	0.014489	0.002450
854.991016	0.060418	0.016776	0.002703
856.359485	0.058303	0.015565	0.002453
857.601212	0.061745	0.014252	0.003121
858.786627	0.059096	0.016236	0.002483
860.037428	0.060669	0.013770	0.002450
861.243530	0.062563	0.016227	0.002918
862.532994	0.057822	0.015464	0.002740
863.727357	0.060043	0.016009	0.002469
864.950480	0.062260	0.015348	0.002586
866.185047	0.058538	0.015603	0.002342
867.398077	0.059792	0.015082	0.002766
868.594830	0.058703	0.014755	0.002569
869.787089	0.061095	0.015450	0.002692
870.999674	0.059254	0.017257	0.002605
872.236770	0.058709	0.016346	0.002757
873.495657	0.058808	0.016156	0.002666
874.683763	0.057398	0.016795	0.002636
875.905018	0.059529	0.016380	0.002400
877.184836	0.056607	0.018154	0.002746
878.408057	0.058385	0.016973	0.002548
879.631331	0.062978	0.017807	0.002828
880.802863	0.063723	0.016185	0.002899
882.080121	0.061012	0.018497	0.002421
883.255648	0.058994	0.015241	0.002553
884.509373	0.060574	0.016189	0.002547
885.674403	0.060990	0.017765	0.002868
886.895255	0.061138	0.016464	0.002594
888.099034	0.060757	0.017525	0.002698
889.352685	0.058638	0.018120	0.002839
890.612925	0.060167	0.017019	0.002420
891.814749	0.058620	0.017671	0.002909
893.141510	0.060161	0.016042	0.002817
894.316018	0.059139	0.017256	0.002597
895.586989	0.057418	0.017364	0.002706
896.801500	0.062291	0.018118	0.002626
898.117371	0.063346	0.016834	0.002722
899.333285	0.065384	0.018301	0.002515
900.557295	0.058041	0.018291	0.002639
901.765878	0.060913	0.017514	0.002688
902.993808	0.059605	0.019967	0.002781
904.189217	0.059594	0.017205	0.002866
905.424458	0.058762	0.018169	0.002743
906.589108	0.059411	0.016212	0.002459
907.807541	0.056624	0.016240	0.002625
909.095375	0.059270	0.017893	0.002751
910.359793	0.061963	0.017136	0.002899
911.602493	0.063079	0.020531	0.002450
912.872925	0.062788	0.017904	0.002696
914.157945	0.062461	0.019612	0.002628
915.448861	0.062394	0.017471	0.002606
916.603706	0.061251	0.018131	0.003015
917.899734	0.062644	0.020107	0.002424
919.092849	0.059935	0.017064	0.003008
920.302976	0.059315	0.017317	0.002480
921.570009	0.059141	0.017904	0.002812
922.861681	0.060415	0.019191	0.002735
924.098678	0.062228	0.021360	0.002705
925.411548	0.057764	0.019472	0.003072
926.814983	0.059670	0.018419	0.002920
928.268505	0.061512	0.018833	0.002674
929.682747	0.061228	0.019149	0.002953
931.103619	0.061205	0.018449	0.002646
932.561880	0.056216	0.018268	0.002699
934.035622	0.059639	0.019277	0.002513
935.352838	0.060688	0.020030	0.002772
936.729565	0.060379	0.020884	0.002815
938.114484	0.060575	0.020907	0.002675
939.399168	0.060643	0.020632	0.002883
940.602349	0.061919	0.019646	0.002886
941.835047	0.058652	0.021916	0.002559
943.126531	0.060314	0.022825	0.002498
944.373211	0.057596	0.020202	0.002804
945.603115	0.061799	0.021114	0.002658
946.762193	0.061867	0.019963	0.002994
947.975215	0.060707	0.021945	0.002415
949.357798	0.061827	0.019466	0.002705
950.573944	0.057761	0.019520	0.002911
951.789484	0.057811	0.021218	0.002755
953.032404	0.058725	0.020344	0.002299
954.311131	0.060698	0.020655	0.002686
955.481505	0.061061	0.018523	0.002585
956.666510	0.059358	0.021525	0.002863
957.922181	0.062480	0.020399	0.003011
959.109333	0.061980	0.019114	0.002795
960.425726	0.061609	0.020303	0.002557
961.657704	0.061167	0.020774	0.002634
962.932364	0.062035	0.020187	0.002829
964.186092	0.057238	0.018687	0.002849
964.748787	0.065745	0.020986	0.002763
963.536878	0.058210	0.018663	0.002580
962.397771	0.062515	0.018725	0.002992
961.224219	0.062196	0.020605	0.002632
959.961949	0.063116	0.020563	0.002647
958.757904	0.061585	0.019604	0.002866
957.556451	0.062308	0.018957	0.002900
956.384068	0.061793	0.019296	0.003073
955.235974	0.058516	0.020043	0.002592
954.110341	0.060800	0.020866	0.002845
952.920906	0.055133	0.018484	0.003075
951.843543	0.059894	0.020645	0.002709
950.759135	0.055071	0.020738	0.002668
949.647985	0.062121	0.019728	0.002935
948.437875	0.059995	0.017585	0.002914
947.180686	0.058818	0.019445	0.002718
945.930085	0.060732	0.019602	0.002965
944.705759	0.061282	0.020765	0.002543
943.463244	0.058694	0.020659	0.002673
942.296283	0.059651	0.022083	0.002889
941.106648	0.060004	0.020095	0.002750
939.838071	0.059098	0.018296	0.002798
938.710720	0.061933	0.021597	0.002672
937.511916	0.062148	0.020575	0.002604
936.307514	0.061029	0.020158	0.002677
935.143890	0.061766	0.017864	0.002915
933.941082	0.058783	0.018517	0.003123
932.787403	0.063446	0.018035	0.002747
931.603709	0.060590	0.019359	0.002732
930.454706	0.059613	0.019502	0.003003
929.211120	0.062682	0.020574	0.002539
928.007718	0.062887	0.017680	0.002635
926.798292	0.061239	0.019779	0.002476
925.578623	0.061473	0.017582	0.002612
924.355268	0.062282	0.018506	0.002607
923.237471	0.060741	0.019331	0.002673
921.956583	0.059862	0.019252	0.002341
920.771435	0.058672	0.018581	0.002668
919.600377	0.057243	0.018260	0.002212
918.445818	0.062380	0.018473	0.002880
917.370819	0.060556	0.018909	0.002953
916.194395	0.056060	0.018587	0.002552
914.953681	0.061108	0.017940	0.002753
913.645796	0.062334	0.019753	0.002725
912.460629	0.058821	0.018423	0.002915
911.209566	0.060364	0.018449	0.002990
909.891514	0.061497	0.017293	0.002667
908.658217	0.063521	0.017924	0.002444
907.320255	0.063219	0.018210	0.002599
906.168822	0.059853	0.019289	0.002569
904.928693	0.061744	0.019151	0.003025
903.645035	0.059508	0.018253	0.002768
902.398596	0.060939	0.018290	0.002892
901.165023	0.060070	0.016684	0.002570
899.841289	0.061692	0.017175	0.002788
898.486711	0.058605	0.019377	0.002652
897.194639	0.060919	0.015522	0.002526
895.989754	0.061005	0.019520	0.002567
894.800424	0.061521	0.018342	0.002886
893.658045	0.058747	0.016233	0.002923
892.526982	0.059345	0.016390	0.002445
891.388800	0.058691	0.017801	0.002989
890.273314	0.059108	0.016889	0.002544
889.084218	0.057622	0.017988	0.003048
887.705523	0.061020	0.016682	0.002652
886.344392	0.064263	0.019246	0.002784
885.099857	0.061675	0.016801	0.002711
883.961718	0.057899	0.017059	0.002481
882.766833	0.062604	0.017178	0.002667
881.631808	0.061971	0.017648	0.002770
880.497411	0.062488	0.016684	0.002623
879.229459	0.059504	0.016469	0.002807
877.933799	0.059091	0.016849	0.002775
876.621287	0.063018	0.016806	0.002635
875.414631	0.060442	0.016408	0.002634
874.102014	0.059292	0.017426	0.002773
872.915311	0.060496	0.015291	0.002775
871.798742	0.060136	0.015823	0.002747
870.642830	0.060554	0.015466	0.002647
869.499742	0.061517	0.016079	0.002462
868.252543	0.059907	0.014998	0.002478
866.991478	0.060324	0.016196	0.002684
865.680285	0.059293	0.015590	0.002646
864.476658	0.061404	0.015709	0.002504
863.206817	0.060432	0.016377	0.002604
861.913252	0.062038	0.015760	0.002473
860.720388	0.061131	0.015334	0.002700
859.575707	0.057630	0.014926	0.002526
858.443362	0.061636	0.015217	0.002376
857.279101	0.059832	0.015948	0.002439
855.985260	0.061882	0.014997	0.002969
854.773835	0.052770	0.014602	0.002522
853.508341	0.058482	0.014070	0.002512
852.228822	0.058723	0.014929	0.002640
850.994013	0.059907	0.014211	0.002818
849.758141	0.061746	0.015916	0.002749
848.424999	0.059675	0.014349	0.002952
847.057009	0.062094	0.014678	0.002713
845.817270	0.062061	0.013410	0.002725
844.606686	0.059107	0.014360	0.002857
843.409467	0.058610	0.014783	0.002995
842.141233	0.060479	0.013874	0.002606
840.862045	0.062072	0.013816	0.002768
839.521414	0.060975	0.014350	0.002720
838.124939	0.061446	0.015377	0.002820
836.875809	0.061761	0.015771	0.002903
835.577242	0.061029	0.014815	0.002970
834.294654	0.060377	0.012795	0.002655
833.039394	0.058473	0.014912	0.002541
831.750591	0.060856	0.014618	0.002710
830.603724	0.061370	0.014150	0.002481
829.362287	0.063136	0.015033	0.002748
828.225631	0.060640	0.015588	0.002848
826.957345	0.062520	0.016165	0.002674
825.754826	0.061521	0.013596	0.002638
824.600469	0.060382	0.016163	0.002368
823.325617	0.060746	0.014733	0.002646
822.114833	0.061537	0.016030	0.002655
820.837803	0.060336	0.016272	0.002513
819.605843	0.062182	0.016607	0.002567
818.305142	0.058485	0.015983	0.002640
817.117052	0.063079	0.015779	0.002598
815.984285	0.057538	0.015822	0.002719
814.792636	0.063211	0.017162	0.002718
813.522864	0.064526	0.015746	0.002724
812.334073	0.060070	0.016708	0.002610
811.147896	0.059360	0.015434	0.002641
809.937155	0.061243	0.016507	0.002706
808.634817	0.061510	0.016133	0.002502
807.451095	0.058809	0.017501	0.002451
806.308660	0.059780	0.017738	0.002599
805.013495	0.059030	0.017440	0.002662
803.855506	0.060805	0.018831	0.002602
802.621847	0.060983	0.018609	0.003028
801.418522	0.062667	0.018793	0.002876
800.192822	0.061516	0.018443	0.002703
799.058930	0.061729	0.018987	0.002510
797.893907	0.060063	0.018925	0.002466
796.740774	0.058827	0.018716	0.002664
795.564829	0.064582	0.019173	0.002618
794.445408	0.063142	0.019342	0.002496
793.327984	0.059405	0.020189	0.002478
792.113971	0.059903	0.020344	0.003005
790.915343	0.064164	0.020514	0.002709
789.657301	0.061219	0.020246	0.002748
788.330146	0.061812	0.021582	0.002846
786.974750	0.061003	0.021043	0.002841
785.759462	0.063288	0.020708	0.002389
784.413055	0.062626	0.022911	0.002624
783.106299	0.062531	0.021296	0.002881
781.788557	0.063053	0.023199	0.002722
780.436933	0.057821	0.022536	0.002637
779.136106	0.061250	0.022320	0.002534
777.749909	0.060870	0.022689	0.002552
776.513054	0.060755	0.023088	0.002656
775.327430	0.060188	0.024196	0.002519
774.130492	0.062047	0.024269	0.002676
772.896452	0.062905	0.023168	0.002807
771.625948	0.063740	0.024066	0.002368
770.406432	0.059191	0.024289	0.002680
769.215964	0.060676	0.024263	0.002558
768.067644	0.060587	0.024687	0.002723
766.786707	0.063981	0.024274	0.002704
765.478782	0.059885	0.025907	0.002743
764.173929	0.061752	0.025746	0.002798
763.014060	0.060532	0.025994	0.002640
761.754128	0.060024	0.026027	0.003055
760.539223	0.062738	0.026694	0.002566
759.271864	0.062237	0.027013	0.002384
757.953910	0.064485	0.026172	0.002724
756.658438	0.060331	0.026569	0.002649
755.429445	0.062526	0.027062	0.002481
754.153257	0.055472	0.027208	0.002391
752.868771	0.059522	0.027592	0.002702
751.637727	0.061564	0.027520	0.002953
750.476902	0.060591	0.027645	0.002619
749.272070	0.060220	0.027695	0.002534
748.028616	0.064049	0.028520	0.002738
746.836087	0.061467	0.028393	0.002664
745.586248	0.059120	0.028165	0.002733
744.118868	0.061375	0.027878	0.002620
742.873917	0.060855	0.028166	0.002772
741.574142	0.060106	0.028121	0.002541
740.370297	0.061730	0.028500	0.002593
739.136480	0.060539	0.029030	0.002896
737.944440	0.058849	0.028907	0.002677
736.750753	0.061142	0.029142	0.002610
735.575478	0.061992	0.028972	0.002574
734.412496	0.064186	0.030174	0.002853
733.239920	0.063240	0.029835	0.002815
732.028787	0.063765	0.029403	0.002698
730.897360	0.063128	0.029928	0.002399
729.640562	0.061212	0.030069	0.002477
728.320313	0.062457	0.030181	0.002781
727.062452	0.061828	0.030336	0.002560
725.819625	0.062143	0.030073	0.002843
724.703583	0.058535	0.029990	0.002918
723.487201	0.061854	0.030715	0.002690
722.199293	0.060655	0.030642	0.002653
720.917303	0.062292	0.030124	0.002682
719.457062	0.061460	0.031183	0.002584
718.256394	0.061268	0.031086	0.003040
717.061718	0.062837	0.031361	0.002529
715.940257	0.058506	0.031041	0.002496
714.801786	0.060770	0.031419	0.002419
713.572771	0.063268	0.031216	0.002714
712.367310	0.060689	0.031235	0.002228
711.039613	0.059455	0.031988	0.002396
709.860342	0.063148	0.032414	0.002446
708.606284	0.062311	0.032305	0.002504
707.305244	0.060942	0.033702	0.002869
705.940115	0.063106	0.033627	0.002730
704.655415	0.060791	0.034055	0.002658
703.311344	0.060752	0.035395	0.002664
702.041593	0.063428	0.036001	0.002380
700.703897	0.059257	0.036845	0.002587
699.422501	0.059265	0.038161	0.002559
698.274988	0.061028	0.039867	0.002754
697.010379	0.062133	0.042390	0.002780
695.803983	0.061348	0.046167	0.002677
694.560241	0.061073	0.050324	0.002773
693.250615	0.059457	0.057376	0.002685
691.908200	0.060150	0.067975	0.002486
690.690669	0.058414	0.079118	0.002756
689.509836	0.061844	0.090221	0.002902
688.303047	0.064026	0.097461	0.002653
687.146491	0.061480	0.096361	0.002622
685.924051	0.061205	0.085629	0.002652
684.751557	0.061581	0.073387	0.002777
683.487723	0.062742	0.061055	0.002724
682.148241	0.059848	0.051043	0.002689
680.822199	0.059657	0.043593	0.002512
679.653573	0.061685	0.038668	0.002698
678.343425	0.062829	0.034636	0.002825
677.094645	0.061790	0.031443	0.002522
675.864799	0.059560	0.029171	0.002582
674.636929	0.059135	0.026785	0.002756
673.247786	0.059231	0.024980	0.002552
671.956698	0.064029	0.023292	0.002772
670.726331	0.060079	0.022310	0.002691
669.400766	0.061058	0.020835	0.003043
668.138769	0.060651	0.020115	0.002459
666.960186	0.062523	0.019182	0.002383
665.784154	0.060363	0.018020	0.002592
664.566408	0.058748	0.017481	0.002845
663.317447	0.060110	0.016304	0.002538
662.070844	0.061818	0.016230	0.002647
660.797456	0.062421	0.014156	0.002754
659.584173	0.061381	0.014038	0.002631
658.315577	0.063534	0.013524	0.002530
657.032658	0.057999	0.012952	0.002714
655.910046	0.062121	0.012741	0.002663
654.763103	0.061425	0.012441	0.002577
653.468019	0.059233	0.011827	0.002420
652.231296	0.061148	0.011395	0.002812
650.916205	0.058257	0.011590	0.002511
649.702527	0.062675	0.011608	0.002688
648.589849	0.063925	0.012442	0.002488
647.412369	0.062355	0.012929	0.002379
646.277803	0.058619	0.014834	0.002552
645.150504	0.060439	0.016026	0.002791
644.038835	0.058636	0.018884	0.002912
642.898488	0.059730	0.021719	0.002543
641.767152	0.062142	0.023610	0.002670
640.623575	0.059532	0.025762	0.002910
639.475228	0.062179	0.025406	0.002593
638.335402	0.061598	0.020681	0.002940
637.227142	0.057938	0.013423	0.002634
636.098727	0.061545	0.011570	0.002485
635.048361	0.055878	0.022601	0.002418
636.137497	0.061859	0.016281	0.002896
637.248636	0.062987	0.010288	0.002678
638.316001	0.065288	0.016346	0.002682
639.433441	0.060512	0.022959	0.002623
640.541616	0.062795	0.026187	0.002715
641.687232	0.060790	0.025194	0.002740
642.846448	0.064138	0.023097	0.002624
644.077413	0.058988	0.020575	0.002668
645.266134	0.059981	0.017642	0.002446
646.368985	0.060785	0.015518	0.002601
647.537178	0.064364	0.013616	0.002781
648.687118	0.059982	0.012926	0.002624
649.879706	0.061814	0.011919	0.002699
650.991088	0.061926	0.011678	0.002755
652.246309	0.063409	0.011412	0.002725
653.409136	0.060021	0.011577	0.002708
654.632461	0.065505	0.011698	0.002660
655.811533	0.062550	0.011963	0.002586
656.956234	0.058732	0.012771	0.002618
658.168307	0.059798	0.013095	0.002424
659.417226	0.060119	0.013596	0.002637
660.546606	0.059555	0.014387	0.002646
661.709581	0.059555	0.015319	0.002638
662.914439	0.061865	0.016341	0.002949
664.092725	0.059232	0.016129	0.002713
665.258600	0.061303	0.017294	0.002778
666.470821	0.060996	0.018158	0.002383
667.716530	0.059493	0.019255	0.002714
668.943912	0.062398	0.019755	0.002666
670.097611	0.058321	0.020928	0.002618
671.288433	0.060182	0.022307	0.002758
672.408824	0.062389	0.023270	0.002599
673.687576	0.060726	0.025269	0.002839
674.964405	0.059907	0.026649	0.002714
676.191244	0.058708	0.028919	0.002513
677.450882	0.056938	0.030982	0.002638
678.656100	0.058636	0.033980	0.002553
679.817937	0.059013	0.037178	0.002687
681.005475	0.062043	0.042044	0.002735
682.104594	0.063026	0.046923	0.002710
683.330211	0.059960	0.054730	0.002711
684.563202	0.061289	0.065745	0.002703
685.825931	0.059835	0.078924	0.002726
686.962704	0.062267	0.090322	0.002713
688.209400	0.063167	0.098219	0.002540
689.375391	0.063135	0.096202	0.002789
690.492125	0.063257	0.087711	0.002518
691.684815	0.059426	0.075654	0.002430
692.897247	0.059662	0.065458	0.002760
694.182138	0.057629	0.056170	0.002553
695.386218	0.057761	0.049863	0.002425
696.514491	0.062176	0.046908	0.002620
697.653961	0.060565	0.043040	0.002661
698.850986	0.061817	0.040807	0.002799
699.967678	0.064144	0.038372	0.002838
701.189086	0.061187	0.037688	0.002879
702.406574	0.061471	0.036212	0.002729
703.571650	0.059227	0.034961	0.002334
704.878588	0.063266	0.034889	0.002570
706.185206	0.060893	0.033851	0.002372
707.446914	0.060337	0.033964	0.002757
708.800600	0.059384	0.032396	0.002732
710.045797	0.059327	0.032718	0.002646
711.247921	0.055863	0.031977	0.002765
712.547038	0.064275	0.032317	0.002660
713.811306	0.061745	0.031845	0.002558
715.001775	0.061777	0.031209	0.002743
716.208797	0.059858	0.030590	0.002534
717.423554	0.057750	0.031292	0.002596
718.791328	0.060988	0.030770	0.002725
720.034909	0.060671	0.031221	0.002691
721.327386	0.058626	0.029979	0.002568
722.619724	0.063049	0.030625	0.002494
723.902872	0.058574	0.030161	0.002730
725.048472	0.061033	0.030945	0.002603
726.239163	0.061576	0.030092	0.002497
727.351423	0.059546	0.030771	0.002681
728.576358	0.060085	0.030585	0.002589
729.853471	0.057818	0.030255	0.002840
731.133930	0.060845	0.030015	0.002653
732.272199	0.058974	0.030057	0.002498
733.343118	0.060167	0.029604	0.002459
734.496113	0.062315	0.029729	0.002413
735.631991	0.061941	0.029366	0.002655
736.735113	0.058873	0.029884	0.002757
737.867602	0.060779	0.029233	0.002504
738.946765	0.063110	0.029666	0.002732
740.017259	0.062600	0.028703	0.002733
741.156888	0.060950	0.029146	0.002707
742.279634	0.061848	0.028909	0.002737
743.443073	0.061625	0.028672	0.002403
744.548309	0.059602	0.028564	0.002531
745.709878	0.060612	0.029577	0.002738
746.818981	0.057369	0.028509	0.002421
747.882441	0.060339	0.028385	0.002799
748.957674	0.061733	0.028007	0.002530
750.069678	0.063343	0.028472	0.002670
751.140458	0.060616	0.027927	0.002824
752.274275	0.061877	0.028321	0.002623
753.432550	0.062200	0.028531	0.002420
754.557485	0.059603	0.027100	0.002626
755.743448	0.062739	0.027102	0.002458
756.894445	0.061103	0.026901	0.002535
758.076562	0.060036	0.026887	0.002641
759.270366	0.058735	0.026512	0.002629
760.368547	0.065712	0.026496	0.002779
761.625409	0.060717	0.026270	0.002484
762.793597	0.058693	0.025476	0.002665
764.049354	0.060483	0.026734	0.002753
765.175117	0.061276	0.025879	0.002732
766.351029	0.061469	0.025836	0.002893
767.525465	0.061222	0.025919	0.002936
768.703937	0.063527	0.025037	0.002719
769.878766	0.058888	0.025876	0.002485
771.101097	0.059698	0.024905	0.002649
772.290046	0.060435	0.025283	0.002566
773.487962	0.059025	0.023497	0.002879
774.706192	0.060757	0.023210	0.002634
775.871926	0.061198	0.024313	0.002716
777.070915	0.061450	0.023355	0.002550
778.364656	0.062654	0.022698	0.002493
779.737710	0.059526	0.022944	0.002648
781.063951	0.060105	0.022386	0.002826
782.285401	0.060296	0.022855	0.002813
783.564894	0.060552	0.021961	0.002703
784.819992	0.059893	0.021474	0.002733
786.067707	0.059816	0.022069	0.003040
787.278723	0.058799	0.020975	0.003126
788.518894	0.059464	0.020947	0.002612
789.681643	0.061859	0.019265	0.002670
790.857205	0.062346	0.019948	0.002741
792.138769	0.059009	0.020403	0.002666
793.280354	0.063766	0.019896	0.002463
794.423744	0.064885	0.020616	0.002394
795.676474	0.059036	0.019001	0.002694
796.966549	0.060292	0.018691	0.002701
798.144013	0.061798	0.018963	0.002224
